time_step,method,task_id,position,urgency,duration
0,Greedy,T1,"(61, 63)",8,30.0
0,Greedy,T2,"(14, 53)",4,21.0
0,Greedy,T3,"(21, 34)",1,19.0
0,Greedy,T4,"(56, 98)",2,11.0
0,Greedy,T5,"(34, 92)",8,25.0
0,Greedy,T6,"(53, 34)",10,19.0
0,Greedy,T7,"(32, 42)",7,12.0
0,Greedy,T8,"(10, 1)",9,11.0
0,Greedy,T9,"(79, 1)",4,12.0
0,Greedy,T10,"(43, 51)",8,12.0
0,Auction,T1,"(61, 63)",8,30.0
0,Auction,T2,"(14, 53)",4,21.0
0,Auction,T3,"(21, 34)",1,19.0
0,Auction,T4,"(56, 98)",2,11.0
0,Auction,T5,"(34, 92)",8,25.0
0,Auction,T6,"(53, 34)",10,19.0
0,Auction,T7,"(32, 42)",7,12.0
0,Auction,T8,"(10, 1)",9,11.0
0,Auction,T9,"(79, 1)",4,12.0
0,Auction,T10,"(43, 51)",8,12.0
0,Q-Learning,T1,"(61, 63)",8,30.0
0,Q-Learning,T2,"(14, 53)",4,21.0
0,Q-Learning,T3,"(21, 34)",1,19.0
0,Q-Learning,T4,"(56, 98)",2,11.0
0,Q-Learning,T5,"(34, 92)",8,25.0
0,Q-Learning,T6,"(53, 34)",10,19.0
0,Q-Learning,T7,"(32, 42)",7,12.0
0,Q-Learning,T8,"(10, 1)",9,11.0
0,Q-Learning,T9,"(79, 1)",4,12.0
0,Q-Learning,T10,"(43, 51)",8,12.0
1,Greedy,T3,"(21, 34)",2,19.0
1,Auction,T3,"(21, 34)",2,19.0
1,Q-Learning,T2,"(14, 53)",5,21.0
1,Q-Learning,T5,"(34, 92)",9,25.0
1,Q-Learning,T8,"(10, 1)",10,11.0
1,Q-Learning,T9,"(79, 1)",5,12.0
1,Q-Learning,E1,"(75, 55)",9,13.0
2,Greedy,T3,"(21, 34)",3,19.0
2,Auction,T3,"(21, 34)",3,19.0
2,Q-Learning,T2,"(14, 53)",6,21.0
2,Q-Learning,T5,"(34, 92)",10,25.0
2,Q-Learning,T9,"(79, 1)",6,12.0
2,Q-Learning,E1,"(75, 55)",10,13.0
3,Greedy,T3,"(21, 34)",4,19.0
3,Auction,T3,"(21, 34)",4,19.0
3,Q-Learning,T2,"(14, 53)",7,21.0
3,Q-Learning,T9,"(79, 1)",7,12.0
4,Greedy,T3,"(21, 34)",5,19.0
4,Auction,T3,"(21, 34)",5,19.0
4,Q-Learning,T2,"(14, 53)",8,21.0
5,Greedy,T3,"(21, 34)",6,19.0
5,Greedy,E2,"(39, 16)",10,27.0
5,Auction,T3,"(21, 34)",6,19.0
5,Auction,E2,"(39, 16)",10,27.0
5,Q-Learning,T2,"(14, 53)",9,21.0
5,Q-Learning,E2,"(39, 16)",10,27.0
6,Greedy,T3,"(21, 34)",7,19.0
6,Greedy,E2,"(39, 16)",11,27.0
6,Greedy,E3,"(68, 55)",4,17.0
6,Auction,T3,"(21, 34)",7,19.0
6,Auction,E2,"(39, 16)",11,27.0
6,Auction,E3,"(68, 55)",4,17.0
6,Q-Learning,T2,"(14, 53)",10,21.0
6,Q-Learning,E2,"(39, 16)",11,27.0
6,Q-Learning,E3,"(68, 55)",4,17.0
7,Greedy,T3,"(21, 34)",8,19.0
7,Greedy,E2,"(39, 16)",12,27.0
7,Greedy,E3,"(68, 55)",5,17.0
7,Auction,T3,"(21, 34)",8,19.0
7,Auction,E2,"(39, 16)",12,27.0
7,Auction,E3,"(68, 55)",5,17.0
7,Q-Learning,T2,"(14, 53)",11,21.0
7,Q-Learning,E2,"(39, 16)",12,27.0
7,Q-Learning,E3,"(68, 55)",5,17.0
8,Greedy,T3,"(21, 34)",9,19.0
8,Greedy,E2,"(39, 16)",13,27.0
8,Greedy,E3,"(68, 55)",6,17.0
8,Auction,T3,"(21, 34)",9,19.0
8,Auction,E2,"(39, 16)",13,27.0
8,Auction,E3,"(68, 55)",6,17.0
8,Q-Learning,T2,"(14, 53)",12,21.0
8,Q-Learning,E2,"(39, 16)",13,27.0
8,Q-Learning,E3,"(68, 55)",6,17.0
9,Greedy,T3,"(21, 34)",10,19.0
9,Greedy,E2,"(39, 16)",14,27.0
9,Greedy,E3,"(68, 55)",7,17.0
9,Greedy,E4,"(2, 38)",5,11.0
9,Auction,T3,"(21, 34)",10,19.0
9,Auction,E2,"(39, 16)",14,27.0
9,Auction,E3,"(68, 55)",7,17.0
9,Auction,E4,"(2, 38)",5,11.0
9,Q-Learning,T2,"(14, 53)",13,21.0
9,Q-Learning,E2,"(39, 16)",14,27.0
9,Q-Learning,E3,"(68, 55)",7,17.0
9,Q-Learning,E4,"(2, 38)",5,11.0
10,Greedy,T3,"(21, 34)",11,19.0
10,Greedy,E2,"(39, 16)",15,27.0
10,Greedy,E3,"(68, 55)",8,17.0
10,Greedy,E4,"(2, 38)",6,11.0
10,Greedy,E5,"(31, 88)",9,24.0
10,Auction,T3,"(21, 34)",11,19.0
10,Auction,E2,"(39, 16)",15,27.0
10,Auction,E3,"(68, 55)",8,17.0
10,Auction,E4,"(2, 38)",6,11.0
10,Auction,E5,"(31, 88)",9,24.0
10,Q-Learning,T2,"(14, 53)",14,21.0
10,Q-Learning,E2,"(39, 16)",15,27.0
10,Q-Learning,E3,"(68, 55)",8,17.0
10,Q-Learning,E4,"(2, 38)",6,11.0
10,Q-Learning,E5,"(31, 88)",9,24.0
11,Greedy,T3,"(21, 34)",12,19.0
11,Greedy,E2,"(39, 16)",16,27.0
11,Greedy,E3,"(68, 55)",9,17.0
11,Greedy,E4,"(2, 38)",7,11.0
11,Greedy,E5,"(31, 88)",10,24.0
11,Greedy,E6,"(45, 24)",1,15.0
11,Auction,T3,"(21, 34)",12,19.0
11,Auction,E2,"(39, 16)",16,27.0
11,Auction,E3,"(68, 55)",9,17.0
11,Auction,E4,"(2, 38)",7,11.0
11,Auction,E5,"(31, 88)",10,24.0
11,Auction,E6,"(45, 24)",1,15.0
11,Q-Learning,T2,"(14, 53)",15,21.0
11,Q-Learning,E2,"(39, 16)",16,27.0
11,Q-Learning,E3,"(68, 55)",9,17.0
11,Q-Learning,E4,"(2, 38)",7,11.0
11,Q-Learning,E5,"(31, 88)",10,24.0
11,Q-Learning,E6,"(45, 24)",1,15.0
12,Greedy,T3,"(21, 34)",13,19.0
12,Greedy,E2,"(39, 16)",17,27.0
12,Greedy,E3,"(68, 55)",10,17.0
12,Greedy,E4,"(2, 38)",8,11.0
12,Greedy,E5,"(31, 88)",11,24.0
12,Greedy,E6,"(45, 24)",2,15.0
12,Auction,T3,"(21, 34)",13,19.0
12,Auction,E2,"(39, 16)",17,27.0
12,Auction,E3,"(68, 55)",10,17.0
12,Auction,E4,"(2, 38)",8,11.0
12,Auction,E5,"(31, 88)",11,24.0
12,Auction,E6,"(45, 24)",2,15.0
12,Q-Learning,T2,"(14, 53)",16,21.0
12,Q-Learning,E2,"(39, 16)",17,27.0
12,Q-Learning,E3,"(68, 55)",10,17.0
12,Q-Learning,E4,"(2, 38)",8,11.0
12,Q-Learning,E5,"(31, 88)",11,24.0
12,Q-Learning,E6,"(45, 24)",2,15.0
13,Greedy,T3,"(21, 34)",14,19.0
13,Greedy,E2,"(39, 16)",18,27.0
13,Greedy,E3,"(68, 55)",11,17.0
13,Greedy,E4,"(2, 38)",9,11.0
13,Greedy,E5,"(31, 88)",12,24.0
13,Greedy,E6,"(45, 24)",3,15.0
13,Greedy,E7,"(56, 63)",7,27.0
13,Auction,T3,"(21, 34)",14,19.0
13,Auction,E2,"(39, 16)",18,27.0
13,Auction,E3,"(68, 55)",11,17.0
13,Auction,E4,"(2, 38)",9,11.0
13,Auction,E5,"(31, 88)",12,24.0
13,Auction,E6,"(45, 24)",3,15.0
13,Auction,E7,"(56, 63)",7,27.0
13,Q-Learning,T2,"(14, 53)",17,21.0
13,Q-Learning,E2,"(39, 16)",18,27.0
13,Q-Learning,E3,"(68, 55)",11,17.0
13,Q-Learning,E4,"(2, 38)",9,11.0
13,Q-Learning,E5,"(31, 88)",12,24.0
13,Q-Learning,E6,"(45, 24)",3,15.0
13,Q-Learning,E7,"(56, 63)",7,27.0
14,Greedy,T3,"(21, 34)",15,19.0
14,Greedy,E2,"(39, 16)",19,27.0
14,Greedy,E3,"(68, 55)",12,17.0
14,Greedy,E4,"(2, 38)",10,11.0
14,Greedy,E5,"(31, 88)",13,24.0
14,Greedy,E6,"(45, 24)",4,15.0
14,Greedy,E7,"(56, 63)",8,27.0
14,Greedy,E8,"(66, 29)",1,24.0
14,Auction,T3,"(21, 34)",15,19.0
14,Auction,E2,"(39, 16)",19,27.0
14,Auction,E3,"(68, 55)",12,17.0
14,Auction,E4,"(2, 38)",10,11.0
14,Auction,E5,"(31, 88)",13,24.0
14,Auction,E6,"(45, 24)",4,15.0
14,Auction,E7,"(56, 63)",8,27.0
14,Auction,E8,"(66, 29)",1,24.0
14,Q-Learning,T2,"(14, 53)",18,21.0
14,Q-Learning,E2,"(39, 16)",19,27.0
14,Q-Learning,E3,"(68, 55)",12,17.0
14,Q-Learning,E4,"(2, 38)",10,11.0
14,Q-Learning,E5,"(31, 88)",13,24.0
14,Q-Learning,E6,"(45, 24)",4,15.0
14,Q-Learning,E7,"(56, 63)",8,27.0
14,Q-Learning,E8,"(66, 29)",1,24.0
15,Greedy,T3,"(21, 34)",16,19.0
15,Greedy,E3,"(68, 55)",13,17.0
15,Greedy,E4,"(2, 38)",11,11.0
15,Greedy,E5,"(31, 88)",14,24.0
15,Greedy,E6,"(45, 24)",5,15.0
15,Greedy,E7,"(56, 63)",9,27.0
15,Greedy,E8,"(66, 29)",2,24.0
15,Auction,T3,"(21, 34)",16,19.0
15,Auction,E4,"(2, 38)",11,11.0
15,Auction,E5,"(31, 88)",14,24.0
15,Auction,E6,"(45, 24)",5,15.0
15,Auction,E7,"(56, 63)",9,27.0
15,Auction,E8,"(66, 29)",2,24.0
15,Q-Learning,T2,"(14, 53)",19,21.0
15,Q-Learning,E3,"(68, 55)",13,17.0
15,Q-Learning,E4,"(2, 38)",11,11.0
15,Q-Learning,E5,"(31, 88)",14,24.0
15,Q-Learning,E6,"(45, 24)",5,15.0
15,Q-Learning,E7,"(56, 63)",9,27.0
15,Q-Learning,E8,"(66, 29)",2,24.0
16,Greedy,E4,"(2, 38)",12,11.0
16,Greedy,E6,"(45, 24)",6,15.0
16,Greedy,E7,"(56, 63)",10,27.0
16,Greedy,E8,"(66, 29)",3,24.0
16,Greedy,E9,"(87, 59)",10,15.0
16,Auction,E4,"(2, 38)",12,11.0
16,Auction,E5,"(31, 88)",15,24.0
16,Auction,E6,"(45, 24)",6,15.0
16,Auction,E7,"(56, 63)",10,27.0
16,Auction,E8,"(66, 29)",3,24.0
16,Auction,E9,"(87, 59)",10,15.0
16,Q-Learning,T2,"(14, 53)",20,21.0
16,Q-Learning,E3,"(68, 55)",14,17.0
16,Q-Learning,E4,"(2, 38)",12,11.0
16,Q-Learning,E5,"(31, 88)",15,24.0
16,Q-Learning,E6,"(45, 24)",6,15.0
16,Q-Learning,E7,"(56, 63)",10,27.0
16,Q-Learning,E8,"(66, 29)",3,24.0
16,Q-Learning,E9,"(87, 59)",10,15.0
17,Greedy,E4,"(2, 38)",13,11.0
17,Greedy,E6,"(45, 24)",7,15.0
17,Greedy,E7,"(56, 63)",11,27.0
17,Greedy,E8,"(66, 29)",4,24.0
17,Greedy,E9,"(87, 59)",11,15.0
17,Greedy,E10,"(7, 21)",2,21.0
17,Auction,E5,"(31, 88)",16,24.0
17,Auction,E6,"(45, 24)",7,15.0
17,Auction,E7,"(56, 63)",11,27.0
17,Auction,E8,"(66, 29)",4,24.0
17,Auction,E9,"(87, 59)",11,15.0
17,Auction,E10,"(7, 21)",2,21.0
17,Q-Learning,E3,"(68, 55)",15,17.0
17,Q-Learning,E4,"(2, 38)",13,11.0
17,Q-Learning,E5,"(31, 88)",16,24.0
17,Q-Learning,E6,"(45, 24)",7,15.0
17,Q-Learning,E7,"(56, 63)",11,27.0
17,Q-Learning,E8,"(66, 29)",4,24.0
17,Q-Learning,E9,"(87, 59)",11,15.0
17,Q-Learning,E10,"(7, 21)",2,21.0
18,Greedy,E4,"(2, 38)",14,11.0
18,Greedy,E6,"(45, 24)",8,15.0
18,Greedy,E7,"(56, 63)",12,27.0
18,Greedy,E8,"(66, 29)",5,24.0
18,Greedy,E9,"(87, 59)",12,15.0
18,Greedy,E10,"(7, 21)",3,21.0
18,Greedy,E11,"(36, 8)",4,12.0
18,Auction,E5,"(31, 88)",17,24.0
18,Auction,E6,"(45, 24)",8,15.0
18,Auction,E7,"(56, 63)",12,27.0
18,Auction,E8,"(66, 29)",5,24.0
18,Auction,E9,"(87, 59)",12,15.0
18,Auction,E10,"(7, 21)",3,21.0
18,Auction,E11,"(36, 8)",4,12.0
18,Q-Learning,E3,"(68, 55)",16,17.0
18,Q-Learning,E4,"(2, 38)",14,11.0
18,Q-Learning,E6,"(45, 24)",8,15.0
18,Q-Learning,E7,"(56, 63)",12,27.0
18,Q-Learning,E8,"(66, 29)",5,24.0
18,Q-Learning,E9,"(87, 59)",12,15.0
18,Q-Learning,E10,"(7, 21)",3,21.0
18,Q-Learning,E11,"(36, 8)",4,12.0
19,Greedy,E4,"(2, 38)",15,11.0
19,Greedy,E6,"(45, 24)",9,15.0
19,Greedy,E7,"(56, 63)",13,27.0
19,Greedy,E8,"(66, 29)",6,24.0
19,Greedy,E9,"(87, 59)",13,15.0
19,Greedy,E10,"(7, 21)",4,21.0
19,Greedy,E11,"(36, 8)",5,12.0
19,Greedy,E12,"(7, 56)",10,17.0
19,Auction,E5,"(31, 88)",18,24.0
19,Auction,E6,"(45, 24)",9,15.0
19,Auction,E7,"(56, 63)",13,27.0
19,Auction,E8,"(66, 29)",6,24.0
19,Auction,E9,"(87, 59)",13,15.0
19,Auction,E10,"(7, 21)",4,21.0
19,Auction,E11,"(36, 8)",5,12.0
19,Auction,E12,"(7, 56)",10,17.0
19,Q-Learning,E4,"(2, 38)",15,11.0
19,Q-Learning,E6,"(45, 24)",9,15.0
19,Q-Learning,E7,"(56, 63)",13,27.0
19,Q-Learning,E8,"(66, 29)",6,24.0
19,Q-Learning,E9,"(87, 59)",13,15.0
19,Q-Learning,E10,"(7, 21)",4,21.0
19,Q-Learning,E11,"(36, 8)",5,12.0
19,Q-Learning,E12,"(7, 56)",10,17.0
20,Greedy,E4,"(2, 38)",16,11.0
20,Greedy,E6,"(45, 24)",10,15.0
20,Greedy,E7,"(56, 63)",14,27.0
20,Greedy,E8,"(66, 29)",7,24.0
20,Greedy,E9,"(87, 59)",14,15.0
20,Greedy,E10,"(7, 21)",5,21.0
20,Greedy,E11,"(36, 8)",6,12.0
20,Greedy,E12,"(7, 56)",11,17.0
20,Greedy,E13,"(6, 42)",1,23.0
20,Auction,E5,"(31, 88)",19,24.0
20,Auction,E6,"(45, 24)",10,15.0
20,Auction,E7,"(56, 63)",14,27.0
20,Auction,E8,"(66, 29)",7,24.0
20,Auction,E10,"(7, 21)",5,21.0
20,Auction,E11,"(36, 8)",6,12.0
20,Auction,E12,"(7, 56)",11,17.0
20,Auction,E13,"(6, 42)",1,23.0
20,Q-Learning,E4,"(2, 38)",16,11.0
20,Q-Learning,E6,"(45, 24)",10,15.0
20,Q-Learning,E7,"(56, 63)",14,27.0
20,Q-Learning,E8,"(66, 29)",7,24.0
20,Q-Learning,E9,"(87, 59)",14,15.0
20,Q-Learning,E10,"(7, 21)",5,21.0
20,Q-Learning,E11,"(36, 8)",6,12.0
20,Q-Learning,E12,"(7, 56)",11,17.0
20,Q-Learning,E13,"(6, 42)",1,23.0
21,Greedy,E6,"(45, 24)",11,15.0
21,Greedy,E7,"(56, 63)",15,27.0
21,Greedy,E8,"(66, 29)",8,24.0
21,Greedy,E9,"(87, 59)",15,15.0
21,Greedy,E10,"(7, 21)",6,21.0
21,Greedy,E11,"(36, 8)",7,12.0
21,Greedy,E12,"(7, 56)",12,17.0
21,Greedy,E13,"(6, 42)",2,23.0
21,Greedy,E14,"(28, 17)",8,16.0
21,Auction,E6,"(45, 24)",11,15.0
21,Auction,E7,"(56, 63)",15,27.0
21,Auction,E8,"(66, 29)",8,24.0
21,Auction,E10,"(7, 21)",6,21.0
21,Auction,E11,"(36, 8)",7,12.0
21,Auction,E12,"(7, 56)",12,17.0
21,Auction,E13,"(6, 42)",2,23.0
21,Auction,E14,"(28, 17)",8,16.0
21,Q-Learning,E6,"(45, 24)",11,15.0
21,Q-Learning,E7,"(56, 63)",15,27.0
21,Q-Learning,E8,"(66, 29)",8,24.0
21,Q-Learning,E9,"(87, 59)",15,15.0
21,Q-Learning,E11,"(36, 8)",7,12.0
21,Q-Learning,E12,"(7, 56)",12,17.0
21,Q-Learning,E13,"(6, 42)",2,23.0
21,Q-Learning,E14,"(28, 17)",8,16.0
22,Greedy,E6,"(45, 24)",12,15.0
22,Greedy,E8,"(66, 29)",9,24.0
22,Greedy,E9,"(87, 59)",16,15.0
22,Greedy,E10,"(7, 21)",7,21.0
22,Greedy,E11,"(36, 8)",8,12.0
22,Greedy,E12,"(7, 56)",13,17.0
22,Greedy,E13,"(6, 42)",3,23.0
22,Greedy,E14,"(28, 17)",9,16.0
22,Auction,E6,"(45, 24)",12,15.0
22,Auction,E7,"(56, 63)",16,27.0
22,Auction,E8,"(66, 29)",9,24.0
22,Auction,E10,"(7, 21)",7,21.0
22,Auction,E11,"(36, 8)",8,12.0
22,Auction,E12,"(7, 56)",13,17.0
22,Auction,E13,"(6, 42)",3,23.0
22,Auction,E14,"(28, 17)",9,16.0
22,Q-Learning,E6,"(45, 24)",12,15.0
22,Q-Learning,E8,"(66, 29)",9,24.0
22,Q-Learning,E9,"(87, 59)",16,15.0
22,Q-Learning,E11,"(36, 8)",8,12.0
22,Q-Learning,E12,"(7, 56)",13,17.0
22,Q-Learning,E13,"(6, 42)",3,23.0
22,Q-Learning,E14,"(28, 17)",9,16.0
23,Greedy,E6,"(45, 24)",13,15.0
23,Greedy,E8,"(66, 29)",10,24.0
23,Greedy,E10,"(7, 21)",8,21.0
23,Greedy,E11,"(36, 8)",9,12.0
23,Greedy,E12,"(7, 56)",14,17.0
23,Greedy,E13,"(6, 42)",4,23.0
23,Greedy,E14,"(28, 17)",10,16.0
23,Greedy,E15,"(93, 58)",2,16.0
23,Auction,E7,"(56, 63)",17,27.0
23,Auction,E8,"(66, 29)",10,24.0
23,Auction,E10,"(7, 21)",8,21.0
23,Auction,E11,"(36, 8)",9,12.0
23,Auction,E12,"(7, 56)",14,17.0
23,Auction,E13,"(6, 42)",4,23.0
23,Auction,E14,"(28, 17)",10,16.0
23,Auction,E15,"(93, 58)",2,16.0
23,Q-Learning,E8,"(66, 29)",10,24.0
23,Q-Learning,E9,"(87, 59)",17,15.0
23,Q-Learning,E11,"(36, 8)",9,12.0
23,Q-Learning,E12,"(7, 56)",14,17.0
23,Q-Learning,E13,"(6, 42)",4,23.0
23,Q-Learning,E14,"(28, 17)",10,16.0
23,Q-Learning,E15,"(93, 58)",2,16.0
24,Greedy,E6,"(45, 24)",14,15.0
24,Greedy,E8,"(66, 29)",11,24.0
24,Greedy,E10,"(7, 21)",9,21.0
24,Greedy,E11,"(36, 8)",10,12.0
24,Greedy,E12,"(7, 56)",15,17.0
24,Greedy,E13,"(6, 42)",5,23.0
24,Greedy,E14,"(28, 17)",11,16.0
24,Greedy,E15,"(93, 58)",3,16.0
24,Auction,E7,"(56, 63)",18,27.0
24,Auction,E8,"(66, 29)",11,24.0
24,Auction,E10,"(7, 21)",9,21.0
24,Auction,E11,"(36, 8)",10,12.0
24,Auction,E12,"(7, 56)",15,17.0
24,Auction,E13,"(6, 42)",5,23.0
24,Auction,E14,"(28, 17)",11,16.0
24,Auction,E15,"(93, 58)",3,16.0
24,Q-Learning,E8,"(66, 29)",11,24.0
24,Q-Learning,E9,"(87, 59)",18,15.0
24,Q-Learning,E11,"(36, 8)",10,12.0
24,Q-Learning,E12,"(7, 56)",15,17.0
24,Q-Learning,E13,"(6, 42)",5,23.0
24,Q-Learning,E14,"(28, 17)",11,16.0
24,Q-Learning,E15,"(93, 58)",3,16.0
25,Greedy,E6,"(45, 24)",15,15.0
25,Greedy,E8,"(66, 29)",12,24.0
25,Greedy,E10,"(7, 21)",10,21.0
25,Greedy,E11,"(36, 8)",11,12.0
25,Greedy,E12,"(7, 56)",16,17.0
25,Greedy,E13,"(6, 42)",6,23.0
25,Greedy,E14,"(28, 17)",12,16.0
25,Greedy,E15,"(93, 58)",4,16.0
25,Auction,E7,"(56, 63)",19,27.0
25,Auction,E8,"(66, 29)",12,24.0
25,Auction,E10,"(7, 21)",10,21.0
25,Auction,E11,"(36, 8)",11,12.0
25,Auction,E13,"(6, 42)",6,23.0
25,Auction,E14,"(28, 17)",12,16.0
25,Auction,E15,"(93, 58)",4,16.0
25,Q-Learning,E8,"(66, 29)",12,24.0
25,Q-Learning,E9,"(87, 59)",19,15.0
25,Q-Learning,E11,"(36, 8)",11,12.0
25,Q-Learning,E12,"(7, 56)",16,17.0
25,Q-Learning,E13,"(6, 42)",6,23.0
25,Q-Learning,E14,"(28, 17)",12,16.0
25,Q-Learning,E15,"(93, 58)",4,16.0
26,Greedy,E6,"(45, 24)",16,15.0
26,Greedy,E8,"(66, 29)",13,24.0
26,Greedy,E10,"(7, 21)",11,21.0
26,Greedy,E11,"(36, 8)",12,12.0
26,Greedy,E12,"(7, 56)",17,17.0
26,Greedy,E13,"(6, 42)",7,23.0
26,Greedy,E14,"(28, 17)",13,16.0
26,Greedy,E15,"(93, 58)",5,16.0
26,Auction,E7,"(56, 63)",20,27.0
26,Auction,E8,"(66, 29)",13,24.0
26,Auction,E10,"(7, 21)",11,21.0
26,Auction,E11,"(36, 8)",12,12.0
26,Auction,E13,"(6, 42)",7,23.0
26,Auction,E14,"(28, 17)",13,16.0
26,Auction,E15,"(93, 58)",5,16.0
26,Q-Learning,E8,"(66, 29)",13,24.0
26,Q-Learning,E9,"(87, 59)",20,15.0
26,Q-Learning,E11,"(36, 8)",12,12.0
26,Q-Learning,E12,"(7, 56)",17,17.0
26,Q-Learning,E13,"(6, 42)",7,23.0
26,Q-Learning,E14,"(28, 17)",13,16.0
26,Q-Learning,E15,"(93, 58)",5,16.0
27,Greedy,E6,"(45, 24)",17,15.0
27,Greedy,E8,"(66, 29)",14,24.0
27,Greedy,E10,"(7, 21)",12,21.0
27,Greedy,E11,"(36, 8)",13,12.0
27,Greedy,E12,"(7, 56)",18,17.0
27,Greedy,E13,"(6, 42)",8,23.0
27,Greedy,E14,"(28, 17)",14,16.0
27,Greedy,E15,"(93, 58)",6,16.0
27,Greedy,E16,"(48, 64)",6,15.0
27,Auction,E7,"(56, 63)",21,27.0
27,Auction,E8,"(66, 29)",14,24.0
27,Auction,E10,"(7, 21)",12,21.0
27,Auction,E11,"(36, 8)",13,12.0
27,Auction,E13,"(6, 42)",8,23.0
27,Auction,E14,"(28, 17)",14,16.0
27,Auction,E15,"(93, 58)",6,16.0
27,Auction,E16,"(48, 64)",6,15.0
27,Q-Learning,E8,"(66, 29)",14,24.0
27,Q-Learning,E9,"(87, 59)",21,15.0
27,Q-Learning,E11,"(36, 8)",13,12.0
27,Q-Learning,E12,"(7, 56)",18,17.0
27,Q-Learning,E13,"(6, 42)",8,23.0
27,Q-Learning,E14,"(28, 17)",14,16.0
27,Q-Learning,E15,"(93, 58)",6,16.0
27,Q-Learning,E16,"(48, 64)",6,15.0
28,Greedy,E6,"(45, 24)",18,15.0
28,Greedy,E8,"(66, 29)",15,24.0
28,Greedy,E10,"(7, 21)",13,21.0
28,Greedy,E11,"(36, 8)",14,12.0
28,Greedy,E12,"(7, 56)",19,17.0
28,Greedy,E13,"(6, 42)",9,23.0
28,Greedy,E14,"(28, 17)",15,16.0
28,Greedy,E15,"(93, 58)",7,16.0
28,Greedy,E16,"(48, 64)",7,15.0
28,Auction,E7,"(56, 63)",22,27.0
28,Auction,E8,"(66, 29)",15,24.0
28,Auction,E10,"(7, 21)",13,21.0
28,Auction,E11,"(36, 8)",14,12.0
28,Auction,E13,"(6, 42)",9,23.0
28,Auction,E14,"(28, 17)",15,16.0
28,Auction,E15,"(93, 58)",7,16.0
28,Auction,E16,"(48, 64)",7,15.0
28,Q-Learning,E8,"(66, 29)",15,24.0
28,Q-Learning,E9,"(87, 59)",22,15.0
28,Q-Learning,E11,"(36, 8)",14,12.0
28,Q-Learning,E12,"(7, 56)",19,17.0
28,Q-Learning,E13,"(6, 42)",9,23.0
28,Q-Learning,E14,"(28, 17)",15,16.0
28,Q-Learning,E15,"(93, 58)",7,16.0
28,Q-Learning,E16,"(48, 64)",7,15.0
29,Greedy,E6,"(45, 24)",19,15.0
29,Greedy,E8,"(66, 29)",16,24.0
29,Greedy,E10,"(7, 21)",14,21.0
29,Greedy,E11,"(36, 8)",15,12.0
29,Greedy,E12,"(7, 56)",20,17.0
29,Greedy,E13,"(6, 42)",10,23.0
29,Greedy,E14,"(28, 17)",16,16.0
29,Greedy,E15,"(93, 58)",8,16.0
29,Greedy,E16,"(48, 64)",8,15.0
29,Greedy,E17,"(7, 51)",7,20.0
29,Auction,E7,"(56, 63)",23,27.0
29,Auction,E8,"(66, 29)",16,24.0
29,Auction,E10,"(7, 21)",14,21.0
29,Auction,E11,"(36, 8)",15,12.0
29,Auction,E13,"(6, 42)",10,23.0
29,Auction,E14,"(28, 17)",16,16.0
29,Auction,E15,"(93, 58)",8,16.0
29,Auction,E16,"(48, 64)",8,15.0
29,Auction,E17,"(7, 51)",7,20.0
29,Q-Learning,E8,"(66, 29)",16,24.0
29,Q-Learning,E9,"(87, 59)",23,15.0
29,Q-Learning,E11,"(36, 8)",15,12.0
29,Q-Learning,E12,"(7, 56)",20,17.0
29,Q-Learning,E13,"(6, 42)",10,23.0
29,Q-Learning,E14,"(28, 17)",16,16.0
29,Q-Learning,E15,"(93, 58)",8,16.0
29,Q-Learning,E16,"(48, 64)",8,15.0
29,Q-Learning,E17,"(7, 51)",7,20.0
30,Greedy,E6,"(45, 24)",20,15.0
30,Greedy,E8,"(66, 29)",17,24.0
30,Greedy,E10,"(7, 21)",15,21.0
30,Greedy,E11,"(36, 8)",16,12.0
30,Greedy,E12,"(7, 56)",21,17.0
30,Greedy,E13,"(6, 42)",11,23.0
30,Greedy,E14,"(28, 17)",17,16.0
30,Greedy,E15,"(93, 58)",9,16.0
30,Greedy,E16,"(48, 64)",9,15.0
30,Greedy,E17,"(7, 51)",8,20.0
30,Greedy,E18,"(97, 95)",5,17.0
30,Auction,E7,"(56, 63)",24,27.0
30,Auction,E8,"(66, 29)",17,24.0
30,Auction,E10,"(7, 21)",15,21.0
30,Auction,E11,"(36, 8)",16,12.0
30,Auction,E13,"(6, 42)",11,23.0
30,Auction,E14,"(28, 17)",17,16.0
30,Auction,E15,"(93, 58)",9,16.0
30,Auction,E16,"(48, 64)",9,15.0
30,Auction,E17,"(7, 51)",8,20.0
30,Auction,E18,"(97, 95)",5,17.0
30,Q-Learning,E8,"(66, 29)",17,24.0
30,Q-Learning,E9,"(87, 59)",24,15.0
30,Q-Learning,E11,"(36, 8)",16,12.0
30,Q-Learning,E12,"(7, 56)",21,17.0
30,Q-Learning,E13,"(6, 42)",11,23.0
30,Q-Learning,E14,"(28, 17)",17,16.0
30,Q-Learning,E15,"(93, 58)",9,16.0
30,Q-Learning,E16,"(48, 64)",9,15.0
30,Q-Learning,E17,"(7, 51)",8,20.0
30,Q-Learning,E18,"(97, 95)",5,17.0
31,Greedy,E6,"(45, 24)",21,15.0
31,Greedy,E8,"(66, 29)",18,24.0
31,Greedy,E10,"(7, 21)",16,21.0
31,Greedy,E11,"(36, 8)",17,12.0
31,Greedy,E13,"(6, 42)",12,23.0
31,Greedy,E14,"(28, 17)",18,16.0
31,Greedy,E15,"(93, 58)",10,16.0
31,Greedy,E16,"(48, 64)",10,15.0
31,Greedy,E17,"(7, 51)",9,20.0
31,Greedy,E18,"(97, 95)",6,17.0
31,Greedy,E19,"(76, 4)",7,25.0
31,Auction,E7,"(56, 63)",25,27.0
31,Auction,E8,"(66, 29)",18,24.0
31,Auction,E10,"(7, 21)",16,21.0
31,Auction,E11,"(36, 8)",17,12.0
31,Auction,E13,"(6, 42)",12,23.0
31,Auction,E14,"(28, 17)",18,16.0
31,Auction,E15,"(93, 58)",10,16.0
31,Auction,E16,"(48, 64)",10,15.0
31,Auction,E17,"(7, 51)",9,20.0
31,Auction,E18,"(97, 95)",6,17.0
31,Auction,E19,"(76, 4)",7,25.0
31,Q-Learning,E8,"(66, 29)",18,24.0
31,Q-Learning,E9,"(87, 59)",25,15.0
31,Q-Learning,E11,"(36, 8)",17,12.0
31,Q-Learning,E12,"(7, 56)",22,17.0
31,Q-Learning,E13,"(6, 42)",12,23.0
31,Q-Learning,E14,"(28, 17)",18,16.0
31,Q-Learning,E15,"(93, 58)",10,16.0
31,Q-Learning,E16,"(48, 64)",10,15.0
31,Q-Learning,E17,"(7, 51)",9,20.0
31,Q-Learning,E18,"(97, 95)",6,17.0
31,Q-Learning,E19,"(76, 4)",7,25.0
32,Greedy,E6,"(45, 24)",22,15.0
32,Greedy,E8,"(66, 29)",19,24.0
32,Greedy,E10,"(7, 21)",17,21.0
32,Greedy,E11,"(36, 8)",18,12.0
32,Greedy,E13,"(6, 42)",13,23.0
32,Greedy,E14,"(28, 17)",19,16.0
32,Greedy,E15,"(93, 58)",11,16.0
32,Greedy,E16,"(48, 64)",11,15.0
32,Greedy,E17,"(7, 51)",10,20.0
32,Greedy,E18,"(97, 95)",7,17.0
32,Greedy,E19,"(76, 4)",8,25.0
32,Greedy,E20,"(65, 80)",5,12.0
32,Auction,E7,"(56, 63)",26,27.0
32,Auction,E8,"(66, 29)",19,24.0
32,Auction,E10,"(7, 21)",17,21.0
32,Auction,E11,"(36, 8)",18,12.0
32,Auction,E13,"(6, 42)",13,23.0
32,Auction,E14,"(28, 17)",19,16.0
32,Auction,E15,"(93, 58)",11,16.0
32,Auction,E16,"(48, 64)",11,15.0
32,Auction,E17,"(7, 51)",10,20.0
32,Auction,E18,"(97, 95)",7,17.0
32,Auction,E19,"(76, 4)",8,25.0
32,Auction,E20,"(65, 80)",5,12.0
32,Q-Learning,E8,"(66, 29)",19,24.0
32,Q-Learning,E9,"(87, 59)",26,15.0
32,Q-Learning,E11,"(36, 8)",18,12.0
32,Q-Learning,E12,"(7, 56)",23,17.0
32,Q-Learning,E13,"(6, 42)",13,23.0
32,Q-Learning,E14,"(28, 17)",19,16.0
32,Q-Learning,E15,"(93, 58)",11,16.0
32,Q-Learning,E16,"(48, 64)",11,15.0
32,Q-Learning,E17,"(7, 51)",10,20.0
32,Q-Learning,E18,"(97, 95)",7,17.0
32,Q-Learning,E19,"(76, 4)",8,25.0
32,Q-Learning,E20,"(65, 80)",5,12.0
33,Greedy,E8,"(66, 29)",20,24.0
33,Greedy,E10,"(7, 21)",18,21.0
33,Greedy,E11,"(36, 8)",19,12.0
33,Greedy,E13,"(6, 42)",14,23.0
33,Greedy,E14,"(28, 17)",20,16.0
33,Greedy,E15,"(93, 58)",12,16.0
33,Greedy,E16,"(48, 64)",12,15.0
33,Greedy,E17,"(7, 51)",11,20.0
33,Greedy,E18,"(97, 95)",8,17.0
33,Greedy,E19,"(76, 4)",9,25.0
33,Greedy,E20,"(65, 80)",6,12.0
33,Greedy,E21,"(35, 95)",2,18.0
33,Auction,E8,"(66, 29)",20,24.0
33,Auction,E10,"(7, 21)",18,21.0
33,Auction,E11,"(36, 8)",19,12.0
33,Auction,E13,"(6, 42)",14,23.0
33,Auction,E14,"(28, 17)",20,16.0
33,Auction,E15,"(93, 58)",12,16.0
33,Auction,E16,"(48, 64)",12,15.0
33,Auction,E17,"(7, 51)",11,20.0
33,Auction,E18,"(97, 95)",8,17.0
33,Auction,E19,"(76, 4)",9,25.0
33,Auction,E20,"(65, 80)",6,12.0
33,Auction,E21,"(35, 95)",2,18.0
33,Q-Learning,E8,"(66, 29)",20,24.0
33,Q-Learning,E9,"(87, 59)",27,15.0
33,Q-Learning,E11,"(36, 8)",19,12.0
33,Q-Learning,E12,"(7, 56)",24,17.0
33,Q-Learning,E13,"(6, 42)",14,23.0
33,Q-Learning,E14,"(28, 17)",20,16.0
33,Q-Learning,E15,"(93, 58)",12,16.0
33,Q-Learning,E17,"(7, 51)",11,20.0
33,Q-Learning,E18,"(97, 95)",8,17.0
33,Q-Learning,E19,"(76, 4)",9,25.0
33,Q-Learning,E20,"(65, 80)",6,12.0
33,Q-Learning,E21,"(35, 95)",2,18.0
34,Greedy,E8,"(66, 29)",21,24.0
34,Greedy,E10,"(7, 21)",19,21.0
34,Greedy,E11,"(36, 8)",20,12.0
34,Greedy,E13,"(6, 42)",15,23.0
34,Greedy,E14,"(28, 17)",21,16.0
34,Greedy,E15,"(93, 58)",13,16.0
34,Greedy,E16,"(48, 64)",13,15.0
34,Greedy,E17,"(7, 51)",12,20.0
34,Greedy,E18,"(97, 95)",9,17.0
34,Greedy,E19,"(76, 4)",10,25.0
34,Greedy,E20,"(65, 80)",7,12.0
34,Greedy,E21,"(35, 95)",3,18.0
34,Greedy,E22,"(32, 73)",5,16.0
34,Auction,E8,"(66, 29)",21,24.0
34,Auction,E10,"(7, 21)",19,21.0
34,Auction,E11,"(36, 8)",20,12.0
34,Auction,E13,"(6, 42)",15,23.0
34,Auction,E14,"(28, 17)",21,16.0
34,Auction,E15,"(93, 58)",13,16.0
34,Auction,E16,"(48, 64)",13,15.0
34,Auction,E17,"(7, 51)",12,20.0
34,Auction,E18,"(97, 95)",9,17.0
34,Auction,E19,"(76, 4)",10,25.0
34,Auction,E20,"(65, 80)",7,12.0
34,Auction,E21,"(35, 95)",3,18.0
34,Auction,E22,"(32, 73)",5,16.0
34,Q-Learning,E8,"(66, 29)",21,24.0
34,Q-Learning,E11,"(36, 8)",20,12.0
34,Q-Learning,E12,"(7, 56)",25,17.0
34,Q-Learning,E13,"(6, 42)",15,23.0
34,Q-Learning,E14,"(28, 17)",21,16.0
34,Q-Learning,E15,"(93, 58)",13,16.0
34,Q-Learning,E17,"(7, 51)",12,20.0
34,Q-Learning,E18,"(97, 95)",9,17.0
34,Q-Learning,E19,"(76, 4)",10,25.0
34,Q-Learning,E20,"(65, 80)",7,12.0
34,Q-Learning,E21,"(35, 95)",3,18.0
34,Q-Learning,E22,"(32, 73)",5,16.0
35,Greedy,E8,"(66, 29)",22,24.0
35,Greedy,E10,"(7, 21)",20,21.0
35,Greedy,E11,"(36, 8)",21,12.0
35,Greedy,E13,"(6, 42)",16,23.0
35,Greedy,E14,"(28, 17)",22,16.0
35,Greedy,E15,"(93, 58)",14,16.0
35,Greedy,E16,"(48, 64)",14,15.0
35,Greedy,E17,"(7, 51)",13,20.0
35,Greedy,E18,"(97, 95)",10,17.0
35,Greedy,E19,"(76, 4)",11,25.0
35,Greedy,E20,"(65, 80)",8,12.0
35,Greedy,E21,"(35, 95)",4,18.0
35,Greedy,E22,"(32, 73)",6,16.0
35,Auction,E8,"(66, 29)",22,24.0
35,Auction,E10,"(7, 21)",20,21.0
35,Auction,E11,"(36, 8)",21,12.0
35,Auction,E13,"(6, 42)",16,23.0
35,Auction,E14,"(28, 17)",22,16.0
35,Auction,E15,"(93, 58)",14,16.0
35,Auction,E16,"(48, 64)",14,15.0
35,Auction,E17,"(7, 51)",13,20.0
35,Auction,E18,"(97, 95)",10,17.0
35,Auction,E19,"(76, 4)",11,25.0
35,Auction,E20,"(65, 80)",8,12.0
35,Auction,E22,"(32, 73)",6,16.0
35,Q-Learning,E8,"(66, 29)",22,24.0
35,Q-Learning,E11,"(36, 8)",21,12.0
35,Q-Learning,E12,"(7, 56)",26,17.0
35,Q-Learning,E13,"(6, 42)",16,23.0
35,Q-Learning,E14,"(28, 17)",22,16.0
35,Q-Learning,E15,"(93, 58)",14,16.0
35,Q-Learning,E17,"(7, 51)",13,20.0
35,Q-Learning,E18,"(97, 95)",10,17.0
35,Q-Learning,E19,"(76, 4)",11,25.0
35,Q-Learning,E20,"(65, 80)",8,12.0
35,Q-Learning,E21,"(35, 95)",4,18.0
35,Q-Learning,E22,"(32, 73)",6,16.0
36,Greedy,E10,"(7, 21)",21,21.0
36,Greedy,E11,"(36, 8)",22,12.0
36,Greedy,E13,"(6, 42)",17,23.0
36,Greedy,E14,"(28, 17)",23,16.0
36,Greedy,E15,"(93, 58)",15,16.0
36,Greedy,E16,"(48, 64)",15,15.0
36,Greedy,E17,"(7, 51)",14,20.0
36,Greedy,E18,"(97, 95)",11,17.0
36,Greedy,E19,"(76, 4)",12,25.0
36,Greedy,E20,"(65, 80)",9,12.0
36,Greedy,E21,"(35, 95)",5,18.0
36,Greedy,E22,"(32, 73)",7,16.0
36,Greedy,E23,"(50, 24)",2,21.0
36,Auction,E8,"(66, 29)",23,24.0
36,Auction,E10,"(7, 21)",21,21.0
36,Auction,E11,"(36, 8)",22,12.0
36,Auction,E13,"(6, 42)",17,23.0
36,Auction,E14,"(28, 17)",23,16.0
36,Auction,E15,"(93, 58)",15,16.0
36,Auction,E16,"(48, 64)",15,15.0
36,Auction,E17,"(7, 51)",14,20.0
36,Auction,E18,"(97, 95)",11,17.0
36,Auction,E19,"(76, 4)",12,25.0
36,Auction,E20,"(65, 80)",9,12.0
36,Auction,E22,"(32, 73)",7,16.0
36,Auction,E23,"(50, 24)",2,21.0
36,Q-Learning,E8,"(66, 29)",23,24.0
36,Q-Learning,E11,"(36, 8)",22,12.0
36,Q-Learning,E12,"(7, 56)",27,17.0
36,Q-Learning,E13,"(6, 42)",17,23.0
36,Q-Learning,E14,"(28, 17)",23,16.0
36,Q-Learning,E15,"(93, 58)",15,16.0
36,Q-Learning,E17,"(7, 51)",14,20.0
36,Q-Learning,E18,"(97, 95)",11,17.0
36,Q-Learning,E19,"(76, 4)",12,25.0
36,Q-Learning,E20,"(65, 80)",9,12.0
36,Q-Learning,E21,"(35, 95)",5,18.0
36,Q-Learning,E22,"(32, 73)",7,16.0
36,Q-Learning,E23,"(50, 24)",2,21.0
37,Greedy,E10,"(7, 21)",22,21.0
37,Greedy,E11,"(36, 8)",23,12.0
37,Greedy,E13,"(6, 42)",18,23.0
37,Greedy,E14,"(28, 17)",24,16.0
37,Greedy,E15,"(93, 58)",16,16.0
37,Greedy,E16,"(48, 64)",16,15.0
37,Greedy,E17,"(7, 51)",15,20.0
37,Greedy,E18,"(97, 95)",12,17.0
37,Greedy,E19,"(76, 4)",13,25.0
37,Greedy,E20,"(65, 80)",10,12.0
37,Greedy,E21,"(35, 95)",6,18.0
37,Greedy,E22,"(32, 73)",8,16.0
37,Greedy,E23,"(50, 24)",3,21.0
37,Greedy,E24,"(46, 14)",1,11.0
37,Auction,E8,"(66, 29)",24,24.0
37,Auction,E10,"(7, 21)",22,21.0
37,Auction,E11,"(36, 8)",23,12.0
37,Auction,E13,"(6, 42)",18,23.0
37,Auction,E14,"(28, 17)",24,16.0
37,Auction,E16,"(48, 64)",16,15.0
37,Auction,E17,"(7, 51)",15,20.0
37,Auction,E18,"(97, 95)",12,17.0
37,Auction,E19,"(76, 4)",13,25.0
37,Auction,E20,"(65, 80)",10,12.0
37,Auction,E22,"(32, 73)",8,16.0
37,Auction,E23,"(50, 24)",3,21.0
37,Auction,E24,"(46, 14)",1,11.0
37,Q-Learning,E8,"(66, 29)",24,24.0
37,Q-Learning,E11,"(36, 8)",23,12.0
37,Q-Learning,E12,"(7, 56)",28,17.0
37,Q-Learning,E13,"(6, 42)",18,23.0
37,Q-Learning,E14,"(28, 17)",24,16.0
37,Q-Learning,E15,"(93, 58)",16,16.0
37,Q-Learning,E17,"(7, 51)",15,20.0
37,Q-Learning,E18,"(97, 95)",12,17.0
37,Q-Learning,E19,"(76, 4)",13,25.0
37,Q-Learning,E20,"(65, 80)",10,12.0
37,Q-Learning,E21,"(35, 95)",6,18.0
37,Q-Learning,E22,"(32, 73)",8,16.0
37,Q-Learning,E23,"(50, 24)",3,21.0
37,Q-Learning,E24,"(46, 14)",1,11.0
38,Greedy,E10,"(7, 21)",23,21.0
38,Greedy,E11,"(36, 8)",24,12.0
38,Greedy,E13,"(6, 42)",19,23.0
38,Greedy,E15,"(93, 58)",17,16.0
38,Greedy,E16,"(48, 64)",17,15.0
38,Greedy,E17,"(7, 51)",16,20.0
38,Greedy,E18,"(97, 95)",13,17.0
38,Greedy,E19,"(76, 4)",14,25.0
38,Greedy,E20,"(65, 80)",11,12.0
38,Greedy,E21,"(35, 95)",7,18.0
38,Greedy,E22,"(32, 73)",9,16.0
38,Greedy,E23,"(50, 24)",4,21.0
38,Greedy,E24,"(46, 14)",2,11.0
38,Auction,E8,"(66, 29)",25,24.0
38,Auction,E10,"(7, 21)",23,21.0
38,Auction,E11,"(36, 8)",24,12.0
38,Auction,E13,"(6, 42)",19,23.0
38,Auction,E14,"(28, 17)",25,16.0
38,Auction,E16,"(48, 64)",17,15.0
38,Auction,E17,"(7, 51)",16,20.0
38,Auction,E18,"(97, 95)",13,17.0
38,Auction,E19,"(76, 4)",14,25.0
38,Auction,E20,"(65, 80)",11,12.0
38,Auction,E22,"(32, 73)",9,16.0
38,Auction,E23,"(50, 24)",4,21.0
38,Auction,E24,"(46, 14)",2,11.0
38,Q-Learning,E8,"(66, 29)",25,24.0
38,Q-Learning,E11,"(36, 8)",24,12.0
38,Q-Learning,E12,"(7, 56)",29,17.0
38,Q-Learning,E13,"(6, 42)",19,23.0
38,Q-Learning,E14,"(28, 17)",25,16.0
38,Q-Learning,E15,"(93, 58)",17,16.0
38,Q-Learning,E17,"(7, 51)",16,20.0
38,Q-Learning,E18,"(97, 95)",13,17.0
38,Q-Learning,E19,"(76, 4)",14,25.0
38,Q-Learning,E20,"(65, 80)",11,12.0
38,Q-Learning,E21,"(35, 95)",7,18.0
38,Q-Learning,E22,"(32, 73)",9,16.0
38,Q-Learning,E23,"(50, 24)",4,21.0
38,Q-Learning,E24,"(46, 14)",2,11.0
39,Greedy,E10,"(7, 21)",24,21.0
39,Greedy,E11,"(36, 8)",25,12.0
39,Greedy,E13,"(6, 42)",20,23.0
39,Greedy,E15,"(93, 58)",18,16.0
39,Greedy,E16,"(48, 64)",18,15.0
39,Greedy,E17,"(7, 51)",17,20.0
39,Greedy,E18,"(97, 95)",14,17.0
39,Greedy,E19,"(76, 4)",15,25.0
39,Greedy,E20,"(65, 80)",12,12.0
39,Greedy,E21,"(35, 95)",8,18.0
39,Greedy,E22,"(32, 73)",10,16.0
39,Greedy,E23,"(50, 24)",5,21.0
39,Greedy,E24,"(46, 14)",3,11.0
39,Auction,E10,"(7, 21)",24,21.0
39,Auction,E11,"(36, 8)",25,12.0
39,Auction,E13,"(6, 42)",20,23.0
39,Auction,E16,"(48, 64)",18,15.0
39,Auction,E17,"(7, 51)",17,20.0
39,Auction,E18,"(97, 95)",14,17.0
39,Auction,E19,"(76, 4)",15,25.0
39,Auction,E20,"(65, 80)",12,12.0
39,Auction,E22,"(32, 73)",10,16.0
39,Auction,E23,"(50, 24)",5,21.0
39,Auction,E24,"(46, 14)",3,11.0
39,Q-Learning,E8,"(66, 29)",26,24.0
39,Q-Learning,E11,"(36, 8)",25,12.0
39,Q-Learning,E12,"(7, 56)",30,17.0
39,Q-Learning,E13,"(6, 42)",20,23.0
39,Q-Learning,E14,"(28, 17)",26,16.0
39,Q-Learning,E15,"(93, 58)",18,16.0
39,Q-Learning,E17,"(7, 51)",17,20.0
39,Q-Learning,E18,"(97, 95)",14,17.0
39,Q-Learning,E19,"(76, 4)",15,25.0
39,Q-Learning,E20,"(65, 80)",12,12.0
39,Q-Learning,E21,"(35, 95)",8,18.0
39,Q-Learning,E22,"(32, 73)",10,16.0
39,Q-Learning,E23,"(50, 24)",5,21.0
39,Q-Learning,E24,"(46, 14)",3,11.0
40,Greedy,E10,"(7, 21)",25,21.0
40,Greedy,E13,"(6, 42)",21,23.0
40,Greedy,E15,"(93, 58)",19,16.0
40,Greedy,E16,"(48, 64)",19,15.0
40,Greedy,E17,"(7, 51)",18,20.0
40,Greedy,E18,"(97, 95)",15,17.0
40,Greedy,E19,"(76, 4)",16,25.0
40,Greedy,E20,"(65, 80)",13,12.0
40,Greedy,E21,"(35, 95)",9,18.0
40,Greedy,E22,"(32, 73)",11,16.0
40,Greedy,E23,"(50, 24)",6,21.0
40,Greedy,E24,"(46, 14)",4,11.0
40,Greedy,E25,"(9, 8)",8,23.0
40,Auction,E10,"(7, 21)",25,21.0
40,Auction,E13,"(6, 42)",21,23.0
40,Auction,E16,"(48, 64)",19,15.0
40,Auction,E17,"(7, 51)",18,20.0
40,Auction,E18,"(97, 95)",15,17.0
40,Auction,E19,"(76, 4)",16,25.0
40,Auction,E20,"(65, 80)",13,12.0
40,Auction,E22,"(32, 73)",11,16.0
40,Auction,E23,"(50, 24)",6,21.0
40,Auction,E24,"(46, 14)",4,11.0
40,Auction,E25,"(9, 8)",8,23.0
40,Q-Learning,E8,"(66, 29)",27,24.0
40,Q-Learning,E11,"(36, 8)",26,12.0
40,Q-Learning,E13,"(6, 42)",21,23.0
40,Q-Learning,E14,"(28, 17)",27,16.0
40,Q-Learning,E15,"(93, 58)",19,16.0
40,Q-Learning,E17,"(7, 51)",18,20.0
40,Q-Learning,E18,"(97, 95)",15,17.0
40,Q-Learning,E19,"(76, 4)",16,25.0
40,Q-Learning,E20,"(65, 80)",13,12.0
40,Q-Learning,E21,"(35, 95)",9,18.0
40,Q-Learning,E22,"(32, 73)",11,16.0
40,Q-Learning,E23,"(50, 24)",6,21.0
40,Q-Learning,E24,"(46, 14)",4,11.0
40,Q-Learning,E25,"(9, 8)",8,23.0
41,Greedy,E10,"(7, 21)",26,21.0
41,Greedy,E13,"(6, 42)",22,23.0
41,Greedy,E15,"(93, 58)",20,16.0
41,Greedy,E16,"(48, 64)",20,15.0
41,Greedy,E17,"(7, 51)",19,20.0
41,Greedy,E18,"(97, 95)",16,17.0
41,Greedy,E19,"(76, 4)",17,25.0
41,Greedy,E20,"(65, 80)",14,12.0
41,Greedy,E21,"(35, 95)",10,18.0
41,Greedy,E22,"(32, 73)",12,16.0
41,Greedy,E23,"(50, 24)",7,21.0
41,Greedy,E24,"(46, 14)",5,11.0
41,Greedy,E25,"(9, 8)",9,23.0
41,Greedy,E26,"(38, 47)",4,26.0
41,Auction,E10,"(7, 21)",26,21.0
41,Auction,E13,"(6, 42)",22,23.0
41,Auction,E16,"(48, 64)",20,15.0
41,Auction,E17,"(7, 51)",19,20.0
41,Auction,E18,"(97, 95)",16,17.0
41,Auction,E19,"(76, 4)",17,25.0
41,Auction,E20,"(65, 80)",14,12.0
41,Auction,E22,"(32, 73)",12,16.0
41,Auction,E23,"(50, 24)",7,21.0
41,Auction,E24,"(46, 14)",5,11.0
41,Auction,E25,"(9, 8)",9,23.0
41,Auction,E26,"(38, 47)",4,26.0
41,Q-Learning,E8,"(66, 29)",28,24.0
41,Q-Learning,E11,"(36, 8)",27,12.0
41,Q-Learning,E13,"(6, 42)",22,23.0
41,Q-Learning,E14,"(28, 17)",28,16.0
41,Q-Learning,E15,"(93, 58)",20,16.0
41,Q-Learning,E17,"(7, 51)",19,20.0
41,Q-Learning,E18,"(97, 95)",16,17.0
41,Q-Learning,E19,"(76, 4)",17,25.0
41,Q-Learning,E20,"(65, 80)",14,12.0
41,Q-Learning,E22,"(32, 73)",12,16.0
41,Q-Learning,E23,"(50, 24)",7,21.0
41,Q-Learning,E24,"(46, 14)",5,11.0
41,Q-Learning,E25,"(9, 8)",9,23.0
41,Q-Learning,E26,"(38, 47)",4,26.0
42,Greedy,E10,"(7, 21)",27,21.0
42,Greedy,E13,"(6, 42)",23,23.0
42,Greedy,E15,"(93, 58)",21,16.0
42,Greedy,E16,"(48, 64)",21,15.0
42,Greedy,E17,"(7, 51)",20,20.0
42,Greedy,E18,"(97, 95)",17,17.0
42,Greedy,E19,"(76, 4)",18,25.0
42,Greedy,E20,"(65, 80)",15,12.0
42,Greedy,E21,"(35, 95)",11,18.0
42,Greedy,E22,"(32, 73)",13,16.0
42,Greedy,E23,"(50, 24)",8,21.0
42,Greedy,E24,"(46, 14)",6,11.0
42,Greedy,E25,"(9, 8)",10,23.0
42,Greedy,E26,"(38, 47)",5,26.0
42,Greedy,E27,"(3, 70)",9,21.0
42,Auction,E10,"(7, 21)",27,21.0
42,Auction,E13,"(6, 42)",23,23.0
42,Auction,E16,"(48, 64)",21,15.0
42,Auction,E17,"(7, 51)",20,20.0
42,Auction,E18,"(97, 95)",17,17.0
42,Auction,E19,"(76, 4)",18,25.0
42,Auction,E20,"(65, 80)",15,12.0
42,Auction,E22,"(32, 73)",13,16.0
42,Auction,E23,"(50, 24)",8,21.0
42,Auction,E24,"(46, 14)",6,11.0
42,Auction,E25,"(9, 8)",10,23.0
42,Auction,E26,"(38, 47)",5,26.0
42,Auction,E27,"(3, 70)",9,21.0
42,Q-Learning,E11,"(36, 8)",28,12.0
42,Q-Learning,E13,"(6, 42)",23,23.0
42,Q-Learning,E14,"(28, 17)",29,16.0
42,Q-Learning,E15,"(93, 58)",21,16.0
42,Q-Learning,E17,"(7, 51)",20,20.0
42,Q-Learning,E18,"(97, 95)",17,17.0
42,Q-Learning,E19,"(76, 4)",18,25.0
42,Q-Learning,E20,"(65, 80)",15,12.0
42,Q-Learning,E22,"(32, 73)",13,16.0
42,Q-Learning,E23,"(50, 24)",8,21.0
42,Q-Learning,E24,"(46, 14)",6,11.0
42,Q-Learning,E25,"(9, 8)",10,23.0
42,Q-Learning,E26,"(38, 47)",5,26.0
42,Q-Learning,E27,"(3, 70)",9,21.0
43,Greedy,E10,"(7, 21)",28,21.0
43,Greedy,E13,"(6, 42)",24,23.0
43,Greedy,E16,"(48, 64)",22,15.0
43,Greedy,E17,"(7, 51)",21,20.0
43,Greedy,E18,"(97, 95)",18,17.0
43,Greedy,E19,"(76, 4)",19,25.0
43,Greedy,E20,"(65, 80)",16,12.0
43,Greedy,E21,"(35, 95)",12,18.0
43,Greedy,E22,"(32, 73)",14,16.0
43,Greedy,E23,"(50, 24)",9,21.0
43,Greedy,E24,"(46, 14)",7,11.0
43,Greedy,E25,"(9, 8)",11,23.0
43,Greedy,E26,"(38, 47)",6,26.0
43,Greedy,E27,"(3, 70)",10,21.0
43,Greedy,E28,"(62, 59)",9,27.0
43,Auction,E10,"(7, 21)",28,21.0
43,Auction,E16,"(48, 64)",22,15.0
43,Auction,E17,"(7, 51)",21,20.0
43,Auction,E18,"(97, 95)",18,17.0
43,Auction,E19,"(76, 4)",19,25.0
43,Auction,E20,"(65, 80)",16,12.0
43,Auction,E22,"(32, 73)",14,16.0
43,Auction,E23,"(50, 24)",9,21.0
43,Auction,E24,"(46, 14)",7,11.0
43,Auction,E25,"(9, 8)",11,23.0
43,Auction,E26,"(38, 47)",6,26.0
43,Auction,E27,"(3, 70)",10,21.0
43,Auction,E28,"(62, 59)",9,27.0
43,Q-Learning,E11,"(36, 8)",29,12.0
43,Q-Learning,E13,"(6, 42)",24,23.0
43,Q-Learning,E14,"(28, 17)",30,16.0
43,Q-Learning,E15,"(93, 58)",22,16.0
43,Q-Learning,E17,"(7, 51)",21,20.0
43,Q-Learning,E18,"(97, 95)",18,17.0
43,Q-Learning,E19,"(76, 4)",19,25.0
43,Q-Learning,E20,"(65, 80)",16,12.0
43,Q-Learning,E22,"(32, 73)",14,16.0
43,Q-Learning,E23,"(50, 24)",9,21.0
43,Q-Learning,E24,"(46, 14)",7,11.0
43,Q-Learning,E25,"(9, 8)",11,23.0
43,Q-Learning,E26,"(38, 47)",6,26.0
43,Q-Learning,E27,"(3, 70)",10,21.0
43,Q-Learning,E28,"(62, 59)",9,27.0
44,Greedy,E10,"(7, 21)",29,21.0
44,Greedy,E13,"(6, 42)",25,23.0
44,Greedy,E16,"(48, 64)",23,15.0
44,Greedy,E17,"(7, 51)",22,20.0
44,Greedy,E18,"(97, 95)",19,17.0
44,Greedy,E19,"(76, 4)",20,25.0
44,Greedy,E20,"(65, 80)",17,12.0
44,Greedy,E21,"(35, 95)",13,18.0
44,Greedy,E22,"(32, 73)",15,16.0
44,Greedy,E23,"(50, 24)",10,21.0
44,Greedy,E24,"(46, 14)",8,11.0
44,Greedy,E25,"(9, 8)",12,23.0
44,Greedy,E26,"(38, 47)",7,26.0
44,Greedy,E27,"(3, 70)",11,21.0
44,Greedy,E28,"(62, 59)",10,27.0
44,Greedy,E29,"(68, 76)",3,23.0
44,Auction,E10,"(7, 21)",29,21.0
44,Auction,E16,"(48, 64)",23,15.0
44,Auction,E17,"(7, 51)",22,20.0
44,Auction,E18,"(97, 95)",19,17.0
44,Auction,E19,"(76, 4)",20,25.0
44,Auction,E20,"(65, 80)",17,12.0
44,Auction,E22,"(32, 73)",15,16.0
44,Auction,E23,"(50, 24)",10,21.0
44,Auction,E24,"(46, 14)",8,11.0
44,Auction,E25,"(9, 8)",12,23.0
44,Auction,E26,"(38, 47)",7,26.0
44,Auction,E27,"(3, 70)",11,21.0
44,Auction,E28,"(62, 59)",10,27.0
44,Auction,E29,"(68, 76)",3,23.0
44,Q-Learning,E11,"(36, 8)",30,12.0
44,Q-Learning,E13,"(6, 42)",25,23.0
44,Q-Learning,E14,"(28, 17)",31,16.0
44,Q-Learning,E15,"(93, 58)",23,16.0
44,Q-Learning,E17,"(7, 51)",22,20.0
44,Q-Learning,E18,"(97, 95)",19,17.0
44,Q-Learning,E19,"(76, 4)",20,25.0
44,Q-Learning,E20,"(65, 80)",17,12.0
44,Q-Learning,E22,"(32, 73)",15,16.0
44,Q-Learning,E23,"(50, 24)",10,21.0
44,Q-Learning,E24,"(46, 14)",8,11.0
44,Q-Learning,E25,"(9, 8)",12,23.0
44,Q-Learning,E26,"(38, 47)",7,26.0
44,Q-Learning,E27,"(3, 70)",11,21.0
44,Q-Learning,E28,"(62, 59)",10,27.0
44,Q-Learning,E29,"(68, 76)",3,23.0
45,Greedy,E10,"(7, 21)",30,21.0
45,Greedy,E13,"(6, 42)",26,23.0
45,Greedy,E17,"(7, 51)",23,20.0
45,Greedy,E18,"(97, 95)",20,17.0
45,Greedy,E19,"(76, 4)",21,25.0
45,Greedy,E20,"(65, 80)",18,12.0
45,Greedy,E21,"(35, 95)",14,18.0
45,Greedy,E22,"(32, 73)",16,16.0
45,Greedy,E23,"(50, 24)",11,21.0
45,Greedy,E24,"(46, 14)",9,11.0
45,Greedy,E25,"(9, 8)",13,23.0
45,Greedy,E26,"(38, 47)",8,26.0
45,Greedy,E27,"(3, 70)",12,21.0
45,Greedy,E28,"(62, 59)",11,27.0
45,Greedy,E29,"(68, 76)",4,23.0
45,Greedy,E30,"(49, 20)",5,28.0
45,Auction,E10,"(7, 21)",30,21.0
45,Auction,E16,"(48, 64)",24,15.0
45,Auction,E18,"(97, 95)",20,17.0
45,Auction,E19,"(76, 4)",21,25.0
45,Auction,E20,"(65, 80)",18,12.0
45,Auction,E22,"(32, 73)",16,16.0
45,Auction,E23,"(50, 24)",11,21.0
45,Auction,E24,"(46, 14)",9,11.0
45,Auction,E25,"(9, 8)",13,23.0
45,Auction,E26,"(38, 47)",8,26.0
45,Auction,E27,"(3, 70)",12,21.0
45,Auction,E28,"(62, 59)",11,27.0
45,Auction,E29,"(68, 76)",4,23.0
45,Auction,E30,"(49, 20)",5,28.0
45,Q-Learning,E11,"(36, 8)",31,12.0
45,Q-Learning,E13,"(6, 42)",26,23.0
45,Q-Learning,E14,"(28, 17)",32,16.0
45,Q-Learning,E15,"(93, 58)",24,16.0
45,Q-Learning,E17,"(7, 51)",23,20.0
45,Q-Learning,E18,"(97, 95)",20,17.0
45,Q-Learning,E19,"(76, 4)",21,25.0
45,Q-Learning,E20,"(65, 80)",18,12.0
45,Q-Learning,E22,"(32, 73)",16,16.0
45,Q-Learning,E23,"(50, 24)",11,21.0
45,Q-Learning,E24,"(46, 14)",9,11.0
45,Q-Learning,E26,"(38, 47)",8,26.0
45,Q-Learning,E27,"(3, 70)",12,21.0
45,Q-Learning,E28,"(62, 59)",11,27.0
45,Q-Learning,E29,"(68, 76)",4,23.0
45,Q-Learning,E30,"(49, 20)",5,28.0
46,Greedy,E10,"(7, 21)",31,21.0
46,Greedy,E13,"(6, 42)",27,23.0
46,Greedy,E17,"(7, 51)",24,20.0
46,Greedy,E18,"(97, 95)",21,17.0
46,Greedy,E19,"(76, 4)",22,25.0
46,Greedy,E20,"(65, 80)",19,12.0
46,Greedy,E21,"(35, 95)",15,18.0
46,Greedy,E22,"(32, 73)",17,16.0
46,Greedy,E23,"(50, 24)",12,21.0
46,Greedy,E24,"(46, 14)",10,11.0
46,Greedy,E25,"(9, 8)",14,23.0
46,Greedy,E26,"(38, 47)",9,26.0
46,Greedy,E27,"(3, 70)",13,21.0
46,Greedy,E28,"(62, 59)",12,27.0
46,Greedy,E29,"(68, 76)",5,23.0
46,Greedy,E30,"(49, 20)",6,28.0
46,Auction,E10,"(7, 21)",31,21.0
46,Auction,E16,"(48, 64)",25,15.0
46,Auction,E18,"(97, 95)",21,17.0
46,Auction,E19,"(76, 4)",22,25.0
46,Auction,E20,"(65, 80)",19,12.0
46,Auction,E22,"(32, 73)",17,16.0
46,Auction,E23,"(50, 24)",12,21.0
46,Auction,E24,"(46, 14)",10,11.0
46,Auction,E25,"(9, 8)",14,23.0
46,Auction,E26,"(38, 47)",9,26.0
46,Auction,E27,"(3, 70)",13,21.0
46,Auction,E28,"(62, 59)",12,27.0
46,Auction,E29,"(68, 76)",5,23.0
46,Auction,E30,"(49, 20)",6,28.0
46,Q-Learning,E11,"(36, 8)",32,12.0
46,Q-Learning,E13,"(6, 42)",27,23.0
46,Q-Learning,E14,"(28, 17)",33,16.0
46,Q-Learning,E15,"(93, 58)",25,16.0
46,Q-Learning,E17,"(7, 51)",24,20.0
46,Q-Learning,E18,"(97, 95)",21,17.0
46,Q-Learning,E19,"(76, 4)",22,25.0
46,Q-Learning,E20,"(65, 80)",19,12.0
46,Q-Learning,E22,"(32, 73)",17,16.0
46,Q-Learning,E23,"(50, 24)",12,21.0
46,Q-Learning,E24,"(46, 14)",10,11.0
46,Q-Learning,E26,"(38, 47)",9,26.0
46,Q-Learning,E27,"(3, 70)",13,21.0
46,Q-Learning,E28,"(62, 59)",12,27.0
46,Q-Learning,E29,"(68, 76)",5,23.0
46,Q-Learning,E30,"(49, 20)",6,28.0
47,Greedy,E10,"(7, 21)",32,21.0
47,Greedy,E13,"(6, 42)",28,23.0
47,Greedy,E17,"(7, 51)",25,20.0
47,Greedy,E18,"(97, 95)",22,17.0
47,Greedy,E19,"(76, 4)",23,25.0
47,Greedy,E20,"(65, 80)",20,12.0
47,Greedy,E21,"(35, 95)",16,18.0
47,Greedy,E22,"(32, 73)",18,16.0
47,Greedy,E23,"(50, 24)",13,21.0
47,Greedy,E24,"(46, 14)",11,11.0
47,Greedy,E25,"(9, 8)",15,23.0
47,Greedy,E26,"(38, 47)",10,26.0
47,Greedy,E27,"(3, 70)",14,21.0
47,Greedy,E28,"(62, 59)",13,27.0
47,Greedy,E29,"(68, 76)",6,23.0
47,Greedy,E30,"(49, 20)",7,28.0
47,Auction,E10,"(7, 21)",32,21.0
47,Auction,E16,"(48, 64)",26,15.0
47,Auction,E18,"(97, 95)",22,17.0
47,Auction,E19,"(76, 4)",23,25.0
47,Auction,E20,"(65, 80)",20,12.0
47,Auction,E22,"(32, 73)",18,16.0
47,Auction,E23,"(50, 24)",13,21.0
47,Auction,E24,"(46, 14)",11,11.0
47,Auction,E25,"(9, 8)",15,23.0
47,Auction,E26,"(38, 47)",10,26.0
47,Auction,E27,"(3, 70)",14,21.0
47,Auction,E28,"(62, 59)",13,27.0
47,Auction,E29,"(68, 76)",6,23.0
47,Auction,E30,"(49, 20)",7,28.0
47,Q-Learning,E11,"(36, 8)",33,12.0
47,Q-Learning,E13,"(6, 42)",28,23.0
47,Q-Learning,E14,"(28, 17)",34,16.0
47,Q-Learning,E15,"(93, 58)",26,16.0
47,Q-Learning,E17,"(7, 51)",25,20.0
47,Q-Learning,E18,"(97, 95)",22,17.0
47,Q-Learning,E19,"(76, 4)",23,25.0
47,Q-Learning,E20,"(65, 80)",20,12.0
47,Q-Learning,E22,"(32, 73)",18,16.0
47,Q-Learning,E23,"(50, 24)",13,21.0
47,Q-Learning,E24,"(46, 14)",11,11.0
47,Q-Learning,E26,"(38, 47)",10,26.0
47,Q-Learning,E27,"(3, 70)",14,21.0
47,Q-Learning,E28,"(62, 59)",13,27.0
47,Q-Learning,E29,"(68, 76)",6,23.0
47,Q-Learning,E30,"(49, 20)",7,28.0
48,Greedy,E10,"(7, 21)",33,21.0
48,Greedy,E13,"(6, 42)",29,23.0
48,Greedy,E17,"(7, 51)",26,20.0
48,Greedy,E18,"(97, 95)",23,17.0
48,Greedy,E19,"(76, 4)",24,25.0
48,Greedy,E20,"(65, 80)",21,12.0
48,Greedy,E21,"(35, 95)",17,18.0
48,Greedy,E22,"(32, 73)",19,16.0
48,Greedy,E23,"(50, 24)",14,21.0
48,Greedy,E24,"(46, 14)",12,11.0
48,Greedy,E25,"(9, 8)",16,23.0
48,Greedy,E26,"(38, 47)",11,26.0
48,Greedy,E27,"(3, 70)",15,21.0
48,Greedy,E28,"(62, 59)",14,27.0
48,Greedy,E29,"(68, 76)",7,23.0
48,Greedy,E30,"(49, 20)",8,28.0
48,Auction,E10,"(7, 21)",33,21.0
48,Auction,E16,"(48, 64)",27,15.0
48,Auction,E18,"(97, 95)",23,17.0
48,Auction,E19,"(76, 4)",24,25.0
48,Auction,E20,"(65, 80)",21,12.0
48,Auction,E22,"(32, 73)",19,16.0
48,Auction,E23,"(50, 24)",14,21.0
48,Auction,E24,"(46, 14)",12,11.0
48,Auction,E25,"(9, 8)",16,23.0
48,Auction,E26,"(38, 47)",11,26.0
48,Auction,E27,"(3, 70)",15,21.0
48,Auction,E28,"(62, 59)",14,27.0
48,Auction,E29,"(68, 76)",7,23.0
48,Auction,E30,"(49, 20)",8,28.0
48,Q-Learning,E11,"(36, 8)",34,12.0
48,Q-Learning,E13,"(6, 42)",29,23.0
48,Q-Learning,E15,"(93, 58)",27,16.0
48,Q-Learning,E17,"(7, 51)",26,20.0
48,Q-Learning,E18,"(97, 95)",23,17.0
48,Q-Learning,E19,"(76, 4)",24,25.0
48,Q-Learning,E20,"(65, 80)",21,12.0
48,Q-Learning,E22,"(32, 73)",19,16.0
48,Q-Learning,E23,"(50, 24)",14,21.0
48,Q-Learning,E24,"(46, 14)",12,11.0
48,Q-Learning,E26,"(38, 47)",11,26.0
48,Q-Learning,E27,"(3, 70)",15,21.0
48,Q-Learning,E28,"(62, 59)",14,27.0
48,Q-Learning,E29,"(68, 76)",7,23.0
48,Q-Learning,E30,"(49, 20)",8,28.0
49,Greedy,E10,"(7, 21)",34,21.0
49,Greedy,E13,"(6, 42)",30,23.0
49,Greedy,E17,"(7, 51)",27,20.0
49,Greedy,E18,"(97, 95)",24,17.0
49,Greedy,E19,"(76, 4)",25,25.0
49,Greedy,E20,"(65, 80)",22,12.0
49,Greedy,E21,"(35, 95)",18,18.0
49,Greedy,E22,"(32, 73)",20,16.0
49,Greedy,E23,"(50, 24)",15,21.0
49,Greedy,E24,"(46, 14)",13,11.0
49,Greedy,E25,"(9, 8)",17,23.0
49,Greedy,E26,"(38, 47)",12,26.0
49,Greedy,E27,"(3, 70)",16,21.0
49,Greedy,E28,"(62, 59)",15,27.0
49,Greedy,E29,"(68, 76)",8,23.0
49,Greedy,E30,"(49, 20)",9,28.0
49,Auction,E10,"(7, 21)",34,21.0
49,Auction,E16,"(48, 64)",28,15.0
49,Auction,E18,"(97, 95)",24,17.0
49,Auction,E19,"(76, 4)",25,25.0
49,Auction,E20,"(65, 80)",22,12.0
49,Auction,E22,"(32, 73)",20,16.0
49,Auction,E23,"(50, 24)",15,21.0
49,Auction,E24,"(46, 14)",13,11.0
49,Auction,E25,"(9, 8)",17,23.0
49,Auction,E26,"(38, 47)",12,26.0
49,Auction,E27,"(3, 70)",16,21.0
49,Auction,E28,"(62, 59)",15,27.0
49,Auction,E29,"(68, 76)",8,23.0
49,Auction,E30,"(49, 20)",9,28.0
49,Q-Learning,E11,"(36, 8)",35,12.0
49,Q-Learning,E13,"(6, 42)",30,23.0
49,Q-Learning,E15,"(93, 58)",28,16.0
49,Q-Learning,E17,"(7, 51)",27,20.0
49,Q-Learning,E18,"(97, 95)",24,17.0
49,Q-Learning,E19,"(76, 4)",25,25.0
49,Q-Learning,E22,"(32, 73)",20,16.0
49,Q-Learning,E23,"(50, 24)",15,21.0
49,Q-Learning,E24,"(46, 14)",13,11.0
49,Q-Learning,E26,"(38, 47)",12,26.0
49,Q-Learning,E27,"(3, 70)",16,21.0
49,Q-Learning,E28,"(62, 59)",15,27.0
49,Q-Learning,E29,"(68, 76)",8,23.0
49,Q-Learning,E30,"(49, 20)",9,28.0
50,Greedy,E10,"(7, 21)",35,21.0
50,Greedy,E13,"(6, 42)",31,23.0
50,Greedy,E17,"(7, 51)",28,20.0
50,Greedy,E18,"(97, 95)",25,17.0
50,Greedy,E19,"(76, 4)",26,25.0
50,Greedy,E20,"(65, 80)",23,12.0
50,Greedy,E21,"(35, 95)",19,18.0
50,Greedy,E22,"(32, 73)",21,16.0
50,Greedy,E23,"(50, 24)",16,21.0
50,Greedy,E24,"(46, 14)",14,11.0
50,Greedy,E25,"(9, 8)",18,23.0
50,Greedy,E26,"(38, 47)",13,26.0
50,Greedy,E27,"(3, 70)",17,21.0
50,Greedy,E28,"(62, 59)",16,27.0
50,Greedy,E29,"(68, 76)",9,23.0
50,Greedy,E30,"(49, 20)",10,28.0
50,Greedy,E31,"(4, 70)",3,25.0
50,Auction,E10,"(7, 21)",35,21.0
50,Auction,E16,"(48, 64)",29,15.0
50,Auction,E18,"(97, 95)",25,17.0
50,Auction,E19,"(76, 4)",26,25.0
50,Auction,E20,"(65, 80)",23,12.0
50,Auction,E22,"(32, 73)",21,16.0
50,Auction,E23,"(50, 24)",16,21.0
50,Auction,E24,"(46, 14)",14,11.0
50,Auction,E25,"(9, 8)",18,23.0
50,Auction,E26,"(38, 47)",13,26.0
50,Auction,E27,"(3, 70)",17,21.0
50,Auction,E28,"(62, 59)",16,27.0
50,Auction,E29,"(68, 76)",9,23.0
50,Auction,E30,"(49, 20)",10,28.0
50,Auction,E31,"(4, 70)",3,25.0
50,Q-Learning,E11,"(36, 8)",36,12.0
50,Q-Learning,E13,"(6, 42)",31,23.0
50,Q-Learning,E15,"(93, 58)",29,16.0
50,Q-Learning,E17,"(7, 51)",28,20.0
50,Q-Learning,E18,"(97, 95)",25,17.0
50,Q-Learning,E19,"(76, 4)",26,25.0
50,Q-Learning,E22,"(32, 73)",21,16.0
50,Q-Learning,E23,"(50, 24)",16,21.0
50,Q-Learning,E24,"(46, 14)",14,11.0
50,Q-Learning,E26,"(38, 47)",13,26.0
50,Q-Learning,E27,"(3, 70)",17,21.0
50,Q-Learning,E28,"(62, 59)",16,27.0
50,Q-Learning,E29,"(68, 76)",9,23.0
50,Q-Learning,E30,"(49, 20)",10,28.0
50,Q-Learning,E31,"(4, 70)",3,25.0
51,Greedy,E10,"(7, 21)",36,21.0
51,Greedy,E13,"(6, 42)",32,23.0
51,Greedy,E17,"(7, 51)",29,20.0
51,Greedy,E18,"(97, 95)",26,17.0
51,Greedy,E19,"(76, 4)",27,25.0
51,Greedy,E20,"(65, 80)",24,12.0
51,Greedy,E21,"(35, 95)",20,18.0
51,Greedy,E22,"(32, 73)",22,16.0
51,Greedy,E23,"(50, 24)",17,21.0
51,Greedy,E24,"(46, 14)",15,11.0
51,Greedy,E25,"(9, 8)",19,23.0
51,Greedy,E26,"(38, 47)",14,26.0
51,Greedy,E27,"(3, 70)",18,21.0
51,Greedy,E28,"(62, 59)",17,27.0
51,Greedy,E29,"(68, 76)",10,23.0
51,Greedy,E30,"(49, 20)",11,28.0
51,Greedy,E31,"(4, 70)",4,25.0
51,Auction,E10,"(7, 21)",36,21.0
51,Auction,E16,"(48, 64)",30,15.0
51,Auction,E18,"(97, 95)",26,17.0
51,Auction,E19,"(76, 4)",27,25.0
51,Auction,E20,"(65, 80)",24,12.0
51,Auction,E22,"(32, 73)",22,16.0
51,Auction,E23,"(50, 24)",17,21.0
51,Auction,E24,"(46, 14)",15,11.0
51,Auction,E25,"(9, 8)",19,23.0
51,Auction,E26,"(38, 47)",14,26.0
51,Auction,E27,"(3, 70)",18,21.0
51,Auction,E28,"(62, 59)",17,27.0
51,Auction,E29,"(68, 76)",10,23.0
51,Auction,E30,"(49, 20)",11,28.0
51,Auction,E31,"(4, 70)",4,25.0
51,Q-Learning,E11,"(36, 8)",37,12.0
51,Q-Learning,E13,"(6, 42)",32,23.0
51,Q-Learning,E15,"(93, 58)",30,16.0
51,Q-Learning,E17,"(7, 51)",29,20.0
51,Q-Learning,E18,"(97, 95)",26,17.0
51,Q-Learning,E19,"(76, 4)",27,25.0
51,Q-Learning,E22,"(32, 73)",22,16.0
51,Q-Learning,E23,"(50, 24)",17,21.0
51,Q-Learning,E24,"(46, 14)",15,11.0
51,Q-Learning,E26,"(38, 47)",14,26.0
51,Q-Learning,E27,"(3, 70)",18,21.0
51,Q-Learning,E28,"(62, 59)",17,27.0
51,Q-Learning,E29,"(68, 76)",10,23.0
51,Q-Learning,E30,"(49, 20)",11,28.0
51,Q-Learning,E31,"(4, 70)",4,25.0
52,Greedy,E10,"(7, 21)",37,21.0
52,Greedy,E13,"(6, 42)",33,23.0
52,Greedy,E17,"(7, 51)",30,20.0
52,Greedy,E18,"(97, 95)",27,17.0
52,Greedy,E19,"(76, 4)",28,25.0
52,Greedy,E20,"(65, 80)",25,12.0
52,Greedy,E21,"(35, 95)",21,18.0
52,Greedy,E22,"(32, 73)",23,16.0
52,Greedy,E23,"(50, 24)",18,21.0
52,Greedy,E24,"(46, 14)",16,11.0
52,Greedy,E25,"(9, 8)",20,23.0
52,Greedy,E26,"(38, 47)",15,26.0
52,Greedy,E27,"(3, 70)",19,21.0
52,Greedy,E28,"(62, 59)",18,27.0
52,Greedy,E29,"(68, 76)",11,23.0
52,Greedy,E30,"(49, 20)",12,28.0
52,Greedy,E31,"(4, 70)",5,25.0
52,Auction,E10,"(7, 21)",37,21.0
52,Auction,E16,"(48, 64)",31,15.0
52,Auction,E18,"(97, 95)",27,17.0
52,Auction,E19,"(76, 4)",28,25.0
52,Auction,E22,"(32, 73)",23,16.0
52,Auction,E23,"(50, 24)",18,21.0
52,Auction,E24,"(46, 14)",16,11.0
52,Auction,E25,"(9, 8)",20,23.0
52,Auction,E26,"(38, 47)",15,26.0
52,Auction,E27,"(3, 70)",19,21.0
52,Auction,E28,"(62, 59)",18,27.0
52,Auction,E29,"(68, 76)",11,23.0
52,Auction,E30,"(49, 20)",12,28.0
52,Auction,E31,"(4, 70)",5,25.0
52,Q-Learning,E11,"(36, 8)",38,12.0
52,Q-Learning,E13,"(6, 42)",33,23.0
52,Q-Learning,E15,"(93, 58)",31,16.0
52,Q-Learning,E17,"(7, 51)",30,20.0
52,Q-Learning,E18,"(97, 95)",27,17.0
52,Q-Learning,E19,"(76, 4)",28,25.0
52,Q-Learning,E22,"(32, 73)",23,16.0
52,Q-Learning,E23,"(50, 24)",18,21.0
52,Q-Learning,E24,"(46, 14)",16,11.0
52,Q-Learning,E26,"(38, 47)",15,26.0
52,Q-Learning,E27,"(3, 70)",19,21.0
52,Q-Learning,E28,"(62, 59)",18,27.0
52,Q-Learning,E29,"(68, 76)",11,23.0
52,Q-Learning,E30,"(49, 20)",12,28.0
52,Q-Learning,E31,"(4, 70)",5,25.0
53,Greedy,E10,"(7, 21)",38,21.0
53,Greedy,E13,"(6, 42)",34,23.0
53,Greedy,E17,"(7, 51)",31,20.0
53,Greedy,E18,"(97, 95)",28,17.0
53,Greedy,E19,"(76, 4)",29,25.0
53,Greedy,E20,"(65, 80)",26,12.0
53,Greedy,E21,"(35, 95)",22,18.0
53,Greedy,E22,"(32, 73)",24,16.0
53,Greedy,E23,"(50, 24)",19,21.0
53,Greedy,E24,"(46, 14)",17,11.0
53,Greedy,E25,"(9, 8)",21,23.0
53,Greedy,E26,"(38, 47)",16,26.0
53,Greedy,E27,"(3, 70)",20,21.0
53,Greedy,E28,"(62, 59)",19,27.0
53,Greedy,E29,"(68, 76)",12,23.0
53,Greedy,E30,"(49, 20)",13,28.0
53,Greedy,E31,"(4, 70)",6,25.0
53,Auction,E10,"(7, 21)",38,21.0
53,Auction,E16,"(48, 64)",32,15.0
53,Auction,E18,"(97, 95)",28,17.0
53,Auction,E19,"(76, 4)",29,25.0
53,Auction,E22,"(32, 73)",24,16.0
53,Auction,E23,"(50, 24)",19,21.0
53,Auction,E24,"(46, 14)",17,11.0
53,Auction,E25,"(9, 8)",21,23.0
53,Auction,E26,"(38, 47)",16,26.0
53,Auction,E27,"(3, 70)",20,21.0
53,Auction,E28,"(62, 59)",19,27.0
53,Auction,E29,"(68, 76)",12,23.0
53,Auction,E30,"(49, 20)",13,28.0
53,Auction,E31,"(4, 70)",6,25.0
53,Q-Learning,E11,"(36, 8)",39,12.0
53,Q-Learning,E13,"(6, 42)",34,23.0
53,Q-Learning,E15,"(93, 58)",32,16.0
53,Q-Learning,E17,"(7, 51)",31,20.0
53,Q-Learning,E18,"(97, 95)",28,17.0
53,Q-Learning,E19,"(76, 4)",29,25.0
53,Q-Learning,E22,"(32, 73)",24,16.0
53,Q-Learning,E23,"(50, 24)",19,21.0
53,Q-Learning,E24,"(46, 14)",17,11.0
53,Q-Learning,E26,"(38, 47)",16,26.0
53,Q-Learning,E27,"(3, 70)",20,21.0
53,Q-Learning,E28,"(62, 59)",19,27.0
53,Q-Learning,E29,"(68, 76)",12,23.0
53,Q-Learning,E30,"(49, 20)",13,28.0
53,Q-Learning,E31,"(4, 70)",6,25.0
54,Greedy,E10,"(7, 21)",39,21.0
54,Greedy,E13,"(6, 42)",35,23.0
54,Greedy,E17,"(7, 51)",32,20.0
54,Greedy,E18,"(97, 95)",29,17.0
54,Greedy,E19,"(76, 4)",30,25.0
54,Greedy,E20,"(65, 80)",27,12.0
54,Greedy,E21,"(35, 95)",23,18.0
54,Greedy,E22,"(32, 73)",25,16.0
54,Greedy,E23,"(50, 24)",20,21.0
54,Greedy,E24,"(46, 14)",18,11.0
54,Greedy,E25,"(9, 8)",22,23.0
54,Greedy,E26,"(38, 47)",17,26.0
54,Greedy,E27,"(3, 70)",21,21.0
54,Greedy,E28,"(62, 59)",20,27.0
54,Greedy,E29,"(68, 76)",13,23.0
54,Greedy,E30,"(49, 20)",14,28.0
54,Greedy,E31,"(4, 70)",7,25.0
54,Greedy,E32,"(64, 39)",6,23.0
54,Auction,E10,"(7, 21)",39,21.0
54,Auction,E16,"(48, 64)",33,15.0
54,Auction,E18,"(97, 95)",29,17.0
54,Auction,E19,"(76, 4)",30,25.0
54,Auction,E22,"(32, 73)",25,16.0
54,Auction,E23,"(50, 24)",20,21.0
54,Auction,E24,"(46, 14)",18,11.0
54,Auction,E25,"(9, 8)",22,23.0
54,Auction,E26,"(38, 47)",17,26.0
54,Auction,E27,"(3, 70)",21,21.0
54,Auction,E28,"(62, 59)",20,27.0
54,Auction,E29,"(68, 76)",13,23.0
54,Auction,E30,"(49, 20)",14,28.0
54,Auction,E31,"(4, 70)",7,25.0
54,Auction,E32,"(64, 39)",6,23.0
54,Q-Learning,E11,"(36, 8)",40,12.0
54,Q-Learning,E13,"(6, 42)",35,23.0
54,Q-Learning,E15,"(93, 58)",33,16.0
54,Q-Learning,E17,"(7, 51)",32,20.0
54,Q-Learning,E18,"(97, 95)",29,17.0
54,Q-Learning,E19,"(76, 4)",30,25.0
54,Q-Learning,E22,"(32, 73)",25,16.0
54,Q-Learning,E23,"(50, 24)",20,21.0
54,Q-Learning,E24,"(46, 14)",18,11.0
54,Q-Learning,E26,"(38, 47)",17,26.0
54,Q-Learning,E27,"(3, 70)",21,21.0
54,Q-Learning,E28,"(62, 59)",20,27.0
54,Q-Learning,E29,"(68, 76)",13,23.0
54,Q-Learning,E30,"(49, 20)",14,28.0
54,Q-Learning,E31,"(4, 70)",7,25.0
54,Q-Learning,E32,"(64, 39)",6,23.0
55,Greedy,E10,"(7, 21)",40,21.0
55,Greedy,E13,"(6, 42)",36,23.0
55,Greedy,E17,"(7, 51)",33,20.0
55,Greedy,E18,"(97, 95)",30,17.0
55,Greedy,E19,"(76, 4)",31,25.0
55,Greedy,E20,"(65, 80)",28,12.0
55,Greedy,E21,"(35, 95)",24,18.0
55,Greedy,E22,"(32, 73)",26,16.0
55,Greedy,E23,"(50, 24)",21,21.0
55,Greedy,E24,"(46, 14)",19,11.0
55,Greedy,E25,"(9, 8)",23,23.0
55,Greedy,E26,"(38, 47)",18,26.0
55,Greedy,E27,"(3, 70)",22,21.0
55,Greedy,E28,"(62, 59)",21,27.0
55,Greedy,E29,"(68, 76)",14,23.0
55,Greedy,E30,"(49, 20)",15,28.0
55,Greedy,E31,"(4, 70)",8,25.0
55,Greedy,E32,"(64, 39)",7,23.0
55,Greedy,E33,"(95, 82)",1,25.0
55,Auction,E10,"(7, 21)",40,21.0
55,Auction,E16,"(48, 64)",34,15.0
55,Auction,E18,"(97, 95)",30,17.0
55,Auction,E19,"(76, 4)",31,25.0
55,Auction,E22,"(32, 73)",26,16.0
55,Auction,E23,"(50, 24)",21,21.0
55,Auction,E25,"(9, 8)",23,23.0
55,Auction,E26,"(38, 47)",18,26.0
55,Auction,E27,"(3, 70)",22,21.0
55,Auction,E28,"(62, 59)",21,27.0
55,Auction,E29,"(68, 76)",14,23.0
55,Auction,E30,"(49, 20)",15,28.0
55,Auction,E31,"(4, 70)",8,25.0
55,Auction,E32,"(64, 39)",7,23.0
55,Auction,E33,"(95, 82)",1,25.0
55,Q-Learning,E11,"(36, 8)",41,12.0
55,Q-Learning,E13,"(6, 42)",36,23.0
55,Q-Learning,E15,"(93, 58)",34,16.0
55,Q-Learning,E17,"(7, 51)",33,20.0
55,Q-Learning,E18,"(97, 95)",30,17.0
55,Q-Learning,E19,"(76, 4)",31,25.0
55,Q-Learning,E22,"(32, 73)",26,16.0
55,Q-Learning,E23,"(50, 24)",21,21.0
55,Q-Learning,E24,"(46, 14)",19,11.0
55,Q-Learning,E26,"(38, 47)",18,26.0
55,Q-Learning,E27,"(3, 70)",22,21.0
55,Q-Learning,E28,"(62, 59)",21,27.0
55,Q-Learning,E29,"(68, 76)",14,23.0
55,Q-Learning,E30,"(49, 20)",15,28.0
55,Q-Learning,E31,"(4, 70)",8,25.0
55,Q-Learning,E32,"(64, 39)",7,23.0
55,Q-Learning,E33,"(95, 82)",1,25.0
56,Greedy,E10,"(7, 21)",41,21.0
56,Greedy,E13,"(6, 42)",37,23.0
56,Greedy,E17,"(7, 51)",34,20.0
56,Greedy,E18,"(97, 95)",31,17.0
56,Greedy,E19,"(76, 4)",32,25.0
56,Greedy,E20,"(65, 80)",29,12.0
56,Greedy,E21,"(35, 95)",25,18.0
56,Greedy,E22,"(32, 73)",27,16.0
56,Greedy,E23,"(50, 24)",22,21.0
56,Greedy,E24,"(46, 14)",20,11.0
56,Greedy,E25,"(9, 8)",24,23.0
56,Greedy,E26,"(38, 47)",19,26.0
56,Greedy,E27,"(3, 70)",23,21.0
56,Greedy,E28,"(62, 59)",22,27.0
56,Greedy,E29,"(68, 76)",15,23.0
56,Greedy,E30,"(49, 20)",16,28.0
56,Greedy,E31,"(4, 70)",9,25.0
56,Greedy,E32,"(64, 39)",8,23.0
56,Greedy,E33,"(95, 82)",2,25.0
56,Auction,E10,"(7, 21)",41,21.0
56,Auction,E16,"(48, 64)",35,15.0
56,Auction,E18,"(97, 95)",31,17.0
56,Auction,E19,"(76, 4)",32,25.0
56,Auction,E22,"(32, 73)",27,16.0
56,Auction,E23,"(50, 24)",22,21.0
56,Auction,E25,"(9, 8)",24,23.0
56,Auction,E26,"(38, 47)",19,26.0
56,Auction,E27,"(3, 70)",23,21.0
56,Auction,E28,"(62, 59)",22,27.0
56,Auction,E29,"(68, 76)",15,23.0
56,Auction,E30,"(49, 20)",16,28.0
56,Auction,E31,"(4, 70)",9,25.0
56,Auction,E32,"(64, 39)",8,23.0
56,Auction,E33,"(95, 82)",2,25.0
56,Q-Learning,E11,"(36, 8)",42,12.0
56,Q-Learning,E13,"(6, 42)",37,23.0
56,Q-Learning,E15,"(93, 58)",35,16.0
56,Q-Learning,E17,"(7, 51)",34,20.0
56,Q-Learning,E18,"(97, 95)",31,17.0
56,Q-Learning,E19,"(76, 4)",32,25.0
56,Q-Learning,E22,"(32, 73)",27,16.0
56,Q-Learning,E23,"(50, 24)",22,21.0
56,Q-Learning,E24,"(46, 14)",20,11.0
56,Q-Learning,E26,"(38, 47)",19,26.0
56,Q-Learning,E27,"(3, 70)",23,21.0
56,Q-Learning,E28,"(62, 59)",22,27.0
56,Q-Learning,E29,"(68, 76)",15,23.0
56,Q-Learning,E30,"(49, 20)",16,28.0
56,Q-Learning,E31,"(4, 70)",9,25.0
56,Q-Learning,E32,"(64, 39)",8,23.0
56,Q-Learning,E33,"(95, 82)",2,25.0
57,Greedy,E10,"(7, 21)",42,21.0
57,Greedy,E13,"(6, 42)",38,23.0
57,Greedy,E17,"(7, 51)",35,20.0
57,Greedy,E18,"(97, 95)",32,17.0
57,Greedy,E19,"(76, 4)",33,25.0
57,Greedy,E20,"(65, 80)",30,12.0
57,Greedy,E21,"(35, 95)",26,18.0
57,Greedy,E22,"(32, 73)",28,16.0
57,Greedy,E23,"(50, 24)",23,21.0
57,Greedy,E24,"(46, 14)",21,11.0
57,Greedy,E25,"(9, 8)",25,23.0
57,Greedy,E26,"(38, 47)",20,26.0
57,Greedy,E27,"(3, 70)",24,21.0
57,Greedy,E28,"(62, 59)",23,27.0
57,Greedy,E29,"(68, 76)",16,23.0
57,Greedy,E30,"(49, 20)",17,28.0
57,Greedy,E31,"(4, 70)",10,25.0
57,Greedy,E32,"(64, 39)",9,23.0
57,Greedy,E33,"(95, 82)",3,25.0
57,Greedy,E34,"(99, 21)",7,13.0
57,Auction,E10,"(7, 21)",42,21.0
57,Auction,E16,"(48, 64)",36,15.0
57,Auction,E18,"(97, 95)",32,17.0
57,Auction,E19,"(76, 4)",33,25.0
57,Auction,E22,"(32, 73)",28,16.0
57,Auction,E23,"(50, 24)",23,21.0
57,Auction,E25,"(9, 8)",25,23.0
57,Auction,E26,"(38, 47)",20,26.0
57,Auction,E27,"(3, 70)",24,21.0
57,Auction,E28,"(62, 59)",23,27.0
57,Auction,E29,"(68, 76)",16,23.0
57,Auction,E30,"(49, 20)",17,28.0
57,Auction,E31,"(4, 70)",10,25.0
57,Auction,E32,"(64, 39)",9,23.0
57,Auction,E33,"(95, 82)",3,25.0
57,Auction,E34,"(99, 21)",7,13.0
57,Q-Learning,E11,"(36, 8)",43,12.0
57,Q-Learning,E13,"(6, 42)",38,23.0
57,Q-Learning,E15,"(93, 58)",36,16.0
57,Q-Learning,E17,"(7, 51)",35,20.0
57,Q-Learning,E18,"(97, 95)",32,17.0
57,Q-Learning,E19,"(76, 4)",33,25.0
57,Q-Learning,E22,"(32, 73)",28,16.0
57,Q-Learning,E23,"(50, 24)",23,21.0
57,Q-Learning,E24,"(46, 14)",21,11.0
57,Q-Learning,E26,"(38, 47)",20,26.0
57,Q-Learning,E27,"(3, 70)",24,21.0
57,Q-Learning,E28,"(62, 59)",23,27.0
57,Q-Learning,E29,"(68, 76)",16,23.0
57,Q-Learning,E30,"(49, 20)",17,28.0
57,Q-Learning,E31,"(4, 70)",10,25.0
57,Q-Learning,E32,"(64, 39)",9,23.0
57,Q-Learning,E33,"(95, 82)",3,25.0
57,Q-Learning,E34,"(99, 21)",7,13.0
58,Greedy,E10,"(7, 21)",43,21.0
58,Greedy,E13,"(6, 42)",39,23.0
58,Greedy,E17,"(7, 51)",36,20.0
58,Greedy,E18,"(97, 95)",33,17.0
58,Greedy,E19,"(76, 4)",34,25.0
58,Greedy,E21,"(35, 95)",27,18.0
58,Greedy,E22,"(32, 73)",29,16.0
58,Greedy,E23,"(50, 24)",24,21.0
58,Greedy,E24,"(46, 14)",22,11.0
58,Greedy,E25,"(9, 8)",26,23.0
58,Greedy,E26,"(38, 47)",21,26.0
58,Greedy,E27,"(3, 70)",25,21.0
58,Greedy,E28,"(62, 59)",24,27.0
58,Greedy,E29,"(68, 76)",17,23.0
58,Greedy,E30,"(49, 20)",18,28.0
58,Greedy,E31,"(4, 70)",11,25.0
58,Greedy,E32,"(64, 39)",10,23.0
58,Greedy,E33,"(95, 82)",4,25.0
58,Greedy,E34,"(99, 21)",8,13.0
58,Greedy,E35,"(35, 68)",10,21.0
58,Auction,E10,"(7, 21)",43,21.0
58,Auction,E16,"(48, 64)",37,15.0
58,Auction,E18,"(97, 95)",33,17.0
58,Auction,E19,"(76, 4)",34,25.0
58,Auction,E22,"(32, 73)",29,16.0
58,Auction,E23,"(50, 24)",24,21.0
58,Auction,E25,"(9, 8)",26,23.0
58,Auction,E26,"(38, 47)",21,26.0
58,Auction,E27,"(3, 70)",25,21.0
58,Auction,E28,"(62, 59)",24,27.0
58,Auction,E29,"(68, 76)",17,23.0
58,Auction,E30,"(49, 20)",18,28.0
58,Auction,E31,"(4, 70)",11,25.0
58,Auction,E32,"(64, 39)",10,23.0
58,Auction,E33,"(95, 82)",4,25.0
58,Auction,E34,"(99, 21)",8,13.0
58,Auction,E35,"(35, 68)",10,21.0
58,Q-Learning,E11,"(36, 8)",44,12.0
58,Q-Learning,E13,"(6, 42)",39,23.0
58,Q-Learning,E15,"(93, 58)",37,16.0
58,Q-Learning,E17,"(7, 51)",36,20.0
58,Q-Learning,E18,"(97, 95)",33,17.0
58,Q-Learning,E19,"(76, 4)",34,25.0
58,Q-Learning,E22,"(32, 73)",29,16.0
58,Q-Learning,E23,"(50, 24)",24,21.0
58,Q-Learning,E24,"(46, 14)",22,11.0
58,Q-Learning,E26,"(38, 47)",21,26.0
58,Q-Learning,E27,"(3, 70)",25,21.0
58,Q-Learning,E28,"(62, 59)",24,27.0
58,Q-Learning,E29,"(68, 76)",17,23.0
58,Q-Learning,E30,"(49, 20)",18,28.0
58,Q-Learning,E31,"(4, 70)",11,25.0
58,Q-Learning,E32,"(64, 39)",10,23.0
58,Q-Learning,E33,"(95, 82)",4,25.0
58,Q-Learning,E34,"(99, 21)",8,13.0
58,Q-Learning,E35,"(35, 68)",10,21.0
59,Greedy,E10,"(7, 21)",44,21.0
59,Greedy,E13,"(6, 42)",40,23.0
59,Greedy,E17,"(7, 51)",37,20.0
59,Greedy,E18,"(97, 95)",34,17.0
59,Greedy,E19,"(76, 4)",35,25.0
59,Greedy,E21,"(35, 95)",28,18.0
59,Greedy,E22,"(32, 73)",30,16.0
59,Greedy,E23,"(50, 24)",25,21.0
59,Greedy,E24,"(46, 14)",23,11.0
59,Greedy,E25,"(9, 8)",27,23.0
59,Greedy,E26,"(38, 47)",22,26.0
59,Greedy,E27,"(3, 70)",26,21.0
59,Greedy,E28,"(62, 59)",25,27.0
59,Greedy,E29,"(68, 76)",18,23.0
59,Greedy,E30,"(49, 20)",19,28.0
59,Greedy,E31,"(4, 70)",12,25.0
59,Greedy,E32,"(64, 39)",11,23.0
59,Greedy,E33,"(95, 82)",5,25.0
59,Greedy,E34,"(99, 21)",9,13.0
59,Greedy,E35,"(35, 68)",11,21.0
59,Auction,E10,"(7, 21)",44,21.0
59,Auction,E16,"(48, 64)",38,15.0
59,Auction,E18,"(97, 95)",34,17.0
59,Auction,E19,"(76, 4)",35,25.0
59,Auction,E22,"(32, 73)",30,16.0
59,Auction,E23,"(50, 24)",25,21.0
59,Auction,E25,"(9, 8)",27,23.0
59,Auction,E26,"(38, 47)",22,26.0
59,Auction,E27,"(3, 70)",26,21.0
59,Auction,E28,"(62, 59)",25,27.0
59,Auction,E29,"(68, 76)",18,23.0
59,Auction,E30,"(49, 20)",19,28.0
59,Auction,E31,"(4, 70)",12,25.0
59,Auction,E32,"(64, 39)",11,23.0
59,Auction,E33,"(95, 82)",5,25.0
59,Auction,E34,"(99, 21)",9,13.0
59,Auction,E35,"(35, 68)",11,21.0
59,Q-Learning,E11,"(36, 8)",45,12.0
59,Q-Learning,E13,"(6, 42)",40,23.0
59,Q-Learning,E15,"(93, 58)",38,16.0
59,Q-Learning,E17,"(7, 51)",37,20.0
59,Q-Learning,E18,"(97, 95)",34,17.0
59,Q-Learning,E19,"(76, 4)",35,25.0
59,Q-Learning,E22,"(32, 73)",30,16.0
59,Q-Learning,E23,"(50, 24)",25,21.0
59,Q-Learning,E24,"(46, 14)",23,11.0
59,Q-Learning,E26,"(38, 47)",22,26.0
59,Q-Learning,E27,"(3, 70)",26,21.0
59,Q-Learning,E28,"(62, 59)",25,27.0
59,Q-Learning,E29,"(68, 76)",18,23.0
59,Q-Learning,E30,"(49, 20)",19,28.0
59,Q-Learning,E31,"(4, 70)",12,25.0
59,Q-Learning,E32,"(64, 39)",11,23.0
59,Q-Learning,E33,"(95, 82)",5,25.0
59,Q-Learning,E34,"(99, 21)",9,13.0
59,Q-Learning,E35,"(35, 68)",11,21.0
60,Greedy,E10,"(7, 21)",45,21.0
60,Greedy,E13,"(6, 42)",41,23.0
60,Greedy,E17,"(7, 51)",38,20.0
60,Greedy,E18,"(97, 95)",35,17.0
60,Greedy,E19,"(76, 4)",36,25.0
60,Greedy,E21,"(35, 95)",29,18.0
60,Greedy,E22,"(32, 73)",31,16.0
60,Greedy,E23,"(50, 24)",26,21.0
60,Greedy,E24,"(46, 14)",24,11.0
60,Greedy,E25,"(9, 8)",28,23.0
60,Greedy,E26,"(38, 47)",23,26.0
60,Greedy,E27,"(3, 70)",27,21.0
60,Greedy,E28,"(62, 59)",26,27.0
60,Greedy,E29,"(68, 76)",19,23.0
60,Greedy,E30,"(49, 20)",20,28.0
60,Greedy,E31,"(4, 70)",13,25.0
60,Greedy,E32,"(64, 39)",12,23.0
60,Greedy,E33,"(95, 82)",6,25.0
60,Greedy,E34,"(99, 21)",10,13.0
60,Greedy,E35,"(35, 68)",12,21.0
60,Greedy,E36,"(47, 82)",6,14.0
60,Auction,E10,"(7, 21)",45,21.0
60,Auction,E16,"(48, 64)",39,15.0
60,Auction,E18,"(97, 95)",35,17.0
60,Auction,E19,"(76, 4)",36,25.0
60,Auction,E22,"(32, 73)",31,16.0
60,Auction,E23,"(50, 24)",26,21.0
60,Auction,E25,"(9, 8)",28,23.0
60,Auction,E26,"(38, 47)",23,26.0
60,Auction,E27,"(3, 70)",27,21.0
60,Auction,E28,"(62, 59)",26,27.0
60,Auction,E29,"(68, 76)",19,23.0
60,Auction,E30,"(49, 20)",20,28.0
60,Auction,E31,"(4, 70)",13,25.0
60,Auction,E32,"(64, 39)",12,23.0
60,Auction,E33,"(95, 82)",6,25.0
60,Auction,E34,"(99, 21)",10,13.0
60,Auction,E35,"(35, 68)",12,21.0
60,Auction,E36,"(47, 82)",6,14.0
60,Q-Learning,E11,"(36, 8)",46,12.0
60,Q-Learning,E13,"(6, 42)",41,23.0
60,Q-Learning,E15,"(93, 58)",39,16.0
60,Q-Learning,E17,"(7, 51)",38,20.0
60,Q-Learning,E18,"(97, 95)",35,17.0
60,Q-Learning,E19,"(76, 4)",36,25.0
60,Q-Learning,E22,"(32, 73)",31,16.0
60,Q-Learning,E23,"(50, 24)",26,21.0
60,Q-Learning,E24,"(46, 14)",24,11.0
60,Q-Learning,E26,"(38, 47)",23,26.0
60,Q-Learning,E27,"(3, 70)",27,21.0
60,Q-Learning,E28,"(62, 59)",26,27.0
60,Q-Learning,E29,"(68, 76)",19,23.0
60,Q-Learning,E30,"(49, 20)",20,28.0
60,Q-Learning,E31,"(4, 70)",13,25.0
60,Q-Learning,E32,"(64, 39)",12,23.0
60,Q-Learning,E33,"(95, 82)",6,25.0
60,Q-Learning,E34,"(99, 21)",10,13.0
60,Q-Learning,E35,"(35, 68)",12,21.0
61,Greedy,E10,"(7, 21)",46,21.0
61,Greedy,E13,"(6, 42)",42,23.0
61,Greedy,E17,"(7, 51)",39,20.0
61,Greedy,E18,"(97, 95)",36,17.0
61,Greedy,E19,"(76, 4)",37,25.0
61,Greedy,E21,"(35, 95)",30,18.0
61,Greedy,E22,"(32, 73)",32,16.0
61,Greedy,E23,"(50, 24)",27,21.0
61,Greedy,E24,"(46, 14)",25,11.0
61,Greedy,E25,"(9, 8)",29,23.0
61,Greedy,E26,"(38, 47)",24,26.0
61,Greedy,E27,"(3, 70)",28,21.0
61,Greedy,E28,"(62, 59)",27,27.0
61,Greedy,E29,"(68, 76)",20,23.0
61,Greedy,E30,"(49, 20)",21,28.0
61,Greedy,E31,"(4, 70)",14,25.0
61,Greedy,E32,"(64, 39)",13,23.0
61,Greedy,E33,"(95, 82)",7,25.0
61,Greedy,E34,"(99, 21)",11,13.0
61,Greedy,E35,"(35, 68)",13,21.0
61,Greedy,E36,"(47, 82)",7,14.0
61,Auction,E10,"(7, 21)",46,21.0
61,Auction,E16,"(48, 64)",40,15.0
61,Auction,E18,"(97, 95)",36,17.0
61,Auction,E19,"(76, 4)",37,25.0
61,Auction,E22,"(32, 73)",32,16.0
61,Auction,E23,"(50, 24)",27,21.0
61,Auction,E25,"(9, 8)",29,23.0
61,Auction,E26,"(38, 47)",24,26.0
61,Auction,E27,"(3, 70)",28,21.0
61,Auction,E28,"(62, 59)",27,27.0
61,Auction,E29,"(68, 76)",20,23.0
61,Auction,E30,"(49, 20)",21,28.0
61,Auction,E31,"(4, 70)",14,25.0
61,Auction,E32,"(64, 39)",13,23.0
61,Auction,E33,"(95, 82)",7,25.0
61,Auction,E34,"(99, 21)",11,13.0
61,Auction,E35,"(35, 68)",13,21.0
61,Auction,E36,"(47, 82)",7,14.0
61,Q-Learning,E11,"(36, 8)",47,12.0
61,Q-Learning,E13,"(6, 42)",42,23.0
61,Q-Learning,E15,"(93, 58)",40,16.0
61,Q-Learning,E17,"(7, 51)",39,20.0
61,Q-Learning,E18,"(97, 95)",36,17.0
61,Q-Learning,E19,"(76, 4)",37,25.0
61,Q-Learning,E22,"(32, 73)",32,16.0
61,Q-Learning,E23,"(50, 24)",27,21.0
61,Q-Learning,E24,"(46, 14)",25,11.0
61,Q-Learning,E26,"(38, 47)",24,26.0
61,Q-Learning,E27,"(3, 70)",28,21.0
61,Q-Learning,E28,"(62, 59)",27,27.0
61,Q-Learning,E29,"(68, 76)",20,23.0
61,Q-Learning,E30,"(49, 20)",21,28.0
61,Q-Learning,E31,"(4, 70)",14,25.0
61,Q-Learning,E32,"(64, 39)",13,23.0
61,Q-Learning,E33,"(95, 82)",7,25.0
61,Q-Learning,E34,"(99, 21)",11,13.0
61,Q-Learning,E35,"(35, 68)",13,21.0
62,Greedy,E10,"(7, 21)",47,21.0
62,Greedy,E13,"(6, 42)",43,23.0
62,Greedy,E17,"(7, 51)",40,20.0
62,Greedy,E18,"(97, 95)",37,17.0
62,Greedy,E19,"(76, 4)",38,25.0
62,Greedy,E21,"(35, 95)",31,18.0
62,Greedy,E22,"(32, 73)",33,16.0
62,Greedy,E23,"(50, 24)",28,21.0
62,Greedy,E24,"(46, 14)",26,11.0
62,Greedy,E25,"(9, 8)",30,23.0
62,Greedy,E26,"(38, 47)",25,26.0
62,Greedy,E27,"(3, 70)",29,21.0
62,Greedy,E28,"(62, 59)",28,27.0
62,Greedy,E29,"(68, 76)",21,23.0
62,Greedy,E30,"(49, 20)",22,28.0
62,Greedy,E31,"(4, 70)",15,25.0
62,Greedy,E32,"(64, 39)",14,23.0
62,Greedy,E33,"(95, 82)",8,25.0
62,Greedy,E34,"(99, 21)",12,13.0
62,Greedy,E35,"(35, 68)",14,21.0
62,Greedy,E36,"(47, 82)",8,14.0
62,Auction,E10,"(7, 21)",47,21.0
62,Auction,E16,"(48, 64)",41,15.0
62,Auction,E18,"(97, 95)",37,17.0
62,Auction,E19,"(76, 4)",38,25.0
62,Auction,E22,"(32, 73)",33,16.0
62,Auction,E23,"(50, 24)",28,21.0
62,Auction,E25,"(9, 8)",30,23.0
62,Auction,E26,"(38, 47)",25,26.0
62,Auction,E27,"(3, 70)",29,21.0
62,Auction,E28,"(62, 59)",28,27.0
62,Auction,E29,"(68, 76)",21,23.0
62,Auction,E30,"(49, 20)",22,28.0
62,Auction,E31,"(4, 70)",15,25.0
62,Auction,E32,"(64, 39)",14,23.0
62,Auction,E33,"(95, 82)",8,25.0
62,Auction,E34,"(99, 21)",12,13.0
62,Auction,E35,"(35, 68)",14,21.0
62,Auction,E36,"(47, 82)",8,14.0
62,Q-Learning,E11,"(36, 8)",48,12.0
62,Q-Learning,E13,"(6, 42)",43,23.0
62,Q-Learning,E15,"(93, 58)",41,16.0
62,Q-Learning,E17,"(7, 51)",40,20.0
62,Q-Learning,E18,"(97, 95)",37,17.0
62,Q-Learning,E19,"(76, 4)",38,25.0
62,Q-Learning,E22,"(32, 73)",33,16.0
62,Q-Learning,E23,"(50, 24)",28,21.0
62,Q-Learning,E24,"(46, 14)",26,11.0
62,Q-Learning,E26,"(38, 47)",25,26.0
62,Q-Learning,E27,"(3, 70)",29,21.0
62,Q-Learning,E28,"(62, 59)",28,27.0
62,Q-Learning,E29,"(68, 76)",21,23.0
62,Q-Learning,E30,"(49, 20)",22,28.0
62,Q-Learning,E31,"(4, 70)",15,25.0
62,Q-Learning,E32,"(64, 39)",14,23.0
62,Q-Learning,E33,"(95, 82)",8,25.0
62,Q-Learning,E34,"(99, 21)",12,13.0
62,Q-Learning,E35,"(35, 68)",14,21.0
63,Greedy,E10,"(7, 21)",48,21.0
63,Greedy,E13,"(6, 42)",44,23.0
63,Greedy,E17,"(7, 51)",41,20.0
63,Greedy,E18,"(97, 95)",38,17.0
63,Greedy,E19,"(76, 4)",39,25.0
63,Greedy,E21,"(35, 95)",32,18.0
63,Greedy,E22,"(32, 73)",34,16.0
63,Greedy,E23,"(50, 24)",29,21.0
63,Greedy,E24,"(46, 14)",27,11.0
63,Greedy,E25,"(9, 8)",31,23.0
63,Greedy,E26,"(38, 47)",26,26.0
63,Greedy,E27,"(3, 70)",30,21.0
63,Greedy,E28,"(62, 59)",29,27.0
63,Greedy,E29,"(68, 76)",22,23.0
63,Greedy,E30,"(49, 20)",23,28.0
63,Greedy,E31,"(4, 70)",16,25.0
63,Greedy,E32,"(64, 39)",15,23.0
63,Greedy,E33,"(95, 82)",9,25.0
63,Greedy,E34,"(99, 21)",13,13.0
63,Greedy,E35,"(35, 68)",15,21.0
63,Greedy,E36,"(47, 82)",9,14.0
63,Auction,E10,"(7, 21)",48,21.0
63,Auction,E16,"(48, 64)",42,15.0
63,Auction,E18,"(97, 95)",38,17.0
63,Auction,E19,"(76, 4)",39,25.0
63,Auction,E22,"(32, 73)",34,16.0
63,Auction,E23,"(50, 24)",29,21.0
63,Auction,E25,"(9, 8)",31,23.0
63,Auction,E26,"(38, 47)",26,26.0
63,Auction,E27,"(3, 70)",30,21.0
63,Auction,E28,"(62, 59)",29,27.0
63,Auction,E29,"(68, 76)",22,23.0
63,Auction,E30,"(49, 20)",23,28.0
63,Auction,E31,"(4, 70)",16,25.0
63,Auction,E32,"(64, 39)",15,23.0
63,Auction,E33,"(95, 82)",9,25.0
63,Auction,E34,"(99, 21)",13,13.0
63,Auction,E35,"(35, 68)",15,21.0
63,Auction,E36,"(47, 82)",9,14.0
63,Q-Learning,E11,"(36, 8)",49,12.0
63,Q-Learning,E13,"(6, 42)",44,23.0
63,Q-Learning,E15,"(93, 58)",42,16.0
63,Q-Learning,E17,"(7, 51)",41,20.0
63,Q-Learning,E18,"(97, 95)",38,17.0
63,Q-Learning,E19,"(76, 4)",39,25.0
63,Q-Learning,E22,"(32, 73)",34,16.0
63,Q-Learning,E23,"(50, 24)",29,21.0
63,Q-Learning,E24,"(46, 14)",27,11.0
63,Q-Learning,E26,"(38, 47)",26,26.0
63,Q-Learning,E27,"(3, 70)",30,21.0
63,Q-Learning,E28,"(62, 59)",29,27.0
63,Q-Learning,E29,"(68, 76)",22,23.0
63,Q-Learning,E30,"(49, 20)",23,28.0
63,Q-Learning,E31,"(4, 70)",16,25.0
63,Q-Learning,E32,"(64, 39)",15,23.0
63,Q-Learning,E33,"(95, 82)",9,25.0
63,Q-Learning,E34,"(99, 21)",13,13.0
63,Q-Learning,E35,"(35, 68)",15,21.0
64,Greedy,E10,"(7, 21)",49,21.0
64,Greedy,E13,"(6, 42)",45,23.0
64,Greedy,E17,"(7, 51)",42,20.0
64,Greedy,E18,"(97, 95)",39,17.0
64,Greedy,E19,"(76, 4)",40,25.0
64,Greedy,E21,"(35, 95)",33,18.0
64,Greedy,E22,"(32, 73)",35,16.0
64,Greedy,E23,"(50, 24)",30,21.0
64,Greedy,E24,"(46, 14)",28,11.0
64,Greedy,E25,"(9, 8)",32,23.0
64,Greedy,E26,"(38, 47)",27,26.0
64,Greedy,E27,"(3, 70)",31,21.0
64,Greedy,E28,"(62, 59)",30,27.0
64,Greedy,E29,"(68, 76)",23,23.0
64,Greedy,E30,"(49, 20)",24,28.0
64,Greedy,E31,"(4, 70)",17,25.0
64,Greedy,E32,"(64, 39)",16,23.0
64,Greedy,E33,"(95, 82)",10,25.0
64,Greedy,E34,"(99, 21)",14,13.0
64,Greedy,E35,"(35, 68)",16,21.0
64,Greedy,E36,"(47, 82)",10,14.0
64,Auction,E10,"(7, 21)",49,21.0
64,Auction,E16,"(48, 64)",43,15.0
64,Auction,E18,"(97, 95)",39,17.0
64,Auction,E19,"(76, 4)",40,25.0
64,Auction,E22,"(32, 73)",35,16.0
64,Auction,E23,"(50, 24)",30,21.0
64,Auction,E25,"(9, 8)",32,23.0
64,Auction,E26,"(38, 47)",27,26.0
64,Auction,E27,"(3, 70)",31,21.0
64,Auction,E28,"(62, 59)",30,27.0
64,Auction,E29,"(68, 76)",23,23.0
64,Auction,E30,"(49, 20)",24,28.0
64,Auction,E31,"(4, 70)",17,25.0
64,Auction,E32,"(64, 39)",16,23.0
64,Auction,E33,"(95, 82)",10,25.0
64,Auction,E34,"(99, 21)",14,13.0
64,Auction,E35,"(35, 68)",16,21.0
64,Auction,E36,"(47, 82)",10,14.0
64,Q-Learning,E11,"(36, 8)",50,12.0
64,Q-Learning,E13,"(6, 42)",45,23.0
64,Q-Learning,E15,"(93, 58)",43,16.0
64,Q-Learning,E17,"(7, 51)",42,20.0
64,Q-Learning,E18,"(97, 95)",39,17.0
64,Q-Learning,E19,"(76, 4)",40,25.0
64,Q-Learning,E22,"(32, 73)",35,16.0
64,Q-Learning,E23,"(50, 24)",30,21.0
64,Q-Learning,E24,"(46, 14)",28,11.0
64,Q-Learning,E26,"(38, 47)",27,26.0
64,Q-Learning,E27,"(3, 70)",31,21.0
64,Q-Learning,E28,"(62, 59)",30,27.0
64,Q-Learning,E29,"(68, 76)",23,23.0
64,Q-Learning,E30,"(49, 20)",24,28.0
64,Q-Learning,E31,"(4, 70)",17,25.0
64,Q-Learning,E32,"(64, 39)",16,23.0
64,Q-Learning,E33,"(95, 82)",10,25.0
64,Q-Learning,E34,"(99, 21)",14,13.0
64,Q-Learning,E35,"(35, 68)",16,21.0
65,Greedy,E10,"(7, 21)",50,21.0
65,Greedy,E13,"(6, 42)",46,23.0
65,Greedy,E17,"(7, 51)",43,20.0
65,Greedy,E18,"(97, 95)",40,17.0
65,Greedy,E19,"(76, 4)",41,25.0
65,Greedy,E21,"(35, 95)",34,18.0
65,Greedy,E22,"(32, 73)",36,16.0
65,Greedy,E23,"(50, 24)",31,21.0
65,Greedy,E24,"(46, 14)",29,11.0
65,Greedy,E25,"(9, 8)",33,23.0
65,Greedy,E26,"(38, 47)",28,26.0
65,Greedy,E27,"(3, 70)",32,21.0
65,Greedy,E28,"(62, 59)",31,27.0
65,Greedy,E29,"(68, 76)",24,23.0
65,Greedy,E30,"(49, 20)",25,28.0
65,Greedy,E31,"(4, 70)",18,25.0
65,Greedy,E32,"(64, 39)",17,23.0
65,Greedy,E33,"(95, 82)",11,25.0
65,Greedy,E34,"(99, 21)",15,13.0
65,Greedy,E35,"(35, 68)",17,21.0
65,Greedy,E36,"(47, 82)",11,14.0
65,Greedy,E37,"(46, 47)",3,21.0
65,Auction,E10,"(7, 21)",50,21.0
65,Auction,E16,"(48, 64)",44,15.0
65,Auction,E18,"(97, 95)",40,17.0
65,Auction,E19,"(76, 4)",41,25.0
65,Auction,E22,"(32, 73)",36,16.0
65,Auction,E23,"(50, 24)",31,21.0
65,Auction,E25,"(9, 8)",33,23.0
65,Auction,E26,"(38, 47)",28,26.0
65,Auction,E27,"(3, 70)",32,21.0
65,Auction,E28,"(62, 59)",31,27.0
65,Auction,E29,"(68, 76)",24,23.0
65,Auction,E30,"(49, 20)",25,28.0
65,Auction,E31,"(4, 70)",18,25.0
65,Auction,E32,"(64, 39)",17,23.0
65,Auction,E33,"(95, 82)",11,25.0
65,Auction,E34,"(99, 21)",15,13.0
65,Auction,E35,"(35, 68)",17,21.0
65,Auction,E36,"(47, 82)",11,14.0
65,Auction,E37,"(46, 47)",3,21.0
65,Q-Learning,E11,"(36, 8)",51,12.0
65,Q-Learning,E13,"(6, 42)",46,23.0
65,Q-Learning,E15,"(93, 58)",44,16.0
65,Q-Learning,E17,"(7, 51)",43,20.0
65,Q-Learning,E18,"(97, 95)",40,17.0
65,Q-Learning,E19,"(76, 4)",41,25.0
65,Q-Learning,E22,"(32, 73)",36,16.0
65,Q-Learning,E23,"(50, 24)",31,21.0
65,Q-Learning,E24,"(46, 14)",29,11.0
65,Q-Learning,E26,"(38, 47)",28,26.0
65,Q-Learning,E27,"(3, 70)",32,21.0
65,Q-Learning,E28,"(62, 59)",31,27.0
65,Q-Learning,E29,"(68, 76)",24,23.0
65,Q-Learning,E30,"(49, 20)",25,28.0
65,Q-Learning,E31,"(4, 70)",18,25.0
65,Q-Learning,E32,"(64, 39)",17,23.0
65,Q-Learning,E33,"(95, 82)",11,25.0
65,Q-Learning,E34,"(99, 21)",15,13.0
65,Q-Learning,E35,"(35, 68)",17,21.0
65,Q-Learning,E37,"(46, 47)",3,21.0
66,Greedy,E10,"(7, 21)",51,21.0
66,Greedy,E13,"(6, 42)",47,23.0
66,Greedy,E17,"(7, 51)",44,20.0
66,Greedy,E18,"(97, 95)",41,17.0
66,Greedy,E19,"(76, 4)",42,25.0
66,Greedy,E21,"(35, 95)",35,18.0
66,Greedy,E22,"(32, 73)",37,16.0
66,Greedy,E23,"(50, 24)",32,21.0
66,Greedy,E24,"(46, 14)",30,11.0
66,Greedy,E25,"(9, 8)",34,23.0
66,Greedy,E26,"(38, 47)",29,26.0
66,Greedy,E27,"(3, 70)",33,21.0
66,Greedy,E28,"(62, 59)",32,27.0
66,Greedy,E29,"(68, 76)",25,23.0
66,Greedy,E30,"(49, 20)",26,28.0
66,Greedy,E31,"(4, 70)",19,25.0
66,Greedy,E32,"(64, 39)",18,23.0
66,Greedy,E33,"(95, 82)",12,25.0
66,Greedy,E34,"(99, 21)",16,13.0
66,Greedy,E35,"(35, 68)",18,21.0
66,Greedy,E36,"(47, 82)",12,14.0
66,Greedy,E37,"(46, 47)",4,21.0
66,Greedy,E38,"(19, 37)",7,11.0
66,Auction,E10,"(7, 21)",51,21.0
66,Auction,E16,"(48, 64)",45,15.0
66,Auction,E18,"(97, 95)",41,17.0
66,Auction,E19,"(76, 4)",42,25.0
66,Auction,E22,"(32, 73)",37,16.0
66,Auction,E23,"(50, 24)",32,21.0
66,Auction,E25,"(9, 8)",34,23.0
66,Auction,E26,"(38, 47)",29,26.0
66,Auction,E27,"(3, 70)",33,21.0
66,Auction,E28,"(62, 59)",32,27.0
66,Auction,E29,"(68, 76)",25,23.0
66,Auction,E30,"(49, 20)",26,28.0
66,Auction,E31,"(4, 70)",19,25.0
66,Auction,E32,"(64, 39)",18,23.0
66,Auction,E33,"(95, 82)",12,25.0
66,Auction,E34,"(99, 21)",16,13.0
66,Auction,E35,"(35, 68)",18,21.0
66,Auction,E36,"(47, 82)",12,14.0
66,Auction,E37,"(46, 47)",4,21.0
66,Auction,E38,"(19, 37)",7,11.0
66,Q-Learning,E11,"(36, 8)",52,12.0
66,Q-Learning,E13,"(6, 42)",47,23.0
66,Q-Learning,E15,"(93, 58)",45,16.0
66,Q-Learning,E17,"(7, 51)",44,20.0
66,Q-Learning,E18,"(97, 95)",41,17.0
66,Q-Learning,E19,"(76, 4)",42,25.0
66,Q-Learning,E22,"(32, 73)",37,16.0
66,Q-Learning,E23,"(50, 24)",32,21.0
66,Q-Learning,E24,"(46, 14)",30,11.0
66,Q-Learning,E26,"(38, 47)",29,26.0
66,Q-Learning,E27,"(3, 70)",33,21.0
66,Q-Learning,E28,"(62, 59)",32,27.0
66,Q-Learning,E29,"(68, 76)",25,23.0
66,Q-Learning,E30,"(49, 20)",26,28.0
66,Q-Learning,E31,"(4, 70)",19,25.0
66,Q-Learning,E32,"(64, 39)",18,23.0
66,Q-Learning,E33,"(95, 82)",12,25.0
66,Q-Learning,E34,"(99, 21)",16,13.0
66,Q-Learning,E35,"(35, 68)",18,21.0
66,Q-Learning,E37,"(46, 47)",4,21.0
66,Q-Learning,E38,"(19, 37)",7,11.0
67,Greedy,E10,"(7, 21)",52,21.0
67,Greedy,E13,"(6, 42)",48,23.0
67,Greedy,E17,"(7, 51)",45,20.0
67,Greedy,E18,"(97, 95)",42,17.0
67,Greedy,E19,"(76, 4)",43,25.0
67,Greedy,E21,"(35, 95)",36,18.0
67,Greedy,E22,"(32, 73)",38,16.0
67,Greedy,E23,"(50, 24)",33,21.0
67,Greedy,E24,"(46, 14)",31,11.0
67,Greedy,E25,"(9, 8)",35,23.0
67,Greedy,E26,"(38, 47)",30,26.0
67,Greedy,E27,"(3, 70)",34,21.0
67,Greedy,E28,"(62, 59)",33,27.0
67,Greedy,E29,"(68, 76)",26,23.0
67,Greedy,E30,"(49, 20)",27,28.0
67,Greedy,E31,"(4, 70)",20,25.0
67,Greedy,E32,"(64, 39)",19,23.0
67,Greedy,E33,"(95, 82)",13,25.0
67,Greedy,E34,"(99, 21)",17,13.0
67,Greedy,E35,"(35, 68)",19,21.0
67,Greedy,E36,"(47, 82)",13,14.0
67,Greedy,E37,"(46, 47)",5,21.0
67,Greedy,E38,"(19, 37)",8,11.0
67,Greedy,E39,"(2, 59)",4,21.0
67,Auction,E10,"(7, 21)",52,21.0
67,Auction,E16,"(48, 64)",46,15.0
67,Auction,E18,"(97, 95)",42,17.0
67,Auction,E19,"(76, 4)",43,25.0
67,Auction,E22,"(32, 73)",38,16.0
67,Auction,E23,"(50, 24)",33,21.0
67,Auction,E25,"(9, 8)",35,23.0
67,Auction,E26,"(38, 47)",30,26.0
67,Auction,E27,"(3, 70)",34,21.0
67,Auction,E28,"(62, 59)",33,27.0
67,Auction,E29,"(68, 76)",26,23.0
67,Auction,E30,"(49, 20)",27,28.0
67,Auction,E31,"(4, 70)",20,25.0
67,Auction,E32,"(64, 39)",19,23.0
67,Auction,E33,"(95, 82)",13,25.0
67,Auction,E34,"(99, 21)",17,13.0
67,Auction,E35,"(35, 68)",19,21.0
67,Auction,E36,"(47, 82)",13,14.0
67,Auction,E37,"(46, 47)",5,21.0
67,Auction,E38,"(19, 37)",8,11.0
67,Auction,E39,"(2, 59)",4,21.0
67,Q-Learning,E11,"(36, 8)",53,12.0
67,Q-Learning,E13,"(6, 42)",48,23.0
67,Q-Learning,E15,"(93, 58)",46,16.0
67,Q-Learning,E17,"(7, 51)",45,20.0
67,Q-Learning,E18,"(97, 95)",42,17.0
67,Q-Learning,E19,"(76, 4)",43,25.0
67,Q-Learning,E22,"(32, 73)",38,16.0
67,Q-Learning,E23,"(50, 24)",33,21.0
67,Q-Learning,E24,"(46, 14)",31,11.0
67,Q-Learning,E26,"(38, 47)",30,26.0
67,Q-Learning,E27,"(3, 70)",34,21.0
67,Q-Learning,E28,"(62, 59)",33,27.0
67,Q-Learning,E29,"(68, 76)",26,23.0
67,Q-Learning,E30,"(49, 20)",27,28.0
67,Q-Learning,E31,"(4, 70)",20,25.0
67,Q-Learning,E32,"(64, 39)",19,23.0
67,Q-Learning,E33,"(95, 82)",13,25.0
67,Q-Learning,E34,"(99, 21)",17,13.0
67,Q-Learning,E35,"(35, 68)",19,21.0
67,Q-Learning,E37,"(46, 47)",5,21.0
67,Q-Learning,E38,"(19, 37)",8,11.0
67,Q-Learning,E39,"(2, 59)",4,21.0
68,Greedy,E10,"(7, 21)",53,21.0
68,Greedy,E13,"(6, 42)",49,23.0
68,Greedy,E17,"(7, 51)",46,20.0
68,Greedy,E18,"(97, 95)",43,17.0
68,Greedy,E19,"(76, 4)",44,25.0
68,Greedy,E21,"(35, 95)",37,18.0
68,Greedy,E22,"(32, 73)",39,16.0
68,Greedy,E23,"(50, 24)",34,21.0
68,Greedy,E24,"(46, 14)",32,11.0
68,Greedy,E25,"(9, 8)",36,23.0
68,Greedy,E26,"(38, 47)",31,26.0
68,Greedy,E27,"(3, 70)",35,21.0
68,Greedy,E28,"(62, 59)",34,27.0
68,Greedy,E29,"(68, 76)",27,23.0
68,Greedy,E30,"(49, 20)",28,28.0
68,Greedy,E31,"(4, 70)",21,25.0
68,Greedy,E32,"(64, 39)",20,23.0
68,Greedy,E33,"(95, 82)",14,25.0
68,Greedy,E34,"(99, 21)",18,13.0
68,Greedy,E35,"(35, 68)",20,21.0
68,Greedy,E36,"(47, 82)",14,14.0
68,Greedy,E37,"(46, 47)",6,21.0
68,Greedy,E38,"(19, 37)",9,11.0
68,Greedy,E39,"(2, 59)",5,21.0
68,Greedy,E40,"(62, 24)",7,14.0
68,Auction,E10,"(7, 21)",53,21.0
68,Auction,E16,"(48, 64)",47,15.0
68,Auction,E18,"(97, 95)",43,17.0
68,Auction,E19,"(76, 4)",44,25.0
68,Auction,E22,"(32, 73)",39,16.0
68,Auction,E23,"(50, 24)",34,21.0
68,Auction,E25,"(9, 8)",36,23.0
68,Auction,E26,"(38, 47)",31,26.0
68,Auction,E27,"(3, 70)",35,21.0
68,Auction,E28,"(62, 59)",34,27.0
68,Auction,E29,"(68, 76)",27,23.0
68,Auction,E30,"(49, 20)",28,28.0
68,Auction,E31,"(4, 70)",21,25.0
68,Auction,E32,"(64, 39)",20,23.0
68,Auction,E33,"(95, 82)",14,25.0
68,Auction,E34,"(99, 21)",18,13.0
68,Auction,E35,"(35, 68)",20,21.0
68,Auction,E36,"(47, 82)",14,14.0
68,Auction,E37,"(46, 47)",6,21.0
68,Auction,E38,"(19, 37)",9,11.0
68,Auction,E39,"(2, 59)",5,21.0
68,Q-Learning,E11,"(36, 8)",54,12.0
68,Q-Learning,E13,"(6, 42)",49,23.0
68,Q-Learning,E15,"(93, 58)",47,16.0
68,Q-Learning,E17,"(7, 51)",46,20.0
68,Q-Learning,E18,"(97, 95)",43,17.0
68,Q-Learning,E19,"(76, 4)",44,25.0
68,Q-Learning,E22,"(32, 73)",39,16.0
68,Q-Learning,E23,"(50, 24)",34,21.0
68,Q-Learning,E24,"(46, 14)",32,11.0
68,Q-Learning,E26,"(38, 47)",31,26.0
68,Q-Learning,E27,"(3, 70)",35,21.0
68,Q-Learning,E28,"(62, 59)",34,27.0
68,Q-Learning,E29,"(68, 76)",27,23.0
68,Q-Learning,E30,"(49, 20)",28,28.0
68,Q-Learning,E31,"(4, 70)",21,25.0
68,Q-Learning,E32,"(64, 39)",20,23.0
68,Q-Learning,E33,"(95, 82)",14,25.0
68,Q-Learning,E34,"(99, 21)",18,13.0
68,Q-Learning,E35,"(35, 68)",20,21.0
68,Q-Learning,E37,"(46, 47)",6,21.0
68,Q-Learning,E38,"(19, 37)",9,11.0
68,Q-Learning,E39,"(2, 59)",5,21.0
68,Q-Learning,E40,"(62, 24)",7,14.0
69,Greedy,E10,"(7, 21)",54,21.0
69,Greedy,E13,"(6, 42)",50,23.0
69,Greedy,E17,"(7, 51)",47,20.0
69,Greedy,E18,"(97, 95)",44,17.0
69,Greedy,E19,"(76, 4)",45,25.0
69,Greedy,E21,"(35, 95)",38,18.0
69,Greedy,E22,"(32, 73)",40,16.0
69,Greedy,E23,"(50, 24)",35,21.0
69,Greedy,E24,"(46, 14)",33,11.0
69,Greedy,E25,"(9, 8)",37,23.0
69,Greedy,E26,"(38, 47)",32,26.0
69,Greedy,E27,"(3, 70)",36,21.0
69,Greedy,E28,"(62, 59)",35,27.0
69,Greedy,E29,"(68, 76)",28,23.0
69,Greedy,E30,"(49, 20)",29,28.0
69,Greedy,E31,"(4, 70)",22,25.0
69,Greedy,E32,"(64, 39)",21,23.0
69,Greedy,E33,"(95, 82)",15,25.0
69,Greedy,E34,"(99, 21)",19,13.0
69,Greedy,E35,"(35, 68)",21,21.0
69,Greedy,E36,"(47, 82)",15,14.0
69,Greedy,E37,"(46, 47)",7,21.0
69,Greedy,E38,"(19, 37)",10,11.0
69,Greedy,E39,"(2, 59)",6,21.0
69,Greedy,E40,"(62, 24)",8,14.0
69,Auction,E10,"(7, 21)",54,21.0
69,Auction,E16,"(48, 64)",48,15.0
69,Auction,E18,"(97, 95)",44,17.0
69,Auction,E19,"(76, 4)",45,25.0
69,Auction,E22,"(32, 73)",40,16.0
69,Auction,E23,"(50, 24)",35,21.0
69,Auction,E25,"(9, 8)",37,23.0
69,Auction,E26,"(38, 47)",32,26.0
69,Auction,E27,"(3, 70)",36,21.0
69,Auction,E28,"(62, 59)",35,27.0
69,Auction,E29,"(68, 76)",28,23.0
69,Auction,E30,"(49, 20)",29,28.0
69,Auction,E31,"(4, 70)",22,25.0
69,Auction,E32,"(64, 39)",21,23.0
69,Auction,E33,"(95, 82)",15,25.0
69,Auction,E34,"(99, 21)",19,13.0
69,Auction,E35,"(35, 68)",21,21.0
69,Auction,E36,"(47, 82)",15,14.0
69,Auction,E37,"(46, 47)",7,21.0
69,Auction,E38,"(19, 37)",10,11.0
69,Auction,E39,"(2, 59)",6,21.0
69,Q-Learning,E11,"(36, 8)",55,12.0
69,Q-Learning,E13,"(6, 42)",50,23.0
69,Q-Learning,E15,"(93, 58)",48,16.0
69,Q-Learning,E17,"(7, 51)",47,20.0
69,Q-Learning,E18,"(97, 95)",44,17.0
69,Q-Learning,E19,"(76, 4)",45,25.0
69,Q-Learning,E22,"(32, 73)",40,16.0
69,Q-Learning,E23,"(50, 24)",35,21.0
69,Q-Learning,E24,"(46, 14)",33,11.0
69,Q-Learning,E26,"(38, 47)",32,26.0
69,Q-Learning,E27,"(3, 70)",36,21.0
69,Q-Learning,E28,"(62, 59)",35,27.0
69,Q-Learning,E29,"(68, 76)",28,23.0
69,Q-Learning,E30,"(49, 20)",29,28.0
69,Q-Learning,E31,"(4, 70)",22,25.0
69,Q-Learning,E32,"(64, 39)",21,23.0
69,Q-Learning,E33,"(95, 82)",15,25.0
69,Q-Learning,E34,"(99, 21)",19,13.0
69,Q-Learning,E35,"(35, 68)",21,21.0
69,Q-Learning,E37,"(46, 47)",7,21.0
69,Q-Learning,E38,"(19, 37)",10,11.0
69,Q-Learning,E39,"(2, 59)",6,21.0
69,Q-Learning,E40,"(62, 24)",8,14.0
70,Greedy,E10,"(7, 21)",55,21.0
70,Greedy,E13,"(6, 42)",51,23.0
70,Greedy,E17,"(7, 51)",48,20.0
70,Greedy,E18,"(97, 95)",45,17.0
70,Greedy,E19,"(76, 4)",46,25.0
70,Greedy,E21,"(35, 95)",39,18.0
70,Greedy,E22,"(32, 73)",41,16.0
70,Greedy,E23,"(50, 24)",36,21.0
70,Greedy,E24,"(46, 14)",34,11.0
70,Greedy,E25,"(9, 8)",38,23.0
70,Greedy,E26,"(38, 47)",33,26.0
70,Greedy,E27,"(3, 70)",37,21.0
70,Greedy,E28,"(62, 59)",36,27.0
70,Greedy,E29,"(68, 76)",29,23.0
70,Greedy,E30,"(49, 20)",30,28.0
70,Greedy,E31,"(4, 70)",23,25.0
70,Greedy,E32,"(64, 39)",22,23.0
70,Greedy,E33,"(95, 82)",16,25.0
70,Greedy,E34,"(99, 21)",20,13.0
70,Greedy,E35,"(35, 68)",22,21.0
70,Greedy,E36,"(47, 82)",16,14.0
70,Greedy,E37,"(46, 47)",8,21.0
70,Greedy,E38,"(19, 37)",11,11.0
70,Greedy,E39,"(2, 59)",7,21.0
70,Greedy,E40,"(62, 24)",9,14.0
70,Auction,E10,"(7, 21)",55,21.0
70,Auction,E16,"(48, 64)",49,15.0
70,Auction,E18,"(97, 95)",45,17.0
70,Auction,E19,"(76, 4)",46,25.0
70,Auction,E22,"(32, 73)",41,16.0
70,Auction,E23,"(50, 24)",36,21.0
70,Auction,E25,"(9, 8)",38,23.0
70,Auction,E26,"(38, 47)",33,26.0
70,Auction,E27,"(3, 70)",37,21.0
70,Auction,E28,"(62, 59)",36,27.0
70,Auction,E29,"(68, 76)",29,23.0
70,Auction,E30,"(49, 20)",30,28.0
70,Auction,E31,"(4, 70)",23,25.0
70,Auction,E32,"(64, 39)",22,23.0
70,Auction,E33,"(95, 82)",16,25.0
70,Auction,E34,"(99, 21)",20,13.0
70,Auction,E35,"(35, 68)",22,21.0
70,Auction,E36,"(47, 82)",16,14.0
70,Auction,E37,"(46, 47)",8,21.0
70,Auction,E38,"(19, 37)",11,11.0
70,Auction,E39,"(2, 59)",7,21.0
70,Q-Learning,E11,"(36, 8)",56,12.0
70,Q-Learning,E13,"(6, 42)",51,23.0
70,Q-Learning,E15,"(93, 58)",49,16.0
70,Q-Learning,E17,"(7, 51)",48,20.0
70,Q-Learning,E18,"(97, 95)",45,17.0
70,Q-Learning,E19,"(76, 4)",46,25.0
70,Q-Learning,E22,"(32, 73)",41,16.0
70,Q-Learning,E23,"(50, 24)",36,21.0
70,Q-Learning,E24,"(46, 14)",34,11.0
70,Q-Learning,E26,"(38, 47)",33,26.0
70,Q-Learning,E27,"(3, 70)",37,21.0
70,Q-Learning,E28,"(62, 59)",36,27.0
70,Q-Learning,E29,"(68, 76)",29,23.0
70,Q-Learning,E30,"(49, 20)",30,28.0
70,Q-Learning,E31,"(4, 70)",23,25.0
70,Q-Learning,E32,"(64, 39)",22,23.0
70,Q-Learning,E33,"(95, 82)",16,25.0
70,Q-Learning,E34,"(99, 21)",20,13.0
70,Q-Learning,E35,"(35, 68)",22,21.0
70,Q-Learning,E37,"(46, 47)",8,21.0
70,Q-Learning,E38,"(19, 37)",11,11.0
70,Q-Learning,E39,"(2, 59)",7,21.0
70,Q-Learning,E40,"(62, 24)",9,14.0
71,Greedy,E10,"(7, 21)",56,21.0
71,Greedy,E13,"(6, 42)",52,23.0
71,Greedy,E17,"(7, 51)",49,20.0
71,Greedy,E18,"(97, 95)",46,17.0
71,Greedy,E19,"(76, 4)",47,25.0
71,Greedy,E21,"(35, 95)",40,18.0
71,Greedy,E22,"(32, 73)",42,16.0
71,Greedy,E23,"(50, 24)",37,21.0
71,Greedy,E24,"(46, 14)",35,11.0
71,Greedy,E25,"(9, 8)",39,23.0
71,Greedy,E26,"(38, 47)",34,26.0
71,Greedy,E27,"(3, 70)",38,21.0
71,Greedy,E28,"(62, 59)",37,27.0
71,Greedy,E29,"(68, 76)",30,23.0
71,Greedy,E30,"(49, 20)",31,28.0
71,Greedy,E31,"(4, 70)",24,25.0
71,Greedy,E32,"(64, 39)",23,23.0
71,Greedy,E33,"(95, 82)",17,25.0
71,Greedy,E34,"(99, 21)",21,13.0
71,Greedy,E35,"(35, 68)",23,21.0
71,Greedy,E36,"(47, 82)",17,14.0
71,Greedy,E37,"(46, 47)",9,21.0
71,Greedy,E38,"(19, 37)",12,11.0
71,Greedy,E39,"(2, 59)",8,21.0
71,Greedy,E40,"(62, 24)",10,14.0
71,Greedy,E41,"(85, 36)",1,25.0
71,Auction,E10,"(7, 21)",56,21.0
71,Auction,E16,"(48, 64)",50,15.0
71,Auction,E18,"(97, 95)",46,17.0
71,Auction,E19,"(76, 4)",47,25.0
71,Auction,E22,"(32, 73)",42,16.0
71,Auction,E23,"(50, 24)",37,21.0
71,Auction,E25,"(9, 8)",39,23.0
71,Auction,E26,"(38, 47)",34,26.0
71,Auction,E27,"(3, 70)",38,21.0
71,Auction,E28,"(62, 59)",37,27.0
71,Auction,E29,"(68, 76)",30,23.0
71,Auction,E30,"(49, 20)",31,28.0
71,Auction,E31,"(4, 70)",24,25.0
71,Auction,E32,"(64, 39)",23,23.0
71,Auction,E33,"(95, 82)",17,25.0
71,Auction,E34,"(99, 21)",21,13.0
71,Auction,E35,"(35, 68)",23,21.0
71,Auction,E36,"(47, 82)",17,14.0
71,Auction,E37,"(46, 47)",9,21.0
71,Auction,E38,"(19, 37)",12,11.0
71,Auction,E39,"(2, 59)",8,21.0
71,Auction,E41,"(85, 36)",1,25.0
71,Q-Learning,E11,"(36, 8)",57,12.0
71,Q-Learning,E13,"(6, 42)",52,23.0
71,Q-Learning,E15,"(93, 58)",50,16.0
71,Q-Learning,E17,"(7, 51)",49,20.0
71,Q-Learning,E18,"(97, 95)",46,17.0
71,Q-Learning,E19,"(76, 4)",47,25.0
71,Q-Learning,E22,"(32, 73)",42,16.0
71,Q-Learning,E23,"(50, 24)",37,21.0
71,Q-Learning,E24,"(46, 14)",35,11.0
71,Q-Learning,E26,"(38, 47)",34,26.0
71,Q-Learning,E27,"(3, 70)",38,21.0
71,Q-Learning,E28,"(62, 59)",37,27.0
71,Q-Learning,E29,"(68, 76)",30,23.0
71,Q-Learning,E30,"(49, 20)",31,28.0
71,Q-Learning,E31,"(4, 70)",24,25.0
71,Q-Learning,E32,"(64, 39)",23,23.0
71,Q-Learning,E33,"(95, 82)",17,25.0
71,Q-Learning,E34,"(99, 21)",21,13.0
71,Q-Learning,E35,"(35, 68)",23,21.0
71,Q-Learning,E37,"(46, 47)",9,21.0
71,Q-Learning,E38,"(19, 37)",12,11.0
71,Q-Learning,E39,"(2, 59)",8,21.0
71,Q-Learning,E40,"(62, 24)",10,14.0
71,Q-Learning,E41,"(85, 36)",1,25.0
72,Greedy,E10,"(7, 21)",57,21.0
72,Greedy,E13,"(6, 42)",53,23.0
72,Greedy,E17,"(7, 51)",50,20.0
72,Greedy,E18,"(97, 95)",47,17.0
72,Greedy,E19,"(76, 4)",48,25.0
72,Greedy,E21,"(35, 95)",41,18.0
72,Greedy,E22,"(32, 73)",43,16.0
72,Greedy,E23,"(50, 24)",38,21.0
72,Greedy,E24,"(46, 14)",36,11.0
72,Greedy,E25,"(9, 8)",40,23.0
72,Greedy,E26,"(38, 47)",35,26.0
72,Greedy,E27,"(3, 70)",39,21.0
72,Greedy,E28,"(62, 59)",38,27.0
72,Greedy,E29,"(68, 76)",31,23.0
72,Greedy,E30,"(49, 20)",32,28.0
72,Greedy,E31,"(4, 70)",25,25.0
72,Greedy,E32,"(64, 39)",24,23.0
72,Greedy,E33,"(95, 82)",18,25.0
72,Greedy,E34,"(99, 21)",22,13.0
72,Greedy,E35,"(35, 68)",24,21.0
72,Greedy,E36,"(47, 82)",18,14.0
72,Greedy,E37,"(46, 47)",10,21.0
72,Greedy,E38,"(19, 37)",13,11.0
72,Greedy,E39,"(2, 59)",9,21.0
72,Greedy,E40,"(62, 24)",11,14.0
72,Greedy,E41,"(85, 36)",2,25.0
72,Auction,E10,"(7, 21)",57,21.0
72,Auction,E16,"(48, 64)",51,15.0
72,Auction,E18,"(97, 95)",47,17.0
72,Auction,E19,"(76, 4)",48,25.0
72,Auction,E22,"(32, 73)",43,16.0
72,Auction,E23,"(50, 24)",38,21.0
72,Auction,E25,"(9, 8)",40,23.0
72,Auction,E26,"(38, 47)",35,26.0
72,Auction,E27,"(3, 70)",39,21.0
72,Auction,E28,"(62, 59)",38,27.0
72,Auction,E29,"(68, 76)",31,23.0
72,Auction,E30,"(49, 20)",32,28.0
72,Auction,E31,"(4, 70)",25,25.0
72,Auction,E32,"(64, 39)",24,23.0
72,Auction,E33,"(95, 82)",18,25.0
72,Auction,E34,"(99, 21)",22,13.0
72,Auction,E35,"(35, 68)",24,21.0
72,Auction,E36,"(47, 82)",18,14.0
72,Auction,E37,"(46, 47)",10,21.0
72,Auction,E38,"(19, 37)",13,11.0
72,Auction,E39,"(2, 59)",9,21.0
72,Auction,E41,"(85, 36)",2,25.0
72,Q-Learning,E11,"(36, 8)",58,12.0
72,Q-Learning,E13,"(6, 42)",53,23.0
72,Q-Learning,E15,"(93, 58)",51,16.0
72,Q-Learning,E17,"(7, 51)",50,20.0
72,Q-Learning,E18,"(97, 95)",47,17.0
72,Q-Learning,E19,"(76, 4)",48,25.0
72,Q-Learning,E22,"(32, 73)",43,16.0
72,Q-Learning,E23,"(50, 24)",38,21.0
72,Q-Learning,E24,"(46, 14)",36,11.0
72,Q-Learning,E26,"(38, 47)",35,26.0
72,Q-Learning,E27,"(3, 70)",39,21.0
72,Q-Learning,E28,"(62, 59)",38,27.0
72,Q-Learning,E29,"(68, 76)",31,23.0
72,Q-Learning,E30,"(49, 20)",32,28.0
72,Q-Learning,E31,"(4, 70)",25,25.0
72,Q-Learning,E32,"(64, 39)",24,23.0
72,Q-Learning,E33,"(95, 82)",18,25.0
72,Q-Learning,E34,"(99, 21)",22,13.0
72,Q-Learning,E35,"(35, 68)",24,21.0
72,Q-Learning,E37,"(46, 47)",10,21.0
72,Q-Learning,E38,"(19, 37)",13,11.0
72,Q-Learning,E39,"(2, 59)",9,21.0
72,Q-Learning,E40,"(62, 24)",11,14.0
72,Q-Learning,E41,"(85, 36)",2,25.0
73,Greedy,E10,"(7, 21)",58,21.0
73,Greedy,E13,"(6, 42)",54,23.0
73,Greedy,E17,"(7, 51)",51,20.0
73,Greedy,E18,"(97, 95)",48,17.0
73,Greedy,E19,"(76, 4)",49,25.0
73,Greedy,E21,"(35, 95)",42,18.0
73,Greedy,E22,"(32, 73)",44,16.0
73,Greedy,E23,"(50, 24)",39,21.0
73,Greedy,E24,"(46, 14)",37,11.0
73,Greedy,E25,"(9, 8)",41,23.0
73,Greedy,E26,"(38, 47)",36,26.0
73,Greedy,E27,"(3, 70)",40,21.0
73,Greedy,E28,"(62, 59)",39,27.0
73,Greedy,E29,"(68, 76)",32,23.0
73,Greedy,E30,"(49, 20)",33,28.0
73,Greedy,E31,"(4, 70)",26,25.0
73,Greedy,E32,"(64, 39)",25,23.0
73,Greedy,E33,"(95, 82)",19,25.0
73,Greedy,E34,"(99, 21)",23,13.0
73,Greedy,E35,"(35, 68)",25,21.0
73,Greedy,E36,"(47, 82)",19,14.0
73,Greedy,E37,"(46, 47)",11,21.0
73,Greedy,E38,"(19, 37)",14,11.0
73,Greedy,E39,"(2, 59)",10,21.0
73,Greedy,E40,"(62, 24)",12,14.0
73,Greedy,E41,"(85, 36)",3,25.0
73,Auction,E10,"(7, 21)",58,21.0
73,Auction,E16,"(48, 64)",52,15.0
73,Auction,E18,"(97, 95)",48,17.0
73,Auction,E19,"(76, 4)",49,25.0
73,Auction,E22,"(32, 73)",44,16.0
73,Auction,E23,"(50, 24)",39,21.0
73,Auction,E25,"(9, 8)",41,23.0
73,Auction,E26,"(38, 47)",36,26.0
73,Auction,E27,"(3, 70)",40,21.0
73,Auction,E28,"(62, 59)",39,27.0
73,Auction,E29,"(68, 76)",32,23.0
73,Auction,E30,"(49, 20)",33,28.0
73,Auction,E31,"(4, 70)",26,25.0
73,Auction,E32,"(64, 39)",25,23.0
73,Auction,E33,"(95, 82)",19,25.0
73,Auction,E34,"(99, 21)",23,13.0
73,Auction,E35,"(35, 68)",25,21.0
73,Auction,E36,"(47, 82)",19,14.0
73,Auction,E37,"(46, 47)",11,21.0
73,Auction,E38,"(19, 37)",14,11.0
73,Auction,E39,"(2, 59)",10,21.0
73,Auction,E41,"(85, 36)",3,25.0
73,Q-Learning,E11,"(36, 8)",59,12.0
73,Q-Learning,E13,"(6, 42)",54,23.0
73,Q-Learning,E15,"(93, 58)",52,16.0
73,Q-Learning,E17,"(7, 51)",51,20.0
73,Q-Learning,E18,"(97, 95)",48,17.0
73,Q-Learning,E19,"(76, 4)",49,25.0
73,Q-Learning,E22,"(32, 73)",44,16.0
73,Q-Learning,E23,"(50, 24)",39,21.0
73,Q-Learning,E24,"(46, 14)",37,11.0
73,Q-Learning,E26,"(38, 47)",36,26.0
73,Q-Learning,E27,"(3, 70)",40,21.0
73,Q-Learning,E28,"(62, 59)",39,27.0
73,Q-Learning,E29,"(68, 76)",32,23.0
73,Q-Learning,E30,"(49, 20)",33,28.0
73,Q-Learning,E31,"(4, 70)",26,25.0
73,Q-Learning,E32,"(64, 39)",25,23.0
73,Q-Learning,E33,"(95, 82)",19,25.0
73,Q-Learning,E34,"(99, 21)",23,13.0
73,Q-Learning,E35,"(35, 68)",25,21.0
73,Q-Learning,E37,"(46, 47)",11,21.0
73,Q-Learning,E38,"(19, 37)",14,11.0
73,Q-Learning,E39,"(2, 59)",10,21.0
73,Q-Learning,E40,"(62, 24)",12,14.0
73,Q-Learning,E41,"(85, 36)",3,25.0
74,Greedy,E10,"(7, 21)",59,21.0
74,Greedy,E13,"(6, 42)",55,23.0
74,Greedy,E17,"(7, 51)",52,20.0
74,Greedy,E18,"(97, 95)",49,17.0
74,Greedy,E19,"(76, 4)",50,25.0
74,Greedy,E21,"(35, 95)",43,18.0
74,Greedy,E22,"(32, 73)",45,16.0
74,Greedy,E23,"(50, 24)",40,21.0
74,Greedy,E24,"(46, 14)",38,11.0
74,Greedy,E25,"(9, 8)",42,23.0
74,Greedy,E26,"(38, 47)",37,26.0
74,Greedy,E27,"(3, 70)",41,21.0
74,Greedy,E28,"(62, 59)",40,27.0
74,Greedy,E29,"(68, 76)",33,23.0
74,Greedy,E30,"(49, 20)",34,28.0
74,Greedy,E31,"(4, 70)",27,25.0
74,Greedy,E32,"(64, 39)",26,23.0
74,Greedy,E33,"(95, 82)",20,25.0
74,Greedy,E34,"(99, 21)",24,13.0
74,Greedy,E35,"(35, 68)",26,21.0
74,Greedy,E36,"(47, 82)",20,14.0
74,Greedy,E37,"(46, 47)",12,21.0
74,Greedy,E38,"(19, 37)",15,11.0
74,Greedy,E39,"(2, 59)",11,21.0
74,Greedy,E40,"(62, 24)",13,14.0
74,Greedy,E41,"(85, 36)",4,25.0
74,Auction,E10,"(7, 21)",59,21.0
74,Auction,E16,"(48, 64)",53,15.0
74,Auction,E18,"(97, 95)",49,17.0
74,Auction,E19,"(76, 4)",50,25.0
74,Auction,E22,"(32, 73)",45,16.0
74,Auction,E23,"(50, 24)",40,21.0
74,Auction,E25,"(9, 8)",42,23.0
74,Auction,E26,"(38, 47)",37,26.0
74,Auction,E27,"(3, 70)",41,21.0
74,Auction,E28,"(62, 59)",40,27.0
74,Auction,E29,"(68, 76)",33,23.0
74,Auction,E30,"(49, 20)",34,28.0
74,Auction,E31,"(4, 70)",27,25.0
74,Auction,E32,"(64, 39)",26,23.0
74,Auction,E33,"(95, 82)",20,25.0
74,Auction,E34,"(99, 21)",24,13.0
74,Auction,E35,"(35, 68)",26,21.0
74,Auction,E36,"(47, 82)",20,14.0
74,Auction,E37,"(46, 47)",12,21.0
74,Auction,E38,"(19, 37)",15,11.0
74,Auction,E39,"(2, 59)",11,21.0
74,Auction,E41,"(85, 36)",4,25.0
74,Q-Learning,E11,"(36, 8)",60,12.0
74,Q-Learning,E13,"(6, 42)",55,23.0
74,Q-Learning,E15,"(93, 58)",53,16.0
74,Q-Learning,E17,"(7, 51)",52,20.0
74,Q-Learning,E18,"(97, 95)",49,17.0
74,Q-Learning,E19,"(76, 4)",50,25.0
74,Q-Learning,E22,"(32, 73)",45,16.0
74,Q-Learning,E23,"(50, 24)",40,21.0
74,Q-Learning,E24,"(46, 14)",38,11.0
74,Q-Learning,E26,"(38, 47)",37,26.0
74,Q-Learning,E27,"(3, 70)",41,21.0
74,Q-Learning,E28,"(62, 59)",40,27.0
74,Q-Learning,E29,"(68, 76)",33,23.0
74,Q-Learning,E30,"(49, 20)",34,28.0
74,Q-Learning,E31,"(4, 70)",27,25.0
74,Q-Learning,E32,"(64, 39)",26,23.0
74,Q-Learning,E33,"(95, 82)",20,25.0
74,Q-Learning,E34,"(99, 21)",24,13.0
74,Q-Learning,E35,"(35, 68)",26,21.0
74,Q-Learning,E37,"(46, 47)",12,21.0
74,Q-Learning,E38,"(19, 37)",15,11.0
74,Q-Learning,E39,"(2, 59)",11,21.0
74,Q-Learning,E40,"(62, 24)",13,14.0
74,Q-Learning,E41,"(85, 36)",4,25.0
75,Greedy,E10,"(7, 21)",60,21.0
75,Greedy,E13,"(6, 42)",56,23.0
75,Greedy,E17,"(7, 51)",53,20.0
75,Greedy,E18,"(97, 95)",50,17.0
75,Greedy,E19,"(76, 4)",51,25.0
75,Greedy,E21,"(35, 95)",44,18.0
75,Greedy,E22,"(32, 73)",46,16.0
75,Greedy,E23,"(50, 24)",41,21.0
75,Greedy,E24,"(46, 14)",39,11.0
75,Greedy,E25,"(9, 8)",43,23.0
75,Greedy,E26,"(38, 47)",38,26.0
75,Greedy,E27,"(3, 70)",42,21.0
75,Greedy,E28,"(62, 59)",41,27.0
75,Greedy,E29,"(68, 76)",34,23.0
75,Greedy,E30,"(49, 20)",35,28.0
75,Greedy,E31,"(4, 70)",28,25.0
75,Greedy,E32,"(64, 39)",27,23.0
75,Greedy,E33,"(95, 82)",21,25.0
75,Greedy,E34,"(99, 21)",25,13.0
75,Greedy,E35,"(35, 68)",27,21.0
75,Greedy,E36,"(47, 82)",21,14.0
75,Greedy,E37,"(46, 47)",13,21.0
75,Greedy,E38,"(19, 37)",16,11.0
75,Greedy,E39,"(2, 59)",12,21.0
75,Greedy,E40,"(62, 24)",14,14.0
75,Greedy,E41,"(85, 36)",5,25.0
75,Greedy,E42,"(6, 19)",2,24.0
75,Auction,E10,"(7, 21)",60,21.0
75,Auction,E16,"(48, 64)",54,15.0
75,Auction,E18,"(97, 95)",50,17.0
75,Auction,E19,"(76, 4)",51,25.0
75,Auction,E22,"(32, 73)",46,16.0
75,Auction,E23,"(50, 24)",41,21.0
75,Auction,E25,"(9, 8)",43,23.0
75,Auction,E26,"(38, 47)",38,26.0
75,Auction,E27,"(3, 70)",42,21.0
75,Auction,E28,"(62, 59)",41,27.0
75,Auction,E29,"(68, 76)",34,23.0
75,Auction,E30,"(49, 20)",35,28.0
75,Auction,E31,"(4, 70)",28,25.0
75,Auction,E32,"(64, 39)",27,23.0
75,Auction,E33,"(95, 82)",21,25.0
75,Auction,E34,"(99, 21)",25,13.0
75,Auction,E35,"(35, 68)",27,21.0
75,Auction,E36,"(47, 82)",21,14.0
75,Auction,E37,"(46, 47)",13,21.0
75,Auction,E38,"(19, 37)",16,11.0
75,Auction,E39,"(2, 59)",12,21.0
75,Auction,E41,"(85, 36)",5,25.0
75,Auction,E42,"(6, 19)",2,24.0
75,Q-Learning,E11,"(36, 8)",61,12.0
75,Q-Learning,E13,"(6, 42)",56,23.0
75,Q-Learning,E15,"(93, 58)",54,16.0
75,Q-Learning,E17,"(7, 51)",53,20.0
75,Q-Learning,E18,"(97, 95)",50,17.0
75,Q-Learning,E19,"(76, 4)",51,25.0
75,Q-Learning,E22,"(32, 73)",46,16.0
75,Q-Learning,E23,"(50, 24)",41,21.0
75,Q-Learning,E24,"(46, 14)",39,11.0
75,Q-Learning,E26,"(38, 47)",38,26.0
75,Q-Learning,E27,"(3, 70)",42,21.0
75,Q-Learning,E28,"(62, 59)",41,27.0
75,Q-Learning,E29,"(68, 76)",34,23.0
75,Q-Learning,E30,"(49, 20)",35,28.0
75,Q-Learning,E31,"(4, 70)",28,25.0
75,Q-Learning,E32,"(64, 39)",27,23.0
75,Q-Learning,E33,"(95, 82)",21,25.0
75,Q-Learning,E34,"(99, 21)",25,13.0
75,Q-Learning,E35,"(35, 68)",27,21.0
75,Q-Learning,E37,"(46, 47)",13,21.0
75,Q-Learning,E38,"(19, 37)",16,11.0
75,Q-Learning,E39,"(2, 59)",12,21.0
75,Q-Learning,E40,"(62, 24)",14,14.0
75,Q-Learning,E41,"(85, 36)",5,25.0
75,Q-Learning,E42,"(6, 19)",2,24.0
76,Greedy,E10,"(7, 21)",61,21.0
76,Greedy,E13,"(6, 42)",57,23.0
76,Greedy,E17,"(7, 51)",54,20.0
76,Greedy,E18,"(97, 95)",51,17.0
76,Greedy,E19,"(76, 4)",52,25.0
76,Greedy,E21,"(35, 95)",45,18.0
76,Greedy,E22,"(32, 73)",47,16.0
76,Greedy,E23,"(50, 24)",42,21.0
76,Greedy,E24,"(46, 14)",40,11.0
76,Greedy,E25,"(9, 8)",44,23.0
76,Greedy,E26,"(38, 47)",39,26.0
76,Greedy,E27,"(3, 70)",43,21.0
76,Greedy,E28,"(62, 59)",42,27.0
76,Greedy,E29,"(68, 76)",35,23.0
76,Greedy,E30,"(49, 20)",36,28.0
76,Greedy,E31,"(4, 70)",29,25.0
76,Greedy,E32,"(64, 39)",28,23.0
76,Greedy,E33,"(95, 82)",22,25.0
76,Greedy,E34,"(99, 21)",26,13.0
76,Greedy,E35,"(35, 68)",28,21.0
76,Greedy,E36,"(47, 82)",22,14.0
76,Greedy,E37,"(46, 47)",14,21.0
76,Greedy,E38,"(19, 37)",17,11.0
76,Greedy,E39,"(2, 59)",13,21.0
76,Greedy,E40,"(62, 24)",15,14.0
76,Greedy,E41,"(85, 36)",6,25.0
76,Greedy,E42,"(6, 19)",3,24.0
76,Auction,E10,"(7, 21)",61,21.0
76,Auction,E16,"(48, 64)",55,15.0
76,Auction,E18,"(97, 95)",51,17.0
76,Auction,E19,"(76, 4)",52,25.0
76,Auction,E22,"(32, 73)",47,16.0
76,Auction,E23,"(50, 24)",42,21.0
76,Auction,E25,"(9, 8)",44,23.0
76,Auction,E26,"(38, 47)",39,26.0
76,Auction,E27,"(3, 70)",43,21.0
76,Auction,E28,"(62, 59)",42,27.0
76,Auction,E29,"(68, 76)",35,23.0
76,Auction,E30,"(49, 20)",36,28.0
76,Auction,E31,"(4, 70)",29,25.0
76,Auction,E32,"(64, 39)",28,23.0
76,Auction,E33,"(95, 82)",22,25.0
76,Auction,E34,"(99, 21)",26,13.0
76,Auction,E35,"(35, 68)",28,21.0
76,Auction,E36,"(47, 82)",22,14.0
76,Auction,E37,"(46, 47)",14,21.0
76,Auction,E38,"(19, 37)",17,11.0
76,Auction,E39,"(2, 59)",13,21.0
76,Auction,E41,"(85, 36)",6,25.0
76,Auction,E42,"(6, 19)",3,24.0
76,Q-Learning,E11,"(36, 8)",62,12.0
76,Q-Learning,E13,"(6, 42)",57,23.0
76,Q-Learning,E15,"(93, 58)",55,16.0
76,Q-Learning,E17,"(7, 51)",54,20.0
76,Q-Learning,E18,"(97, 95)",51,17.0
76,Q-Learning,E19,"(76, 4)",52,25.0
76,Q-Learning,E22,"(32, 73)",47,16.0
76,Q-Learning,E23,"(50, 24)",42,21.0
76,Q-Learning,E24,"(46, 14)",40,11.0
76,Q-Learning,E26,"(38, 47)",39,26.0
76,Q-Learning,E27,"(3, 70)",43,21.0
76,Q-Learning,E28,"(62, 59)",42,27.0
76,Q-Learning,E29,"(68, 76)",35,23.0
76,Q-Learning,E30,"(49, 20)",36,28.0
76,Q-Learning,E31,"(4, 70)",29,25.0
76,Q-Learning,E32,"(64, 39)",28,23.0
76,Q-Learning,E33,"(95, 82)",22,25.0
76,Q-Learning,E34,"(99, 21)",26,13.0
76,Q-Learning,E35,"(35, 68)",28,21.0
76,Q-Learning,E37,"(46, 47)",14,21.0
76,Q-Learning,E38,"(19, 37)",17,11.0
76,Q-Learning,E39,"(2, 59)",13,21.0
76,Q-Learning,E40,"(62, 24)",15,14.0
76,Q-Learning,E41,"(85, 36)",6,25.0
76,Q-Learning,E42,"(6, 19)",3,24.0
77,Greedy,E10,"(7, 21)",62,21.0
77,Greedy,E13,"(6, 42)",58,23.0
77,Greedy,E17,"(7, 51)",55,20.0
77,Greedy,E18,"(97, 95)",52,17.0
77,Greedy,E19,"(76, 4)",53,25.0
77,Greedy,E21,"(35, 95)",46,18.0
77,Greedy,E22,"(32, 73)",48,16.0
77,Greedy,E23,"(50, 24)",43,21.0
77,Greedy,E24,"(46, 14)",41,11.0
77,Greedy,E25,"(9, 8)",45,23.0
77,Greedy,E26,"(38, 47)",40,26.0
77,Greedy,E27,"(3, 70)",44,21.0
77,Greedy,E28,"(62, 59)",43,27.0
77,Greedy,E29,"(68, 76)",36,23.0
77,Greedy,E30,"(49, 20)",37,28.0
77,Greedy,E31,"(4, 70)",30,25.0
77,Greedy,E32,"(64, 39)",29,23.0
77,Greedy,E33,"(95, 82)",23,25.0
77,Greedy,E34,"(99, 21)",27,13.0
77,Greedy,E35,"(35, 68)",29,21.0
77,Greedy,E36,"(47, 82)",23,14.0
77,Greedy,E37,"(46, 47)",15,21.0
77,Greedy,E38,"(19, 37)",18,11.0
77,Greedy,E39,"(2, 59)",14,21.0
77,Greedy,E40,"(62, 24)",16,14.0
77,Greedy,E41,"(85, 36)",7,25.0
77,Greedy,E42,"(6, 19)",4,24.0
77,Greedy,E43,"(79, 78)",1,28.0
77,Auction,E10,"(7, 21)",62,21.0
77,Auction,E16,"(48, 64)",56,15.0
77,Auction,E18,"(97, 95)",52,17.0
77,Auction,E19,"(76, 4)",53,25.0
77,Auction,E22,"(32, 73)",48,16.0
77,Auction,E23,"(50, 24)",43,21.0
77,Auction,E25,"(9, 8)",45,23.0
77,Auction,E26,"(38, 47)",40,26.0
77,Auction,E27,"(3, 70)",44,21.0
77,Auction,E28,"(62, 59)",43,27.0
77,Auction,E29,"(68, 76)",36,23.0
77,Auction,E30,"(49, 20)",37,28.0
77,Auction,E31,"(4, 70)",30,25.0
77,Auction,E32,"(64, 39)",29,23.0
77,Auction,E33,"(95, 82)",23,25.0
77,Auction,E34,"(99, 21)",27,13.0
77,Auction,E35,"(35, 68)",29,21.0
77,Auction,E36,"(47, 82)",23,14.0
77,Auction,E37,"(46, 47)",15,21.0
77,Auction,E38,"(19, 37)",18,11.0
77,Auction,E39,"(2, 59)",14,21.0
77,Auction,E41,"(85, 36)",7,25.0
77,Auction,E42,"(6, 19)",4,24.0
77,Auction,E43,"(79, 78)",1,28.0
77,Q-Learning,E11,"(36, 8)",63,12.0
77,Q-Learning,E13,"(6, 42)",58,23.0
77,Q-Learning,E15,"(93, 58)",56,16.0
77,Q-Learning,E17,"(7, 51)",55,20.0
77,Q-Learning,E18,"(97, 95)",52,17.0
77,Q-Learning,E19,"(76, 4)",53,25.0
77,Q-Learning,E22,"(32, 73)",48,16.0
77,Q-Learning,E23,"(50, 24)",43,21.0
77,Q-Learning,E24,"(46, 14)",41,11.0
77,Q-Learning,E26,"(38, 47)",40,26.0
77,Q-Learning,E27,"(3, 70)",44,21.0
77,Q-Learning,E28,"(62, 59)",43,27.0
77,Q-Learning,E29,"(68, 76)",36,23.0
77,Q-Learning,E30,"(49, 20)",37,28.0
77,Q-Learning,E31,"(4, 70)",30,25.0
77,Q-Learning,E32,"(64, 39)",29,23.0
77,Q-Learning,E33,"(95, 82)",23,25.0
77,Q-Learning,E34,"(99, 21)",27,13.0
77,Q-Learning,E35,"(35, 68)",29,21.0
77,Q-Learning,E37,"(46, 47)",15,21.0
77,Q-Learning,E38,"(19, 37)",18,11.0
77,Q-Learning,E39,"(2, 59)",14,21.0
77,Q-Learning,E40,"(62, 24)",16,14.0
77,Q-Learning,E41,"(85, 36)",7,25.0
77,Q-Learning,E42,"(6, 19)",4,24.0
77,Q-Learning,E43,"(79, 78)",1,28.0
78,Greedy,E10,"(7, 21)",63,21.0
78,Greedy,E13,"(6, 42)",59,23.0
78,Greedy,E17,"(7, 51)",56,20.0
78,Greedy,E18,"(97, 95)",53,17.0
78,Greedy,E19,"(76, 4)",54,25.0
78,Greedy,E21,"(35, 95)",47,18.0
78,Greedy,E22,"(32, 73)",49,16.0
78,Greedy,E23,"(50, 24)",44,21.0
78,Greedy,E24,"(46, 14)",42,11.0
78,Greedy,E25,"(9, 8)",46,23.0
78,Greedy,E26,"(38, 47)",41,26.0
78,Greedy,E27,"(3, 70)",45,21.0
78,Greedy,E28,"(62, 59)",44,27.0
78,Greedy,E29,"(68, 76)",37,23.0
78,Greedy,E30,"(49, 20)",38,28.0
78,Greedy,E31,"(4, 70)",31,25.0
78,Greedy,E32,"(64, 39)",30,23.0
78,Greedy,E33,"(95, 82)",24,25.0
78,Greedy,E34,"(99, 21)",28,13.0
78,Greedy,E35,"(35, 68)",30,21.0
78,Greedy,E36,"(47, 82)",24,14.0
78,Greedy,E37,"(46, 47)",16,21.0
78,Greedy,E38,"(19, 37)",19,11.0
78,Greedy,E39,"(2, 59)",15,21.0
78,Greedy,E40,"(62, 24)",17,14.0
78,Greedy,E41,"(85, 36)",8,25.0
78,Greedy,E42,"(6, 19)",5,24.0
78,Greedy,E43,"(79, 78)",2,28.0
78,Greedy,E44,"(31, 84)",7,10.0
78,Auction,E10,"(7, 21)",63,21.0
78,Auction,E16,"(48, 64)",57,15.0
78,Auction,E18,"(97, 95)",53,17.0
78,Auction,E19,"(76, 4)",54,25.0
78,Auction,E22,"(32, 73)",49,16.0
78,Auction,E23,"(50, 24)",44,21.0
78,Auction,E25,"(9, 8)",46,23.0
78,Auction,E26,"(38, 47)",41,26.0
78,Auction,E27,"(3, 70)",45,21.0
78,Auction,E28,"(62, 59)",44,27.0
78,Auction,E29,"(68, 76)",37,23.0
78,Auction,E30,"(49, 20)",38,28.0
78,Auction,E31,"(4, 70)",31,25.0
78,Auction,E32,"(64, 39)",30,23.0
78,Auction,E33,"(95, 82)",24,25.0
78,Auction,E34,"(99, 21)",28,13.0
78,Auction,E35,"(35, 68)",30,21.0
78,Auction,E36,"(47, 82)",24,14.0
78,Auction,E37,"(46, 47)",16,21.0
78,Auction,E38,"(19, 37)",19,11.0
78,Auction,E39,"(2, 59)",15,21.0
78,Auction,E41,"(85, 36)",8,25.0
78,Auction,E42,"(6, 19)",5,24.0
78,Auction,E43,"(79, 78)",2,28.0
78,Q-Learning,E11,"(36, 8)",64,12.0
78,Q-Learning,E13,"(6, 42)",59,23.0
78,Q-Learning,E15,"(93, 58)",57,16.0
78,Q-Learning,E17,"(7, 51)",56,20.0
78,Q-Learning,E18,"(97, 95)",53,17.0
78,Q-Learning,E19,"(76, 4)",54,25.0
78,Q-Learning,E22,"(32, 73)",49,16.0
78,Q-Learning,E23,"(50, 24)",44,21.0
78,Q-Learning,E24,"(46, 14)",42,11.0
78,Q-Learning,E26,"(38, 47)",41,26.0
78,Q-Learning,E27,"(3, 70)",45,21.0
78,Q-Learning,E28,"(62, 59)",44,27.0
78,Q-Learning,E29,"(68, 76)",37,23.0
78,Q-Learning,E30,"(49, 20)",38,28.0
78,Q-Learning,E31,"(4, 70)",31,25.0
78,Q-Learning,E32,"(64, 39)",30,23.0
78,Q-Learning,E33,"(95, 82)",24,25.0
78,Q-Learning,E34,"(99, 21)",28,13.0
78,Q-Learning,E35,"(35, 68)",30,21.0
78,Q-Learning,E37,"(46, 47)",16,21.0
78,Q-Learning,E38,"(19, 37)",19,11.0
78,Q-Learning,E39,"(2, 59)",15,21.0
78,Q-Learning,E40,"(62, 24)",17,14.0
78,Q-Learning,E41,"(85, 36)",8,25.0
78,Q-Learning,E42,"(6, 19)",5,24.0
78,Q-Learning,E43,"(79, 78)",2,28.0
79,Greedy,E10,"(7, 21)",64,21.0
79,Greedy,E13,"(6, 42)",60,23.0
79,Greedy,E17,"(7, 51)",57,20.0
79,Greedy,E18,"(97, 95)",54,17.0
79,Greedy,E19,"(76, 4)",55,25.0
79,Greedy,E21,"(35, 95)",48,18.0
79,Greedy,E22,"(32, 73)",50,16.0
79,Greedy,E23,"(50, 24)",45,21.0
79,Greedy,E24,"(46, 14)",43,11.0
79,Greedy,E25,"(9, 8)",47,23.0
79,Greedy,E26,"(38, 47)",42,26.0
79,Greedy,E27,"(3, 70)",46,21.0
79,Greedy,E28,"(62, 59)",45,27.0
79,Greedy,E29,"(68, 76)",38,23.0
79,Greedy,E30,"(49, 20)",39,28.0
79,Greedy,E31,"(4, 70)",32,25.0
79,Greedy,E32,"(64, 39)",31,23.0
79,Greedy,E33,"(95, 82)",25,25.0
79,Greedy,E34,"(99, 21)",29,13.0
79,Greedy,E35,"(35, 68)",31,21.0
79,Greedy,E36,"(47, 82)",25,14.0
79,Greedy,E37,"(46, 47)",17,21.0
79,Greedy,E38,"(19, 37)",20,11.0
79,Greedy,E39,"(2, 59)",16,21.0
79,Greedy,E40,"(62, 24)",18,14.0
79,Greedy,E41,"(85, 36)",9,25.0
79,Greedy,E42,"(6, 19)",6,24.0
79,Greedy,E43,"(79, 78)",3,28.0
79,Greedy,E44,"(31, 84)",8,10.0
79,Greedy,E45,"(69, 92)",6,21.0
79,Auction,E10,"(7, 21)",64,21.0
79,Auction,E16,"(48, 64)",58,15.0
79,Auction,E18,"(97, 95)",54,17.0
79,Auction,E19,"(76, 4)",55,25.0
79,Auction,E22,"(32, 73)",50,16.0
79,Auction,E23,"(50, 24)",45,21.0
79,Auction,E25,"(9, 8)",47,23.0
79,Auction,E26,"(38, 47)",42,26.0
79,Auction,E27,"(3, 70)",46,21.0
79,Auction,E28,"(62, 59)",45,27.0
79,Auction,E29,"(68, 76)",38,23.0
79,Auction,E30,"(49, 20)",39,28.0
79,Auction,E31,"(4, 70)",32,25.0
79,Auction,E32,"(64, 39)",31,23.0
79,Auction,E33,"(95, 82)",25,25.0
79,Auction,E34,"(99, 21)",29,13.0
79,Auction,E35,"(35, 68)",31,21.0
79,Auction,E36,"(47, 82)",25,14.0
79,Auction,E37,"(46, 47)",17,21.0
79,Auction,E38,"(19, 37)",20,11.0
79,Auction,E39,"(2, 59)",16,21.0
79,Auction,E41,"(85, 36)",9,25.0
79,Auction,E42,"(6, 19)",6,24.0
79,Auction,E43,"(79, 78)",3,28.0
79,Auction,E45,"(69, 92)",6,21.0
79,Q-Learning,E11,"(36, 8)",65,12.0
79,Q-Learning,E13,"(6, 42)",60,23.0
79,Q-Learning,E15,"(93, 58)",58,16.0
79,Q-Learning,E17,"(7, 51)",57,20.0
79,Q-Learning,E18,"(97, 95)",54,17.0
79,Q-Learning,E19,"(76, 4)",55,25.0
79,Q-Learning,E22,"(32, 73)",50,16.0
79,Q-Learning,E23,"(50, 24)",45,21.0
79,Q-Learning,E24,"(46, 14)",43,11.0
79,Q-Learning,E26,"(38, 47)",42,26.0
79,Q-Learning,E27,"(3, 70)",46,21.0
79,Q-Learning,E28,"(62, 59)",45,27.0
79,Q-Learning,E29,"(68, 76)",38,23.0
79,Q-Learning,E30,"(49, 20)",39,28.0
79,Q-Learning,E31,"(4, 70)",32,25.0
79,Q-Learning,E32,"(64, 39)",31,23.0
79,Q-Learning,E33,"(95, 82)",25,25.0
79,Q-Learning,E34,"(99, 21)",29,13.0
79,Q-Learning,E35,"(35, 68)",31,21.0
79,Q-Learning,E37,"(46, 47)",17,21.0
79,Q-Learning,E38,"(19, 37)",20,11.0
79,Q-Learning,E39,"(2, 59)",16,21.0
79,Q-Learning,E40,"(62, 24)",18,14.0
79,Q-Learning,E41,"(85, 36)",9,25.0
79,Q-Learning,E42,"(6, 19)",6,24.0
79,Q-Learning,E43,"(79, 78)",3,28.0
79,Q-Learning,E45,"(69, 92)",6,21.0
80,Greedy,E10,"(7, 21)",65,21.0
80,Greedy,E13,"(6, 42)",61,23.0
80,Greedy,E17,"(7, 51)",58,20.0
80,Greedy,E18,"(97, 95)",55,17.0
80,Greedy,E19,"(76, 4)",56,25.0
80,Greedy,E21,"(35, 95)",49,18.0
80,Greedy,E22,"(32, 73)",51,16.0
80,Greedy,E23,"(50, 24)",46,21.0
80,Greedy,E24,"(46, 14)",44,11.0
80,Greedy,E25,"(9, 8)",48,23.0
80,Greedy,E26,"(38, 47)",43,26.0
80,Greedy,E27,"(3, 70)",47,21.0
80,Greedy,E28,"(62, 59)",46,27.0
80,Greedy,E29,"(68, 76)",39,23.0
80,Greedy,E30,"(49, 20)",40,28.0
80,Greedy,E31,"(4, 70)",33,25.0
80,Greedy,E32,"(64, 39)",32,23.0
80,Greedy,E33,"(95, 82)",26,25.0
80,Greedy,E34,"(99, 21)",30,13.0
80,Greedy,E35,"(35, 68)",32,21.0
80,Greedy,E36,"(47, 82)",26,14.0
80,Greedy,E37,"(46, 47)",18,21.0
80,Greedy,E38,"(19, 37)",21,11.0
80,Greedy,E39,"(2, 59)",17,21.0
80,Greedy,E40,"(62, 24)",19,14.0
80,Greedy,E41,"(85, 36)",10,25.0
80,Greedy,E42,"(6, 19)",7,24.0
80,Greedy,E43,"(79, 78)",4,28.0
80,Greedy,E44,"(31, 84)",9,10.0
80,Greedy,E45,"(69, 92)",7,21.0
80,Greedy,E46,"(71, 20)",6,15.0
80,Auction,E10,"(7, 21)",65,21.0
80,Auction,E16,"(48, 64)",59,15.0
80,Auction,E18,"(97, 95)",55,17.0
80,Auction,E19,"(76, 4)",56,25.0
80,Auction,E22,"(32, 73)",51,16.0
80,Auction,E23,"(50, 24)",46,21.0
80,Auction,E25,"(9, 8)",48,23.0
80,Auction,E26,"(38, 47)",43,26.0
80,Auction,E27,"(3, 70)",47,21.0
80,Auction,E28,"(62, 59)",46,27.0
80,Auction,E29,"(68, 76)",39,23.0
80,Auction,E30,"(49, 20)",40,28.0
80,Auction,E31,"(4, 70)",33,25.0
80,Auction,E32,"(64, 39)",32,23.0
80,Auction,E33,"(95, 82)",26,25.0
80,Auction,E34,"(99, 21)",30,13.0
80,Auction,E35,"(35, 68)",32,21.0
80,Auction,E36,"(47, 82)",26,14.0
80,Auction,E37,"(46, 47)",18,21.0
80,Auction,E38,"(19, 37)",21,11.0
80,Auction,E39,"(2, 59)",17,21.0
80,Auction,E41,"(85, 36)",10,25.0
80,Auction,E42,"(6, 19)",7,24.0
80,Auction,E43,"(79, 78)",4,28.0
80,Auction,E45,"(69, 92)",7,21.0
80,Auction,E46,"(71, 20)",6,15.0
80,Q-Learning,E11,"(36, 8)",66,12.0
80,Q-Learning,E13,"(6, 42)",61,23.0
80,Q-Learning,E15,"(93, 58)",59,16.0
80,Q-Learning,E17,"(7, 51)",58,20.0
80,Q-Learning,E18,"(97, 95)",55,17.0
80,Q-Learning,E19,"(76, 4)",56,25.0
80,Q-Learning,E22,"(32, 73)",51,16.0
80,Q-Learning,E23,"(50, 24)",46,21.0
80,Q-Learning,E24,"(46, 14)",44,11.0
80,Q-Learning,E26,"(38, 47)",43,26.0
80,Q-Learning,E27,"(3, 70)",47,21.0
80,Q-Learning,E28,"(62, 59)",46,27.0
80,Q-Learning,E29,"(68, 76)",39,23.0
80,Q-Learning,E30,"(49, 20)",40,28.0
80,Q-Learning,E31,"(4, 70)",33,25.0
80,Q-Learning,E32,"(64, 39)",32,23.0
80,Q-Learning,E33,"(95, 82)",26,25.0
80,Q-Learning,E34,"(99, 21)",30,13.0
80,Q-Learning,E35,"(35, 68)",32,21.0
80,Q-Learning,E37,"(46, 47)",18,21.0
80,Q-Learning,E38,"(19, 37)",21,11.0
80,Q-Learning,E39,"(2, 59)",17,21.0
80,Q-Learning,E40,"(62, 24)",19,14.0
80,Q-Learning,E41,"(85, 36)",10,25.0
80,Q-Learning,E42,"(6, 19)",7,24.0
80,Q-Learning,E43,"(79, 78)",4,28.0
80,Q-Learning,E45,"(69, 92)",7,21.0
80,Q-Learning,E46,"(71, 20)",6,15.0
81,Greedy,E10,"(7, 21)",66,21.0
81,Greedy,E13,"(6, 42)",62,23.0
81,Greedy,E17,"(7, 51)",59,20.0
81,Greedy,E18,"(97, 95)",56,17.0
81,Greedy,E19,"(76, 4)",57,25.0
81,Greedy,E21,"(35, 95)",50,18.0
81,Greedy,E22,"(32, 73)",52,16.0
81,Greedy,E23,"(50, 24)",47,21.0
81,Greedy,E24,"(46, 14)",45,11.0
81,Greedy,E25,"(9, 8)",49,23.0
81,Greedy,E26,"(38, 47)",44,26.0
81,Greedy,E27,"(3, 70)",48,21.0
81,Greedy,E28,"(62, 59)",47,27.0
81,Greedy,E29,"(68, 76)",40,23.0
81,Greedy,E30,"(49, 20)",41,28.0
81,Greedy,E31,"(4, 70)",34,25.0
81,Greedy,E32,"(64, 39)",33,23.0
81,Greedy,E33,"(95, 82)",27,25.0
81,Greedy,E34,"(99, 21)",31,13.0
81,Greedy,E35,"(35, 68)",33,21.0
81,Greedy,E36,"(47, 82)",27,14.0
81,Greedy,E37,"(46, 47)",19,21.0
81,Greedy,E38,"(19, 37)",22,11.0
81,Greedy,E39,"(2, 59)",18,21.0
81,Greedy,E40,"(62, 24)",20,14.0
81,Greedy,E41,"(85, 36)",11,25.0
81,Greedy,E42,"(6, 19)",8,24.0
81,Greedy,E43,"(79, 78)",5,28.0
81,Greedy,E44,"(31, 84)",10,10.0
81,Greedy,E45,"(69, 92)",8,21.0
81,Greedy,E46,"(71, 20)",7,15.0
81,Greedy,E47,"(83, 57)",9,15.0
81,Auction,E10,"(7, 21)",66,21.0
81,Auction,E16,"(48, 64)",60,15.0
81,Auction,E18,"(97, 95)",56,17.0
81,Auction,E19,"(76, 4)",57,25.0
81,Auction,E22,"(32, 73)",52,16.0
81,Auction,E23,"(50, 24)",47,21.0
81,Auction,E25,"(9, 8)",49,23.0
81,Auction,E26,"(38, 47)",44,26.0
81,Auction,E27,"(3, 70)",48,21.0
81,Auction,E28,"(62, 59)",47,27.0
81,Auction,E29,"(68, 76)",40,23.0
81,Auction,E30,"(49, 20)",41,28.0
81,Auction,E31,"(4, 70)",34,25.0
81,Auction,E32,"(64, 39)",33,23.0
81,Auction,E33,"(95, 82)",27,25.0
81,Auction,E34,"(99, 21)",31,13.0
81,Auction,E35,"(35, 68)",33,21.0
81,Auction,E36,"(47, 82)",27,14.0
81,Auction,E37,"(46, 47)",19,21.0
81,Auction,E38,"(19, 37)",22,11.0
81,Auction,E39,"(2, 59)",18,21.0
81,Auction,E41,"(85, 36)",11,25.0
81,Auction,E42,"(6, 19)",8,24.0
81,Auction,E43,"(79, 78)",5,28.0
81,Auction,E45,"(69, 92)",8,21.0
81,Auction,E46,"(71, 20)",7,15.0
81,Auction,E47,"(83, 57)",9,15.0
81,Q-Learning,E11,"(36, 8)",67,12.0
81,Q-Learning,E13,"(6, 42)",62,23.0
81,Q-Learning,E15,"(93, 58)",60,16.0
81,Q-Learning,E17,"(7, 51)",59,20.0
81,Q-Learning,E18,"(97, 95)",56,17.0
81,Q-Learning,E19,"(76, 4)",57,25.0
81,Q-Learning,E22,"(32, 73)",52,16.0
81,Q-Learning,E23,"(50, 24)",47,21.0
81,Q-Learning,E24,"(46, 14)",45,11.0
81,Q-Learning,E26,"(38, 47)",44,26.0
81,Q-Learning,E27,"(3, 70)",48,21.0
81,Q-Learning,E28,"(62, 59)",47,27.0
81,Q-Learning,E29,"(68, 76)",40,23.0
81,Q-Learning,E30,"(49, 20)",41,28.0
81,Q-Learning,E31,"(4, 70)",34,25.0
81,Q-Learning,E32,"(64, 39)",33,23.0
81,Q-Learning,E33,"(95, 82)",27,25.0
81,Q-Learning,E34,"(99, 21)",31,13.0
81,Q-Learning,E35,"(35, 68)",33,21.0
81,Q-Learning,E37,"(46, 47)",19,21.0
81,Q-Learning,E38,"(19, 37)",22,11.0
81,Q-Learning,E39,"(2, 59)",18,21.0
81,Q-Learning,E40,"(62, 24)",20,14.0
81,Q-Learning,E41,"(85, 36)",11,25.0
81,Q-Learning,E42,"(6, 19)",8,24.0
81,Q-Learning,E43,"(79, 78)",5,28.0
81,Q-Learning,E45,"(69, 92)",8,21.0
81,Q-Learning,E46,"(71, 20)",7,15.0
81,Q-Learning,E47,"(83, 57)",9,15.0
82,Greedy,E10,"(7, 21)",67,21.0
82,Greedy,E13,"(6, 42)",63,23.0
82,Greedy,E17,"(7, 51)",60,20.0
82,Greedy,E18,"(97, 95)",57,17.0
82,Greedy,E19,"(76, 4)",58,25.0
82,Greedy,E21,"(35, 95)",51,18.0
82,Greedy,E22,"(32, 73)",53,16.0
82,Greedy,E23,"(50, 24)",48,21.0
82,Greedy,E24,"(46, 14)",46,11.0
82,Greedy,E25,"(9, 8)",50,23.0
82,Greedy,E26,"(38, 47)",45,26.0
82,Greedy,E27,"(3, 70)",49,21.0
82,Greedy,E28,"(62, 59)",48,27.0
82,Greedy,E29,"(68, 76)",41,23.0
82,Greedy,E30,"(49, 20)",42,28.0
82,Greedy,E31,"(4, 70)",35,25.0
82,Greedy,E32,"(64, 39)",34,23.0
82,Greedy,E33,"(95, 82)",28,25.0
82,Greedy,E34,"(99, 21)",32,13.0
82,Greedy,E35,"(35, 68)",34,21.0
82,Greedy,E36,"(47, 82)",28,14.0
82,Greedy,E37,"(46, 47)",20,21.0
82,Greedy,E38,"(19, 37)",23,11.0
82,Greedy,E39,"(2, 59)",19,21.0
82,Greedy,E40,"(62, 24)",21,14.0
82,Greedy,E41,"(85, 36)",12,25.0
82,Greedy,E42,"(6, 19)",9,24.0
82,Greedy,E43,"(79, 78)",6,28.0
82,Greedy,E44,"(31, 84)",11,10.0
82,Greedy,E45,"(69, 92)",9,21.0
82,Greedy,E46,"(71, 20)",8,15.0
82,Greedy,E47,"(83, 57)",10,15.0
82,Auction,E10,"(7, 21)",67,21.0
82,Auction,E16,"(48, 64)",61,15.0
82,Auction,E18,"(97, 95)",57,17.0
82,Auction,E19,"(76, 4)",58,25.0
82,Auction,E22,"(32, 73)",53,16.0
82,Auction,E23,"(50, 24)",48,21.0
82,Auction,E25,"(9, 8)",50,23.0
82,Auction,E26,"(38, 47)",45,26.0
82,Auction,E27,"(3, 70)",49,21.0
82,Auction,E28,"(62, 59)",48,27.0
82,Auction,E29,"(68, 76)",41,23.0
82,Auction,E30,"(49, 20)",42,28.0
82,Auction,E31,"(4, 70)",35,25.0
82,Auction,E32,"(64, 39)",34,23.0
82,Auction,E33,"(95, 82)",28,25.0
82,Auction,E34,"(99, 21)",32,13.0
82,Auction,E35,"(35, 68)",34,21.0
82,Auction,E36,"(47, 82)",28,14.0
82,Auction,E37,"(46, 47)",20,21.0
82,Auction,E38,"(19, 37)",23,11.0
82,Auction,E39,"(2, 59)",19,21.0
82,Auction,E41,"(85, 36)",12,25.0
82,Auction,E42,"(6, 19)",9,24.0
82,Auction,E43,"(79, 78)",6,28.0
82,Auction,E45,"(69, 92)",9,21.0
82,Auction,E46,"(71, 20)",8,15.0
82,Auction,E47,"(83, 57)",10,15.0
82,Q-Learning,E11,"(36, 8)",68,12.0
82,Q-Learning,E13,"(6, 42)",63,23.0
82,Q-Learning,E15,"(93, 58)",61,16.0
82,Q-Learning,E17,"(7, 51)",60,20.0
82,Q-Learning,E18,"(97, 95)",57,17.0
82,Q-Learning,E19,"(76, 4)",58,25.0
82,Q-Learning,E22,"(32, 73)",53,16.0
82,Q-Learning,E23,"(50, 24)",48,21.0
82,Q-Learning,E24,"(46, 14)",46,11.0
82,Q-Learning,E26,"(38, 47)",45,26.0
82,Q-Learning,E27,"(3, 70)",49,21.0
82,Q-Learning,E28,"(62, 59)",48,27.0
82,Q-Learning,E29,"(68, 76)",41,23.0
82,Q-Learning,E30,"(49, 20)",42,28.0
82,Q-Learning,E31,"(4, 70)",35,25.0
82,Q-Learning,E32,"(64, 39)",34,23.0
82,Q-Learning,E33,"(95, 82)",28,25.0
82,Q-Learning,E34,"(99, 21)",32,13.0
82,Q-Learning,E35,"(35, 68)",34,21.0
82,Q-Learning,E37,"(46, 47)",20,21.0
82,Q-Learning,E38,"(19, 37)",23,11.0
82,Q-Learning,E39,"(2, 59)",19,21.0
82,Q-Learning,E40,"(62, 24)",21,14.0
82,Q-Learning,E41,"(85, 36)",12,25.0
82,Q-Learning,E42,"(6, 19)",9,24.0
82,Q-Learning,E43,"(79, 78)",6,28.0
82,Q-Learning,E45,"(69, 92)",9,21.0
82,Q-Learning,E46,"(71, 20)",8,15.0
82,Q-Learning,E47,"(83, 57)",10,15.0
83,Greedy,E10,"(7, 21)",68,21.0
83,Greedy,E13,"(6, 42)",64,23.0
83,Greedy,E17,"(7, 51)",61,20.0
83,Greedy,E18,"(97, 95)",58,17.0
83,Greedy,E19,"(76, 4)",59,25.0
83,Greedy,E21,"(35, 95)",52,18.0
83,Greedy,E22,"(32, 73)",54,16.0
83,Greedy,E23,"(50, 24)",49,21.0
83,Greedy,E24,"(46, 14)",47,11.0
83,Greedy,E25,"(9, 8)",51,23.0
83,Greedy,E26,"(38, 47)",46,26.0
83,Greedy,E27,"(3, 70)",50,21.0
83,Greedy,E28,"(62, 59)",49,27.0
83,Greedy,E29,"(68, 76)",42,23.0
83,Greedy,E30,"(49, 20)",43,28.0
83,Greedy,E31,"(4, 70)",36,25.0
83,Greedy,E32,"(64, 39)",35,23.0
83,Greedy,E33,"(95, 82)",29,25.0
83,Greedy,E34,"(99, 21)",33,13.0
83,Greedy,E35,"(35, 68)",35,21.0
83,Greedy,E36,"(47, 82)",29,14.0
83,Greedy,E37,"(46, 47)",21,21.0
83,Greedy,E38,"(19, 37)",24,11.0
83,Greedy,E39,"(2, 59)",20,21.0
83,Greedy,E40,"(62, 24)",22,14.0
83,Greedy,E41,"(85, 36)",13,25.0
83,Greedy,E42,"(6, 19)",10,24.0
83,Greedy,E43,"(79, 78)",7,28.0
83,Greedy,E44,"(31, 84)",12,10.0
83,Greedy,E45,"(69, 92)",10,21.0
83,Greedy,E46,"(71, 20)",9,15.0
83,Greedy,E47,"(83, 57)",11,15.0
83,Auction,E10,"(7, 21)",68,21.0
83,Auction,E16,"(48, 64)",62,15.0
83,Auction,E18,"(97, 95)",58,17.0
83,Auction,E19,"(76, 4)",59,25.0
83,Auction,E22,"(32, 73)",54,16.0
83,Auction,E23,"(50, 24)",49,21.0
83,Auction,E25,"(9, 8)",51,23.0
83,Auction,E26,"(38, 47)",46,26.0
83,Auction,E27,"(3, 70)",50,21.0
83,Auction,E28,"(62, 59)",49,27.0
83,Auction,E29,"(68, 76)",42,23.0
83,Auction,E30,"(49, 20)",43,28.0
83,Auction,E31,"(4, 70)",36,25.0
83,Auction,E32,"(64, 39)",35,23.0
83,Auction,E33,"(95, 82)",29,25.0
83,Auction,E34,"(99, 21)",33,13.0
83,Auction,E35,"(35, 68)",35,21.0
83,Auction,E36,"(47, 82)",29,14.0
83,Auction,E37,"(46, 47)",21,21.0
83,Auction,E38,"(19, 37)",24,11.0
83,Auction,E39,"(2, 59)",20,21.0
83,Auction,E41,"(85, 36)",13,25.0
83,Auction,E42,"(6, 19)",10,24.0
83,Auction,E43,"(79, 78)",7,28.0
83,Auction,E45,"(69, 92)",10,21.0
83,Auction,E46,"(71, 20)",9,15.0
83,Auction,E47,"(83, 57)",11,15.0
83,Q-Learning,E11,"(36, 8)",69,12.0
83,Q-Learning,E13,"(6, 42)",64,23.0
83,Q-Learning,E15,"(93, 58)",62,16.0
83,Q-Learning,E17,"(7, 51)",61,20.0
83,Q-Learning,E18,"(97, 95)",58,17.0
83,Q-Learning,E19,"(76, 4)",59,25.0
83,Q-Learning,E22,"(32, 73)",54,16.0
83,Q-Learning,E23,"(50, 24)",49,21.0
83,Q-Learning,E24,"(46, 14)",47,11.0
83,Q-Learning,E26,"(38, 47)",46,26.0
83,Q-Learning,E27,"(3, 70)",50,21.0
83,Q-Learning,E28,"(62, 59)",49,27.0
83,Q-Learning,E29,"(68, 76)",42,23.0
83,Q-Learning,E30,"(49, 20)",43,28.0
83,Q-Learning,E31,"(4, 70)",36,25.0
83,Q-Learning,E32,"(64, 39)",35,23.0
83,Q-Learning,E33,"(95, 82)",29,25.0
83,Q-Learning,E34,"(99, 21)",33,13.0
83,Q-Learning,E35,"(35, 68)",35,21.0
83,Q-Learning,E37,"(46, 47)",21,21.0
83,Q-Learning,E38,"(19, 37)",24,11.0
83,Q-Learning,E39,"(2, 59)",20,21.0
83,Q-Learning,E40,"(62, 24)",22,14.0
83,Q-Learning,E41,"(85, 36)",13,25.0
83,Q-Learning,E42,"(6, 19)",10,24.0
83,Q-Learning,E43,"(79, 78)",7,28.0
83,Q-Learning,E45,"(69, 92)",10,21.0
83,Q-Learning,E46,"(71, 20)",9,15.0
83,Q-Learning,E47,"(83, 57)",11,15.0
84,Greedy,E10,"(7, 21)",69,21.0
84,Greedy,E13,"(6, 42)",65,23.0
84,Greedy,E17,"(7, 51)",62,20.0
84,Greedy,E18,"(97, 95)",59,17.0
84,Greedy,E19,"(76, 4)",60,25.0
84,Greedy,E21,"(35, 95)",53,18.0
84,Greedy,E22,"(32, 73)",55,16.0
84,Greedy,E23,"(50, 24)",50,21.0
84,Greedy,E24,"(46, 14)",48,11.0
84,Greedy,E25,"(9, 8)",52,23.0
84,Greedy,E26,"(38, 47)",47,26.0
84,Greedy,E27,"(3, 70)",51,21.0
84,Greedy,E28,"(62, 59)",50,27.0
84,Greedy,E29,"(68, 76)",43,23.0
84,Greedy,E30,"(49, 20)",44,28.0
84,Greedy,E31,"(4, 70)",37,25.0
84,Greedy,E32,"(64, 39)",36,23.0
84,Greedy,E33,"(95, 82)",30,25.0
84,Greedy,E34,"(99, 21)",34,13.0
84,Greedy,E35,"(35, 68)",36,21.0
84,Greedy,E36,"(47, 82)",30,14.0
84,Greedy,E37,"(46, 47)",22,21.0
84,Greedy,E38,"(19, 37)",25,11.0
84,Greedy,E39,"(2, 59)",21,21.0
84,Greedy,E40,"(62, 24)",23,14.0
84,Greedy,E41,"(85, 36)",14,25.0
84,Greedy,E42,"(6, 19)",11,24.0
84,Greedy,E43,"(79, 78)",8,28.0
84,Greedy,E44,"(31, 84)",13,10.0
84,Greedy,E45,"(69, 92)",11,21.0
84,Greedy,E46,"(71, 20)",10,15.0
84,Greedy,E47,"(83, 57)",12,15.0
84,Greedy,E48,"(27, 79)",2,29.0
84,Auction,E10,"(7, 21)",69,21.0
84,Auction,E16,"(48, 64)",63,15.0
84,Auction,E18,"(97, 95)",59,17.0
84,Auction,E19,"(76, 4)",60,25.0
84,Auction,E22,"(32, 73)",55,16.0
84,Auction,E23,"(50, 24)",50,21.0
84,Auction,E25,"(9, 8)",52,23.0
84,Auction,E26,"(38, 47)",47,26.0
84,Auction,E27,"(3, 70)",51,21.0
84,Auction,E28,"(62, 59)",50,27.0
84,Auction,E29,"(68, 76)",43,23.0
84,Auction,E30,"(49, 20)",44,28.0
84,Auction,E31,"(4, 70)",37,25.0
84,Auction,E32,"(64, 39)",36,23.0
84,Auction,E33,"(95, 82)",30,25.0
84,Auction,E34,"(99, 21)",34,13.0
84,Auction,E35,"(35, 68)",36,21.0
84,Auction,E36,"(47, 82)",30,14.0
84,Auction,E37,"(46, 47)",22,21.0
84,Auction,E38,"(19, 37)",25,11.0
84,Auction,E39,"(2, 59)",21,21.0
84,Auction,E41,"(85, 36)",14,25.0
84,Auction,E42,"(6, 19)",11,24.0
84,Auction,E43,"(79, 78)",8,28.0
84,Auction,E45,"(69, 92)",11,21.0
84,Auction,E46,"(71, 20)",10,15.0
84,Auction,E47,"(83, 57)",12,15.0
84,Auction,E48,"(27, 79)",2,29.0
84,Q-Learning,E11,"(36, 8)",70,12.0
84,Q-Learning,E13,"(6, 42)",65,23.0
84,Q-Learning,E15,"(93, 58)",63,16.0
84,Q-Learning,E17,"(7, 51)",62,20.0
84,Q-Learning,E18,"(97, 95)",59,17.0
84,Q-Learning,E19,"(76, 4)",60,25.0
84,Q-Learning,E22,"(32, 73)",55,16.0
84,Q-Learning,E23,"(50, 24)",50,21.0
84,Q-Learning,E24,"(46, 14)",48,11.0
84,Q-Learning,E26,"(38, 47)",47,26.0
84,Q-Learning,E27,"(3, 70)",51,21.0
84,Q-Learning,E28,"(62, 59)",50,27.0
84,Q-Learning,E29,"(68, 76)",43,23.0
84,Q-Learning,E30,"(49, 20)",44,28.0
84,Q-Learning,E31,"(4, 70)",37,25.0
84,Q-Learning,E32,"(64, 39)",36,23.0
84,Q-Learning,E33,"(95, 82)",30,25.0
84,Q-Learning,E34,"(99, 21)",34,13.0
84,Q-Learning,E35,"(35, 68)",36,21.0
84,Q-Learning,E37,"(46, 47)",22,21.0
84,Q-Learning,E38,"(19, 37)",25,11.0
84,Q-Learning,E39,"(2, 59)",21,21.0
84,Q-Learning,E40,"(62, 24)",23,14.0
84,Q-Learning,E41,"(85, 36)",14,25.0
84,Q-Learning,E42,"(6, 19)",11,24.0
84,Q-Learning,E43,"(79, 78)",8,28.0
84,Q-Learning,E45,"(69, 92)",11,21.0
84,Q-Learning,E46,"(71, 20)",10,15.0
84,Q-Learning,E47,"(83, 57)",12,15.0
84,Q-Learning,E48,"(27, 79)",2,29.0
85,Greedy,E10,"(7, 21)",70,21.0
85,Greedy,E13,"(6, 42)",66,23.0
85,Greedy,E17,"(7, 51)",63,20.0
85,Greedy,E18,"(97, 95)",60,17.0
85,Greedy,E19,"(76, 4)",61,25.0
85,Greedy,E21,"(35, 95)",54,18.0
85,Greedy,E22,"(32, 73)",56,16.0
85,Greedy,E23,"(50, 24)",51,21.0
85,Greedy,E24,"(46, 14)",49,11.0
85,Greedy,E25,"(9, 8)",53,23.0
85,Greedy,E26,"(38, 47)",48,26.0
85,Greedy,E27,"(3, 70)",52,21.0
85,Greedy,E28,"(62, 59)",51,27.0
85,Greedy,E29,"(68, 76)",44,23.0
85,Greedy,E30,"(49, 20)",45,28.0
85,Greedy,E31,"(4, 70)",38,25.0
85,Greedy,E32,"(64, 39)",37,23.0
85,Greedy,E33,"(95, 82)",31,25.0
85,Greedy,E34,"(99, 21)",35,13.0
85,Greedy,E35,"(35, 68)",37,21.0
85,Greedy,E36,"(47, 82)",31,14.0
85,Greedy,E37,"(46, 47)",23,21.0
85,Greedy,E38,"(19, 37)",26,11.0
85,Greedy,E39,"(2, 59)",22,21.0
85,Greedy,E40,"(62, 24)",24,14.0
85,Greedy,E41,"(85, 36)",15,25.0
85,Greedy,E42,"(6, 19)",12,24.0
85,Greedy,E43,"(79, 78)",9,28.0
85,Greedy,E44,"(31, 84)",14,10.0
85,Greedy,E45,"(69, 92)",12,21.0
85,Greedy,E46,"(71, 20)",11,15.0
85,Greedy,E47,"(83, 57)",13,15.0
85,Greedy,E48,"(27, 79)",3,29.0
85,Auction,E10,"(7, 21)",70,21.0
85,Auction,E16,"(48, 64)",64,15.0
85,Auction,E18,"(97, 95)",60,17.0
85,Auction,E19,"(76, 4)",61,25.0
85,Auction,E22,"(32, 73)",56,16.0
85,Auction,E23,"(50, 24)",51,21.0
85,Auction,E25,"(9, 8)",53,23.0
85,Auction,E26,"(38, 47)",48,26.0
85,Auction,E27,"(3, 70)",52,21.0
85,Auction,E28,"(62, 59)",51,27.0
85,Auction,E29,"(68, 76)",44,23.0
85,Auction,E30,"(49, 20)",45,28.0
85,Auction,E31,"(4, 70)",38,25.0
85,Auction,E32,"(64, 39)",37,23.0
85,Auction,E33,"(95, 82)",31,25.0
85,Auction,E34,"(99, 21)",35,13.0
85,Auction,E35,"(35, 68)",37,21.0
85,Auction,E36,"(47, 82)",31,14.0
85,Auction,E37,"(46, 47)",23,21.0
85,Auction,E38,"(19, 37)",26,11.0
85,Auction,E39,"(2, 59)",22,21.0
85,Auction,E41,"(85, 36)",15,25.0
85,Auction,E42,"(6, 19)",12,24.0
85,Auction,E43,"(79, 78)",9,28.0
85,Auction,E45,"(69, 92)",12,21.0
85,Auction,E46,"(71, 20)",11,15.0
85,Auction,E47,"(83, 57)",13,15.0
85,Auction,E48,"(27, 79)",3,29.0
85,Q-Learning,E11,"(36, 8)",71,12.0
85,Q-Learning,E13,"(6, 42)",66,23.0
85,Q-Learning,E15,"(93, 58)",64,16.0
85,Q-Learning,E17,"(7, 51)",63,20.0
85,Q-Learning,E18,"(97, 95)",60,17.0
85,Q-Learning,E19,"(76, 4)",61,25.0
85,Q-Learning,E22,"(32, 73)",56,16.0
85,Q-Learning,E23,"(50, 24)",51,21.0
85,Q-Learning,E24,"(46, 14)",49,11.0
85,Q-Learning,E26,"(38, 47)",48,26.0
85,Q-Learning,E27,"(3, 70)",52,21.0
85,Q-Learning,E28,"(62, 59)",51,27.0
85,Q-Learning,E29,"(68, 76)",44,23.0
85,Q-Learning,E30,"(49, 20)",45,28.0
85,Q-Learning,E31,"(4, 70)",38,25.0
85,Q-Learning,E32,"(64, 39)",37,23.0
85,Q-Learning,E33,"(95, 82)",31,25.0
85,Q-Learning,E34,"(99, 21)",35,13.0
85,Q-Learning,E35,"(35, 68)",37,21.0
85,Q-Learning,E37,"(46, 47)",23,21.0
85,Q-Learning,E38,"(19, 37)",26,11.0
85,Q-Learning,E39,"(2, 59)",22,21.0
85,Q-Learning,E40,"(62, 24)",24,14.0
85,Q-Learning,E41,"(85, 36)",15,25.0
85,Q-Learning,E42,"(6, 19)",12,24.0
85,Q-Learning,E43,"(79, 78)",9,28.0
85,Q-Learning,E45,"(69, 92)",12,21.0
85,Q-Learning,E46,"(71, 20)",11,15.0
85,Q-Learning,E47,"(83, 57)",13,15.0
85,Q-Learning,E48,"(27, 79)",3,29.0
86,Greedy,E10,"(7, 21)",71,21.0
86,Greedy,E13,"(6, 42)",67,23.0
86,Greedy,E17,"(7, 51)",64,20.0
86,Greedy,E18,"(97, 95)",61,17.0
86,Greedy,E19,"(76, 4)",62,25.0
86,Greedy,E21,"(35, 95)",55,18.0
86,Greedy,E22,"(32, 73)",57,16.0
86,Greedy,E23,"(50, 24)",52,21.0
86,Greedy,E24,"(46, 14)",50,11.0
86,Greedy,E25,"(9, 8)",54,23.0
86,Greedy,E26,"(38, 47)",49,26.0
86,Greedy,E27,"(3, 70)",53,21.0
86,Greedy,E28,"(62, 59)",52,27.0
86,Greedy,E29,"(68, 76)",45,23.0
86,Greedy,E30,"(49, 20)",46,28.0
86,Greedy,E31,"(4, 70)",39,25.0
86,Greedy,E32,"(64, 39)",38,23.0
86,Greedy,E33,"(95, 82)",32,25.0
86,Greedy,E34,"(99, 21)",36,13.0
86,Greedy,E35,"(35, 68)",38,21.0
86,Greedy,E36,"(47, 82)",32,14.0
86,Greedy,E37,"(46, 47)",24,21.0
86,Greedy,E38,"(19, 37)",27,11.0
86,Greedy,E39,"(2, 59)",23,21.0
86,Greedy,E40,"(62, 24)",25,14.0
86,Greedy,E41,"(85, 36)",16,25.0
86,Greedy,E42,"(6, 19)",13,24.0
86,Greedy,E43,"(79, 78)",10,28.0
86,Greedy,E44,"(31, 84)",15,10.0
86,Greedy,E45,"(69, 92)",13,21.0
86,Greedy,E46,"(71, 20)",12,15.0
86,Greedy,E47,"(83, 57)",14,15.0
86,Greedy,E48,"(27, 79)",4,29.0
86,Auction,E10,"(7, 21)",71,21.0
86,Auction,E16,"(48, 64)",65,15.0
86,Auction,E18,"(97, 95)",61,17.0
86,Auction,E19,"(76, 4)",62,25.0
86,Auction,E22,"(32, 73)",57,16.0
86,Auction,E23,"(50, 24)",52,21.0
86,Auction,E25,"(9, 8)",54,23.0
86,Auction,E26,"(38, 47)",49,26.0
86,Auction,E27,"(3, 70)",53,21.0
86,Auction,E28,"(62, 59)",52,27.0
86,Auction,E29,"(68, 76)",45,23.0
86,Auction,E30,"(49, 20)",46,28.0
86,Auction,E31,"(4, 70)",39,25.0
86,Auction,E32,"(64, 39)",38,23.0
86,Auction,E33,"(95, 82)",32,25.0
86,Auction,E34,"(99, 21)",36,13.0
86,Auction,E35,"(35, 68)",38,21.0
86,Auction,E36,"(47, 82)",32,14.0
86,Auction,E37,"(46, 47)",24,21.0
86,Auction,E38,"(19, 37)",27,11.0
86,Auction,E39,"(2, 59)",23,21.0
86,Auction,E41,"(85, 36)",16,25.0
86,Auction,E42,"(6, 19)",13,24.0
86,Auction,E43,"(79, 78)",10,28.0
86,Auction,E45,"(69, 92)",13,21.0
86,Auction,E46,"(71, 20)",12,15.0
86,Auction,E47,"(83, 57)",14,15.0
86,Auction,E48,"(27, 79)",4,29.0
86,Q-Learning,E11,"(36, 8)",72,12.0
86,Q-Learning,E13,"(6, 42)",67,23.0
86,Q-Learning,E15,"(93, 58)",65,16.0
86,Q-Learning,E17,"(7, 51)",64,20.0
86,Q-Learning,E18,"(97, 95)",61,17.0
86,Q-Learning,E19,"(76, 4)",62,25.0
86,Q-Learning,E22,"(32, 73)",57,16.0
86,Q-Learning,E23,"(50, 24)",52,21.0
86,Q-Learning,E24,"(46, 14)",50,11.0
86,Q-Learning,E26,"(38, 47)",49,26.0
86,Q-Learning,E27,"(3, 70)",53,21.0
86,Q-Learning,E28,"(62, 59)",52,27.0
86,Q-Learning,E29,"(68, 76)",45,23.0
86,Q-Learning,E30,"(49, 20)",46,28.0
86,Q-Learning,E31,"(4, 70)",39,25.0
86,Q-Learning,E32,"(64, 39)",38,23.0
86,Q-Learning,E33,"(95, 82)",32,25.0
86,Q-Learning,E34,"(99, 21)",36,13.0
86,Q-Learning,E35,"(35, 68)",38,21.0
86,Q-Learning,E37,"(46, 47)",24,21.0
86,Q-Learning,E38,"(19, 37)",27,11.0
86,Q-Learning,E39,"(2, 59)",23,21.0
86,Q-Learning,E40,"(62, 24)",25,14.0
86,Q-Learning,E41,"(85, 36)",16,25.0
86,Q-Learning,E42,"(6, 19)",13,24.0
86,Q-Learning,E43,"(79, 78)",10,28.0
86,Q-Learning,E45,"(69, 92)",13,21.0
86,Q-Learning,E46,"(71, 20)",12,15.0
86,Q-Learning,E47,"(83, 57)",14,15.0
86,Q-Learning,E48,"(27, 79)",4,29.0
87,Greedy,E10,"(7, 21)",72,21.0
87,Greedy,E13,"(6, 42)",68,23.0
87,Greedy,E17,"(7, 51)",65,20.0
87,Greedy,E18,"(97, 95)",62,17.0
87,Greedy,E19,"(76, 4)",63,25.0
87,Greedy,E21,"(35, 95)",56,18.0
87,Greedy,E22,"(32, 73)",58,16.0
87,Greedy,E23,"(50, 24)",53,21.0
87,Greedy,E24,"(46, 14)",51,11.0
87,Greedy,E25,"(9, 8)",55,23.0
87,Greedy,E26,"(38, 47)",50,26.0
87,Greedy,E27,"(3, 70)",54,21.0
87,Greedy,E28,"(62, 59)",53,27.0
87,Greedy,E29,"(68, 76)",46,23.0
87,Greedy,E30,"(49, 20)",47,28.0
87,Greedy,E31,"(4, 70)",40,25.0
87,Greedy,E32,"(64, 39)",39,23.0
87,Greedy,E33,"(95, 82)",33,25.0
87,Greedy,E34,"(99, 21)",37,13.0
87,Greedy,E35,"(35, 68)",39,21.0
87,Greedy,E36,"(47, 82)",33,14.0
87,Greedy,E37,"(46, 47)",25,21.0
87,Greedy,E38,"(19, 37)",28,11.0
87,Greedy,E39,"(2, 59)",24,21.0
87,Greedy,E40,"(62, 24)",26,14.0
87,Greedy,E41,"(85, 36)",17,25.0
87,Greedy,E42,"(6, 19)",14,24.0
87,Greedy,E43,"(79, 78)",11,28.0
87,Greedy,E44,"(31, 84)",16,10.0
87,Greedy,E45,"(69, 92)",14,21.0
87,Greedy,E46,"(71, 20)",13,15.0
87,Greedy,E47,"(83, 57)",15,15.0
87,Greedy,E48,"(27, 79)",5,29.0
87,Greedy,E49,"(97, 15)",6,18.0
87,Auction,E10,"(7, 21)",72,21.0
87,Auction,E16,"(48, 64)",66,15.0
87,Auction,E18,"(97, 95)",62,17.0
87,Auction,E19,"(76, 4)",63,25.0
87,Auction,E22,"(32, 73)",58,16.0
87,Auction,E23,"(50, 24)",53,21.0
87,Auction,E25,"(9, 8)",55,23.0
87,Auction,E26,"(38, 47)",50,26.0
87,Auction,E27,"(3, 70)",54,21.0
87,Auction,E28,"(62, 59)",53,27.0
87,Auction,E29,"(68, 76)",46,23.0
87,Auction,E30,"(49, 20)",47,28.0
87,Auction,E31,"(4, 70)",40,25.0
87,Auction,E32,"(64, 39)",39,23.0
87,Auction,E33,"(95, 82)",33,25.0
87,Auction,E34,"(99, 21)",37,13.0
87,Auction,E35,"(35, 68)",39,21.0
87,Auction,E36,"(47, 82)",33,14.0
87,Auction,E37,"(46, 47)",25,21.0
87,Auction,E38,"(19, 37)",28,11.0
87,Auction,E39,"(2, 59)",24,21.0
87,Auction,E41,"(85, 36)",17,25.0
87,Auction,E42,"(6, 19)",14,24.0
87,Auction,E43,"(79, 78)",11,28.0
87,Auction,E45,"(69, 92)",14,21.0
87,Auction,E46,"(71, 20)",13,15.0
87,Auction,E47,"(83, 57)",15,15.0
87,Auction,E48,"(27, 79)",5,29.0
87,Auction,E49,"(97, 15)",6,18.0
87,Q-Learning,E11,"(36, 8)",73,12.0
87,Q-Learning,E13,"(6, 42)",68,23.0
87,Q-Learning,E15,"(93, 58)",66,16.0
87,Q-Learning,E17,"(7, 51)",65,20.0
87,Q-Learning,E18,"(97, 95)",62,17.0
87,Q-Learning,E19,"(76, 4)",63,25.0
87,Q-Learning,E22,"(32, 73)",58,16.0
87,Q-Learning,E23,"(50, 24)",53,21.0
87,Q-Learning,E24,"(46, 14)",51,11.0
87,Q-Learning,E26,"(38, 47)",50,26.0
87,Q-Learning,E27,"(3, 70)",54,21.0
87,Q-Learning,E28,"(62, 59)",53,27.0
87,Q-Learning,E29,"(68, 76)",46,23.0
87,Q-Learning,E30,"(49, 20)",47,28.0
87,Q-Learning,E31,"(4, 70)",40,25.0
87,Q-Learning,E32,"(64, 39)",39,23.0
87,Q-Learning,E33,"(95, 82)",33,25.0
87,Q-Learning,E34,"(99, 21)",37,13.0
87,Q-Learning,E35,"(35, 68)",39,21.0
87,Q-Learning,E37,"(46, 47)",25,21.0
87,Q-Learning,E38,"(19, 37)",28,11.0
87,Q-Learning,E39,"(2, 59)",24,21.0
87,Q-Learning,E40,"(62, 24)",26,14.0
87,Q-Learning,E41,"(85, 36)",17,25.0
87,Q-Learning,E42,"(6, 19)",14,24.0
87,Q-Learning,E43,"(79, 78)",11,28.0
87,Q-Learning,E45,"(69, 92)",14,21.0
87,Q-Learning,E46,"(71, 20)",13,15.0
87,Q-Learning,E47,"(83, 57)",15,15.0
87,Q-Learning,E48,"(27, 79)",5,29.0
87,Q-Learning,E49,"(97, 15)",6,18.0
88,Greedy,E10,"(7, 21)",73,21.0
88,Greedy,E13,"(6, 42)",69,23.0
88,Greedy,E17,"(7, 51)",66,20.0
88,Greedy,E18,"(97, 95)",63,17.0
88,Greedy,E19,"(76, 4)",64,25.0
88,Greedy,E21,"(35, 95)",57,18.0
88,Greedy,E22,"(32, 73)",59,16.0
88,Greedy,E23,"(50, 24)",54,21.0
88,Greedy,E24,"(46, 14)",52,11.0
88,Greedy,E25,"(9, 8)",56,23.0
88,Greedy,E26,"(38, 47)",51,26.0
88,Greedy,E27,"(3, 70)",55,21.0
88,Greedy,E28,"(62, 59)",54,27.0
88,Greedy,E29,"(68, 76)",47,23.0
88,Greedy,E30,"(49, 20)",48,28.0
88,Greedy,E31,"(4, 70)",41,25.0
88,Greedy,E32,"(64, 39)",40,23.0
88,Greedy,E33,"(95, 82)",34,25.0
88,Greedy,E34,"(99, 21)",38,13.0
88,Greedy,E35,"(35, 68)",40,21.0
88,Greedy,E36,"(47, 82)",34,14.0
88,Greedy,E37,"(46, 47)",26,21.0
88,Greedy,E38,"(19, 37)",29,11.0
88,Greedy,E39,"(2, 59)",25,21.0
88,Greedy,E40,"(62, 24)",27,14.0
88,Greedy,E41,"(85, 36)",18,25.0
88,Greedy,E42,"(6, 19)",15,24.0
88,Greedy,E43,"(79, 78)",12,28.0
88,Greedy,E44,"(31, 84)",17,10.0
88,Greedy,E45,"(69, 92)",15,21.0
88,Greedy,E46,"(71, 20)",14,15.0
88,Greedy,E47,"(83, 57)",16,15.0
88,Greedy,E48,"(27, 79)",6,29.0
88,Greedy,E49,"(97, 15)",7,18.0
88,Auction,E10,"(7, 21)",73,21.0
88,Auction,E16,"(48, 64)",67,15.0
88,Auction,E18,"(97, 95)",63,17.0
88,Auction,E19,"(76, 4)",64,25.0
88,Auction,E22,"(32, 73)",59,16.0
88,Auction,E23,"(50, 24)",54,21.0
88,Auction,E25,"(9, 8)",56,23.0
88,Auction,E26,"(38, 47)",51,26.0
88,Auction,E27,"(3, 70)",55,21.0
88,Auction,E28,"(62, 59)",54,27.0
88,Auction,E29,"(68, 76)",47,23.0
88,Auction,E30,"(49, 20)",48,28.0
88,Auction,E31,"(4, 70)",41,25.0
88,Auction,E32,"(64, 39)",40,23.0
88,Auction,E33,"(95, 82)",34,25.0
88,Auction,E34,"(99, 21)",38,13.0
88,Auction,E35,"(35, 68)",40,21.0
88,Auction,E36,"(47, 82)",34,14.0
88,Auction,E37,"(46, 47)",26,21.0
88,Auction,E38,"(19, 37)",29,11.0
88,Auction,E39,"(2, 59)",25,21.0
88,Auction,E41,"(85, 36)",18,25.0
88,Auction,E42,"(6, 19)",15,24.0
88,Auction,E43,"(79, 78)",12,28.0
88,Auction,E45,"(69, 92)",15,21.0
88,Auction,E46,"(71, 20)",14,15.0
88,Auction,E47,"(83, 57)",16,15.0
88,Auction,E48,"(27, 79)",6,29.0
88,Auction,E49,"(97, 15)",7,18.0
88,Q-Learning,E11,"(36, 8)",74,12.0
88,Q-Learning,E13,"(6, 42)",69,23.0
88,Q-Learning,E15,"(93, 58)",67,16.0
88,Q-Learning,E17,"(7, 51)",66,20.0
88,Q-Learning,E18,"(97, 95)",63,17.0
88,Q-Learning,E19,"(76, 4)",64,25.0
88,Q-Learning,E22,"(32, 73)",59,16.0
88,Q-Learning,E23,"(50, 24)",54,21.0
88,Q-Learning,E24,"(46, 14)",52,11.0
88,Q-Learning,E26,"(38, 47)",51,26.0
88,Q-Learning,E27,"(3, 70)",55,21.0
88,Q-Learning,E28,"(62, 59)",54,27.0
88,Q-Learning,E29,"(68, 76)",47,23.0
88,Q-Learning,E30,"(49, 20)",48,28.0
88,Q-Learning,E31,"(4, 70)",41,25.0
88,Q-Learning,E32,"(64, 39)",40,23.0
88,Q-Learning,E33,"(95, 82)",34,25.0
88,Q-Learning,E34,"(99, 21)",38,13.0
88,Q-Learning,E35,"(35, 68)",40,21.0
88,Q-Learning,E37,"(46, 47)",26,21.0
88,Q-Learning,E38,"(19, 37)",29,11.0
88,Q-Learning,E39,"(2, 59)",25,21.0
88,Q-Learning,E40,"(62, 24)",27,14.0
88,Q-Learning,E41,"(85, 36)",18,25.0
88,Q-Learning,E42,"(6, 19)",15,24.0
88,Q-Learning,E43,"(79, 78)",12,28.0
88,Q-Learning,E45,"(69, 92)",15,21.0
88,Q-Learning,E46,"(71, 20)",14,15.0
88,Q-Learning,E47,"(83, 57)",16,15.0
88,Q-Learning,E48,"(27, 79)",6,29.0
88,Q-Learning,E49,"(97, 15)",7,18.0
89,Greedy,E10,"(7, 21)",74,21.0
89,Greedy,E13,"(6, 42)",70,23.0
89,Greedy,E17,"(7, 51)",67,20.0
89,Greedy,E18,"(97, 95)",64,17.0
89,Greedy,E19,"(76, 4)",65,25.0
89,Greedy,E21,"(35, 95)",58,18.0
89,Greedy,E22,"(32, 73)",60,16.0
89,Greedy,E23,"(50, 24)",55,21.0
89,Greedy,E24,"(46, 14)",53,11.0
89,Greedy,E25,"(9, 8)",57,23.0
89,Greedy,E26,"(38, 47)",52,26.0
89,Greedy,E27,"(3, 70)",56,21.0
89,Greedy,E28,"(62, 59)",55,27.0
89,Greedy,E29,"(68, 76)",48,23.0
89,Greedy,E30,"(49, 20)",49,28.0
89,Greedy,E31,"(4, 70)",42,25.0
89,Greedy,E32,"(64, 39)",41,23.0
89,Greedy,E33,"(95, 82)",35,25.0
89,Greedy,E34,"(99, 21)",39,13.0
89,Greedy,E35,"(35, 68)",41,21.0
89,Greedy,E36,"(47, 82)",35,14.0
89,Greedy,E37,"(46, 47)",27,21.0
89,Greedy,E38,"(19, 37)",30,11.0
89,Greedy,E39,"(2, 59)",26,21.0
89,Greedy,E40,"(62, 24)",28,14.0
89,Greedy,E41,"(85, 36)",19,25.0
89,Greedy,E42,"(6, 19)",16,24.0
89,Greedy,E43,"(79, 78)",13,28.0
89,Greedy,E44,"(31, 84)",18,10.0
89,Greedy,E45,"(69, 92)",16,21.0
89,Greedy,E46,"(71, 20)",15,15.0
89,Greedy,E47,"(83, 57)",17,15.0
89,Greedy,E48,"(27, 79)",7,29.0
89,Greedy,E49,"(97, 15)",8,18.0
89,Auction,E10,"(7, 21)",74,21.0
89,Auction,E16,"(48, 64)",68,15.0
89,Auction,E18,"(97, 95)",64,17.0
89,Auction,E19,"(76, 4)",65,25.0
89,Auction,E22,"(32, 73)",60,16.0
89,Auction,E23,"(50, 24)",55,21.0
89,Auction,E25,"(9, 8)",57,23.0
89,Auction,E26,"(38, 47)",52,26.0
89,Auction,E27,"(3, 70)",56,21.0
89,Auction,E28,"(62, 59)",55,27.0
89,Auction,E29,"(68, 76)",48,23.0
89,Auction,E30,"(49, 20)",49,28.0
89,Auction,E31,"(4, 70)",42,25.0
89,Auction,E32,"(64, 39)",41,23.0
89,Auction,E33,"(95, 82)",35,25.0
89,Auction,E34,"(99, 21)",39,13.0
89,Auction,E35,"(35, 68)",41,21.0
89,Auction,E36,"(47, 82)",35,14.0
89,Auction,E37,"(46, 47)",27,21.0
89,Auction,E38,"(19, 37)",30,11.0
89,Auction,E39,"(2, 59)",26,21.0
89,Auction,E41,"(85, 36)",19,25.0
89,Auction,E42,"(6, 19)",16,24.0
89,Auction,E43,"(79, 78)",13,28.0
89,Auction,E45,"(69, 92)",16,21.0
89,Auction,E46,"(71, 20)",15,15.0
89,Auction,E47,"(83, 57)",17,15.0
89,Auction,E48,"(27, 79)",7,29.0
89,Auction,E49,"(97, 15)",8,18.0
89,Q-Learning,E11,"(36, 8)",75,12.0
89,Q-Learning,E13,"(6, 42)",70,23.0
89,Q-Learning,E15,"(93, 58)",68,16.0
89,Q-Learning,E17,"(7, 51)",67,20.0
89,Q-Learning,E18,"(97, 95)",64,17.0
89,Q-Learning,E19,"(76, 4)",65,25.0
89,Q-Learning,E22,"(32, 73)",60,16.0
89,Q-Learning,E23,"(50, 24)",55,21.0
89,Q-Learning,E24,"(46, 14)",53,11.0
89,Q-Learning,E26,"(38, 47)",52,26.0
89,Q-Learning,E27,"(3, 70)",56,21.0
89,Q-Learning,E28,"(62, 59)",55,27.0
89,Q-Learning,E29,"(68, 76)",48,23.0
89,Q-Learning,E30,"(49, 20)",49,28.0
89,Q-Learning,E31,"(4, 70)",42,25.0
89,Q-Learning,E32,"(64, 39)",41,23.0
89,Q-Learning,E33,"(95, 82)",35,25.0
89,Q-Learning,E34,"(99, 21)",39,13.0
89,Q-Learning,E35,"(35, 68)",41,21.0
89,Q-Learning,E37,"(46, 47)",27,21.0
89,Q-Learning,E38,"(19, 37)",30,11.0
89,Q-Learning,E39,"(2, 59)",26,21.0
89,Q-Learning,E40,"(62, 24)",28,14.0
89,Q-Learning,E41,"(85, 36)",19,25.0
89,Q-Learning,E42,"(6, 19)",16,24.0
89,Q-Learning,E43,"(79, 78)",13,28.0
89,Q-Learning,E45,"(69, 92)",16,21.0
89,Q-Learning,E46,"(71, 20)",15,15.0
89,Q-Learning,E47,"(83, 57)",17,15.0
89,Q-Learning,E48,"(27, 79)",7,29.0
89,Q-Learning,E49,"(97, 15)",8,18.0
90,Greedy,E10,"(7, 21)",75,21.0
90,Greedy,E13,"(6, 42)",71,23.0
90,Greedy,E17,"(7, 51)",68,20.0
90,Greedy,E18,"(97, 95)",65,17.0
90,Greedy,E19,"(76, 4)",66,25.0
90,Greedy,E21,"(35, 95)",59,18.0
90,Greedy,E22,"(32, 73)",61,16.0
90,Greedy,E23,"(50, 24)",56,21.0
90,Greedy,E24,"(46, 14)",54,11.0
90,Greedy,E25,"(9, 8)",58,23.0
90,Greedy,E26,"(38, 47)",53,26.0
90,Greedy,E27,"(3, 70)",57,21.0
90,Greedy,E28,"(62, 59)",56,27.0
90,Greedy,E29,"(68, 76)",49,23.0
90,Greedy,E30,"(49, 20)",50,28.0
90,Greedy,E31,"(4, 70)",43,25.0
90,Greedy,E32,"(64, 39)",42,23.0
90,Greedy,E33,"(95, 82)",36,25.0
90,Greedy,E34,"(99, 21)",40,13.0
90,Greedy,E35,"(35, 68)",42,21.0
90,Greedy,E36,"(47, 82)",36,14.0
90,Greedy,E37,"(46, 47)",28,21.0
90,Greedy,E38,"(19, 37)",31,11.0
90,Greedy,E39,"(2, 59)",27,21.0
90,Greedy,E40,"(62, 24)",29,14.0
90,Greedy,E41,"(85, 36)",20,25.0
90,Greedy,E42,"(6, 19)",17,24.0
90,Greedy,E43,"(79, 78)",14,28.0
90,Greedy,E44,"(31, 84)",19,10.0
90,Greedy,E45,"(69, 92)",17,21.0
90,Greedy,E46,"(71, 20)",16,15.0
90,Greedy,E47,"(83, 57)",18,15.0
90,Greedy,E48,"(27, 79)",8,29.0
90,Greedy,E49,"(97, 15)",9,18.0
90,Auction,E10,"(7, 21)",75,21.0
90,Auction,E16,"(48, 64)",69,15.0
90,Auction,E18,"(97, 95)",65,17.0
90,Auction,E19,"(76, 4)",66,25.0
90,Auction,E22,"(32, 73)",61,16.0
90,Auction,E23,"(50, 24)",56,21.0
90,Auction,E25,"(9, 8)",58,23.0
90,Auction,E26,"(38, 47)",53,26.0
90,Auction,E27,"(3, 70)",57,21.0
90,Auction,E28,"(62, 59)",56,27.0
90,Auction,E29,"(68, 76)",49,23.0
90,Auction,E30,"(49, 20)",50,28.0
90,Auction,E31,"(4, 70)",43,25.0
90,Auction,E32,"(64, 39)",42,23.0
90,Auction,E33,"(95, 82)",36,25.0
90,Auction,E34,"(99, 21)",40,13.0
90,Auction,E35,"(35, 68)",42,21.0
90,Auction,E36,"(47, 82)",36,14.0
90,Auction,E37,"(46, 47)",28,21.0
90,Auction,E38,"(19, 37)",31,11.0
90,Auction,E39,"(2, 59)",27,21.0
90,Auction,E41,"(85, 36)",20,25.0
90,Auction,E42,"(6, 19)",17,24.0
90,Auction,E43,"(79, 78)",14,28.0
90,Auction,E45,"(69, 92)",17,21.0
90,Auction,E46,"(71, 20)",16,15.0
90,Auction,E47,"(83, 57)",18,15.0
90,Auction,E48,"(27, 79)",8,29.0
90,Auction,E49,"(97, 15)",9,18.0
90,Q-Learning,E11,"(36, 8)",76,12.0
90,Q-Learning,E13,"(6, 42)",71,23.0
90,Q-Learning,E15,"(93, 58)",69,16.0
90,Q-Learning,E17,"(7, 51)",68,20.0
90,Q-Learning,E18,"(97, 95)",65,17.0
90,Q-Learning,E19,"(76, 4)",66,25.0
90,Q-Learning,E22,"(32, 73)",61,16.0
90,Q-Learning,E23,"(50, 24)",56,21.0
90,Q-Learning,E24,"(46, 14)",54,11.0
90,Q-Learning,E26,"(38, 47)",53,26.0
90,Q-Learning,E27,"(3, 70)",57,21.0
90,Q-Learning,E28,"(62, 59)",56,27.0
90,Q-Learning,E29,"(68, 76)",49,23.0
90,Q-Learning,E30,"(49, 20)",50,28.0
90,Q-Learning,E31,"(4, 70)",43,25.0
90,Q-Learning,E32,"(64, 39)",42,23.0
90,Q-Learning,E33,"(95, 82)",36,25.0
90,Q-Learning,E34,"(99, 21)",40,13.0
90,Q-Learning,E35,"(35, 68)",42,21.0
90,Q-Learning,E37,"(46, 47)",28,21.0
90,Q-Learning,E38,"(19, 37)",31,11.0
90,Q-Learning,E39,"(2, 59)",27,21.0
90,Q-Learning,E40,"(62, 24)",29,14.0
90,Q-Learning,E41,"(85, 36)",20,25.0
90,Q-Learning,E42,"(6, 19)",17,24.0
90,Q-Learning,E43,"(79, 78)",14,28.0
90,Q-Learning,E45,"(69, 92)",17,21.0
90,Q-Learning,E46,"(71, 20)",16,15.0
90,Q-Learning,E47,"(83, 57)",18,15.0
90,Q-Learning,E48,"(27, 79)",8,29.0
90,Q-Learning,E49,"(97, 15)",9,18.0
91,Greedy,E10,"(7, 21)",76,21.0
91,Greedy,E13,"(6, 42)",72,23.0
91,Greedy,E17,"(7, 51)",69,20.0
91,Greedy,E18,"(97, 95)",66,17.0
91,Greedy,E19,"(76, 4)",67,25.0
91,Greedy,E21,"(35, 95)",60,18.0
91,Greedy,E22,"(32, 73)",62,16.0
91,Greedy,E23,"(50, 24)",57,21.0
91,Greedy,E24,"(46, 14)",55,11.0
91,Greedy,E25,"(9, 8)",59,23.0
91,Greedy,E26,"(38, 47)",54,26.0
91,Greedy,E27,"(3, 70)",58,21.0
91,Greedy,E28,"(62, 59)",57,27.0
91,Greedy,E29,"(68, 76)",50,23.0
91,Greedy,E30,"(49, 20)",51,28.0
91,Greedy,E31,"(4, 70)",44,25.0
91,Greedy,E32,"(64, 39)",43,23.0
91,Greedy,E33,"(95, 82)",37,25.0
91,Greedy,E34,"(99, 21)",41,13.0
91,Greedy,E35,"(35, 68)",43,21.0
91,Greedy,E36,"(47, 82)",37,14.0
91,Greedy,E37,"(46, 47)",29,21.0
91,Greedy,E38,"(19, 37)",32,11.0
91,Greedy,E39,"(2, 59)",28,21.0
91,Greedy,E40,"(62, 24)",30,14.0
91,Greedy,E41,"(85, 36)",21,25.0
91,Greedy,E42,"(6, 19)",18,24.0
91,Greedy,E43,"(79, 78)",15,28.0
91,Greedy,E44,"(31, 84)",20,10.0
91,Greedy,E45,"(69, 92)",18,21.0
91,Greedy,E46,"(71, 20)",17,15.0
91,Greedy,E47,"(83, 57)",19,15.0
91,Greedy,E48,"(27, 79)",9,29.0
91,Greedy,E49,"(97, 15)",10,18.0
91,Greedy,E50,"(51, 37)",9,20.0
91,Auction,E10,"(7, 21)",76,21.0
91,Auction,E16,"(48, 64)",70,15.0
91,Auction,E18,"(97, 95)",66,17.0
91,Auction,E19,"(76, 4)",67,25.0
91,Auction,E22,"(32, 73)",62,16.0
91,Auction,E23,"(50, 24)",57,21.0
91,Auction,E25,"(9, 8)",59,23.0
91,Auction,E26,"(38, 47)",54,26.0
91,Auction,E27,"(3, 70)",58,21.0
91,Auction,E28,"(62, 59)",57,27.0
91,Auction,E29,"(68, 76)",50,23.0
91,Auction,E30,"(49, 20)",51,28.0
91,Auction,E31,"(4, 70)",44,25.0
91,Auction,E32,"(64, 39)",43,23.0
91,Auction,E33,"(95, 82)",37,25.0
91,Auction,E34,"(99, 21)",41,13.0
91,Auction,E35,"(35, 68)",43,21.0
91,Auction,E36,"(47, 82)",37,14.0
91,Auction,E37,"(46, 47)",29,21.0
91,Auction,E38,"(19, 37)",32,11.0
91,Auction,E39,"(2, 59)",28,21.0
91,Auction,E41,"(85, 36)",21,25.0
91,Auction,E42,"(6, 19)",18,24.0
91,Auction,E43,"(79, 78)",15,28.0
91,Auction,E45,"(69, 92)",18,21.0
91,Auction,E46,"(71, 20)",17,15.0
91,Auction,E47,"(83, 57)",19,15.0
91,Auction,E48,"(27, 79)",9,29.0
91,Auction,E49,"(97, 15)",10,18.0
91,Auction,E50,"(51, 37)",9,20.0
91,Q-Learning,E11,"(36, 8)",77,12.0
91,Q-Learning,E13,"(6, 42)",72,23.0
91,Q-Learning,E15,"(93, 58)",70,16.0
91,Q-Learning,E17,"(7, 51)",69,20.0
91,Q-Learning,E18,"(97, 95)",66,17.0
91,Q-Learning,E19,"(76, 4)",67,25.0
91,Q-Learning,E22,"(32, 73)",62,16.0
91,Q-Learning,E23,"(50, 24)",57,21.0
91,Q-Learning,E24,"(46, 14)",55,11.0
91,Q-Learning,E26,"(38, 47)",54,26.0
91,Q-Learning,E27,"(3, 70)",58,21.0
91,Q-Learning,E28,"(62, 59)",57,27.0
91,Q-Learning,E29,"(68, 76)",50,23.0
91,Q-Learning,E30,"(49, 20)",51,28.0
91,Q-Learning,E31,"(4, 70)",44,25.0
91,Q-Learning,E32,"(64, 39)",43,23.0
91,Q-Learning,E33,"(95, 82)",37,25.0
91,Q-Learning,E34,"(99, 21)",41,13.0
91,Q-Learning,E35,"(35, 68)",43,21.0
91,Q-Learning,E37,"(46, 47)",29,21.0
91,Q-Learning,E38,"(19, 37)",32,11.0
91,Q-Learning,E39,"(2, 59)",28,21.0
91,Q-Learning,E40,"(62, 24)",30,14.0
91,Q-Learning,E41,"(85, 36)",21,25.0
91,Q-Learning,E42,"(6, 19)",18,24.0
91,Q-Learning,E43,"(79, 78)",15,28.0
91,Q-Learning,E45,"(69, 92)",18,21.0
91,Q-Learning,E46,"(71, 20)",17,15.0
91,Q-Learning,E47,"(83, 57)",19,15.0
91,Q-Learning,E48,"(27, 79)",9,29.0
91,Q-Learning,E49,"(97, 15)",10,18.0
91,Q-Learning,E50,"(51, 37)",9,20.0
92,Greedy,E10,"(7, 21)",77,21.0
92,Greedy,E13,"(6, 42)",73,23.0
92,Greedy,E17,"(7, 51)",70,20.0
92,Greedy,E18,"(97, 95)",67,17.0
92,Greedy,E19,"(76, 4)",68,25.0
92,Greedy,E21,"(35, 95)",61,18.0
92,Greedy,E22,"(32, 73)",63,16.0
92,Greedy,E23,"(50, 24)",58,21.0
92,Greedy,E24,"(46, 14)",56,11.0
92,Greedy,E25,"(9, 8)",60,23.0
92,Greedy,E26,"(38, 47)",55,26.0
92,Greedy,E27,"(3, 70)",59,21.0
92,Greedy,E28,"(62, 59)",58,27.0
92,Greedy,E29,"(68, 76)",51,23.0
92,Greedy,E30,"(49, 20)",52,28.0
92,Greedy,E31,"(4, 70)",45,25.0
92,Greedy,E32,"(64, 39)",44,23.0
92,Greedy,E33,"(95, 82)",38,25.0
92,Greedy,E34,"(99, 21)",42,13.0
92,Greedy,E35,"(35, 68)",44,21.0
92,Greedy,E36,"(47, 82)",38,14.0
92,Greedy,E37,"(46, 47)",30,21.0
92,Greedy,E38,"(19, 37)",33,11.0
92,Greedy,E39,"(2, 59)",29,21.0
92,Greedy,E40,"(62, 24)",31,14.0
92,Greedy,E41,"(85, 36)",22,25.0
92,Greedy,E42,"(6, 19)",19,24.0
92,Greedy,E43,"(79, 78)",16,28.0
92,Greedy,E44,"(31, 84)",21,10.0
92,Greedy,E45,"(69, 92)",19,21.0
92,Greedy,E46,"(71, 20)",18,15.0
92,Greedy,E47,"(83, 57)",20,15.0
92,Greedy,E48,"(27, 79)",10,29.0
92,Greedy,E49,"(97, 15)",11,18.0
92,Greedy,E50,"(51, 37)",10,20.0
92,Greedy,E51,"(25, 33)",7,27.0
92,Auction,E10,"(7, 21)",77,21.0
92,Auction,E16,"(48, 64)",71,15.0
92,Auction,E18,"(97, 95)",67,17.0
92,Auction,E19,"(76, 4)",68,25.0
92,Auction,E22,"(32, 73)",63,16.0
92,Auction,E23,"(50, 24)",58,21.0
92,Auction,E25,"(9, 8)",60,23.0
92,Auction,E26,"(38, 47)",55,26.0
92,Auction,E27,"(3, 70)",59,21.0
92,Auction,E28,"(62, 59)",58,27.0
92,Auction,E29,"(68, 76)",51,23.0
92,Auction,E30,"(49, 20)",52,28.0
92,Auction,E31,"(4, 70)",45,25.0
92,Auction,E32,"(64, 39)",44,23.0
92,Auction,E33,"(95, 82)",38,25.0
92,Auction,E34,"(99, 21)",42,13.0
92,Auction,E35,"(35, 68)",44,21.0
92,Auction,E36,"(47, 82)",38,14.0
92,Auction,E37,"(46, 47)",30,21.0
92,Auction,E38,"(19, 37)",33,11.0
92,Auction,E39,"(2, 59)",29,21.0
92,Auction,E41,"(85, 36)",22,25.0
92,Auction,E42,"(6, 19)",19,24.0
92,Auction,E43,"(79, 78)",16,28.0
92,Auction,E45,"(69, 92)",19,21.0
92,Auction,E46,"(71, 20)",18,15.0
92,Auction,E47,"(83, 57)",20,15.0
92,Auction,E48,"(27, 79)",10,29.0
92,Auction,E49,"(97, 15)",11,18.0
92,Auction,E50,"(51, 37)",10,20.0
92,Auction,E51,"(25, 33)",7,27.0
92,Q-Learning,E11,"(36, 8)",78,12.0
92,Q-Learning,E13,"(6, 42)",73,23.0
92,Q-Learning,E15,"(93, 58)",71,16.0
92,Q-Learning,E17,"(7, 51)",70,20.0
92,Q-Learning,E18,"(97, 95)",67,17.0
92,Q-Learning,E19,"(76, 4)",68,25.0
92,Q-Learning,E22,"(32, 73)",63,16.0
92,Q-Learning,E23,"(50, 24)",58,21.0
92,Q-Learning,E24,"(46, 14)",56,11.0
92,Q-Learning,E26,"(38, 47)",55,26.0
92,Q-Learning,E27,"(3, 70)",59,21.0
92,Q-Learning,E28,"(62, 59)",58,27.0
92,Q-Learning,E29,"(68, 76)",51,23.0
92,Q-Learning,E30,"(49, 20)",52,28.0
92,Q-Learning,E31,"(4, 70)",45,25.0
92,Q-Learning,E32,"(64, 39)",44,23.0
92,Q-Learning,E33,"(95, 82)",38,25.0
92,Q-Learning,E34,"(99, 21)",42,13.0
92,Q-Learning,E35,"(35, 68)",44,21.0
92,Q-Learning,E37,"(46, 47)",30,21.0
92,Q-Learning,E38,"(19, 37)",33,11.0
92,Q-Learning,E39,"(2, 59)",29,21.0
92,Q-Learning,E40,"(62, 24)",31,14.0
92,Q-Learning,E41,"(85, 36)",22,25.0
92,Q-Learning,E42,"(6, 19)",19,24.0
92,Q-Learning,E43,"(79, 78)",16,28.0
92,Q-Learning,E45,"(69, 92)",19,21.0
92,Q-Learning,E46,"(71, 20)",18,15.0
92,Q-Learning,E47,"(83, 57)",20,15.0
92,Q-Learning,E48,"(27, 79)",10,29.0
92,Q-Learning,E49,"(97, 15)",11,18.0
92,Q-Learning,E50,"(51, 37)",10,20.0
92,Q-Learning,E51,"(25, 33)",7,27.0
93,Greedy,E10,"(7, 21)",78,21.0
93,Greedy,E13,"(6, 42)",74,23.0
93,Greedy,E17,"(7, 51)",71,20.0
93,Greedy,E18,"(97, 95)",68,17.0
93,Greedy,E19,"(76, 4)",69,25.0
93,Greedy,E21,"(35, 95)",62,18.0
93,Greedy,E22,"(32, 73)",64,16.0
93,Greedy,E23,"(50, 24)",59,21.0
93,Greedy,E24,"(46, 14)",57,11.0
93,Greedy,E25,"(9, 8)",61,23.0
93,Greedy,E26,"(38, 47)",56,26.0
93,Greedy,E27,"(3, 70)",60,21.0
93,Greedy,E28,"(62, 59)",59,27.0
93,Greedy,E29,"(68, 76)",52,23.0
93,Greedy,E30,"(49, 20)",53,28.0
93,Greedy,E31,"(4, 70)",46,25.0
93,Greedy,E32,"(64, 39)",45,23.0
93,Greedy,E33,"(95, 82)",39,25.0
93,Greedy,E34,"(99, 21)",43,13.0
93,Greedy,E35,"(35, 68)",45,21.0
93,Greedy,E36,"(47, 82)",39,14.0
93,Greedy,E37,"(46, 47)",31,21.0
93,Greedy,E38,"(19, 37)",34,11.0
93,Greedy,E39,"(2, 59)",30,21.0
93,Greedy,E40,"(62, 24)",32,14.0
93,Greedy,E41,"(85, 36)",23,25.0
93,Greedy,E42,"(6, 19)",20,24.0
93,Greedy,E43,"(79, 78)",17,28.0
93,Greedy,E44,"(31, 84)",22,10.0
93,Greedy,E45,"(69, 92)",20,21.0
93,Greedy,E46,"(71, 20)",19,15.0
93,Greedy,E47,"(83, 57)",21,15.0
93,Greedy,E48,"(27, 79)",11,29.0
93,Greedy,E49,"(97, 15)",12,18.0
93,Greedy,E50,"(51, 37)",11,20.0
93,Greedy,E51,"(25, 33)",8,27.0
93,Greedy,E52,"(31, 56)",7,18.0
93,Auction,E10,"(7, 21)",78,21.0
93,Auction,E16,"(48, 64)",72,15.0
93,Auction,E18,"(97, 95)",68,17.0
93,Auction,E19,"(76, 4)",69,25.0
93,Auction,E22,"(32, 73)",64,16.0
93,Auction,E23,"(50, 24)",59,21.0
93,Auction,E25,"(9, 8)",61,23.0
93,Auction,E26,"(38, 47)",56,26.0
93,Auction,E27,"(3, 70)",60,21.0
93,Auction,E28,"(62, 59)",59,27.0
93,Auction,E29,"(68, 76)",52,23.0
93,Auction,E30,"(49, 20)",53,28.0
93,Auction,E31,"(4, 70)",46,25.0
93,Auction,E32,"(64, 39)",45,23.0
93,Auction,E33,"(95, 82)",39,25.0
93,Auction,E34,"(99, 21)",43,13.0
93,Auction,E35,"(35, 68)",45,21.0
93,Auction,E36,"(47, 82)",39,14.0
93,Auction,E37,"(46, 47)",31,21.0
93,Auction,E38,"(19, 37)",34,11.0
93,Auction,E39,"(2, 59)",30,21.0
93,Auction,E41,"(85, 36)",23,25.0
93,Auction,E42,"(6, 19)",20,24.0
93,Auction,E43,"(79, 78)",17,28.0
93,Auction,E45,"(69, 92)",20,21.0
93,Auction,E46,"(71, 20)",19,15.0
93,Auction,E47,"(83, 57)",21,15.0
93,Auction,E48,"(27, 79)",11,29.0
93,Auction,E49,"(97, 15)",12,18.0
93,Auction,E50,"(51, 37)",11,20.0
93,Auction,E51,"(25, 33)",8,27.0
93,Auction,E52,"(31, 56)",7,18.0
93,Q-Learning,E11,"(36, 8)",79,12.0
93,Q-Learning,E13,"(6, 42)",74,23.0
93,Q-Learning,E15,"(93, 58)",72,16.0
93,Q-Learning,E17,"(7, 51)",71,20.0
93,Q-Learning,E18,"(97, 95)",68,17.0
93,Q-Learning,E19,"(76, 4)",69,25.0
93,Q-Learning,E22,"(32, 73)",64,16.0
93,Q-Learning,E23,"(50, 24)",59,21.0
93,Q-Learning,E24,"(46, 14)",57,11.0
93,Q-Learning,E26,"(38, 47)",56,26.0
93,Q-Learning,E27,"(3, 70)",60,21.0
93,Q-Learning,E28,"(62, 59)",59,27.0
93,Q-Learning,E29,"(68, 76)",52,23.0
93,Q-Learning,E30,"(49, 20)",53,28.0
93,Q-Learning,E31,"(4, 70)",46,25.0
93,Q-Learning,E32,"(64, 39)",45,23.0
93,Q-Learning,E33,"(95, 82)",39,25.0
93,Q-Learning,E34,"(99, 21)",43,13.0
93,Q-Learning,E35,"(35, 68)",45,21.0
93,Q-Learning,E37,"(46, 47)",31,21.0
93,Q-Learning,E38,"(19, 37)",34,11.0
93,Q-Learning,E39,"(2, 59)",30,21.0
93,Q-Learning,E40,"(62, 24)",32,14.0
93,Q-Learning,E41,"(85, 36)",23,25.0
93,Q-Learning,E42,"(6, 19)",20,24.0
93,Q-Learning,E43,"(79, 78)",17,28.0
93,Q-Learning,E45,"(69, 92)",20,21.0
93,Q-Learning,E46,"(71, 20)",19,15.0
93,Q-Learning,E47,"(83, 57)",21,15.0
93,Q-Learning,E48,"(27, 79)",11,29.0
93,Q-Learning,E49,"(97, 15)",12,18.0
93,Q-Learning,E50,"(51, 37)",11,20.0
93,Q-Learning,E51,"(25, 33)",8,27.0
93,Q-Learning,E52,"(31, 56)",7,18.0
94,Greedy,E10,"(7, 21)",79,21.0
94,Greedy,E13,"(6, 42)",75,23.0
94,Greedy,E17,"(7, 51)",72,20.0
94,Greedy,E18,"(97, 95)",69,17.0
94,Greedy,E19,"(76, 4)",70,25.0
94,Greedy,E21,"(35, 95)",63,18.0
94,Greedy,E22,"(32, 73)",65,16.0
94,Greedy,E23,"(50, 24)",60,21.0
94,Greedy,E24,"(46, 14)",58,11.0
94,Greedy,E25,"(9, 8)",62,23.0
94,Greedy,E26,"(38, 47)",57,26.0
94,Greedy,E27,"(3, 70)",61,21.0
94,Greedy,E28,"(62, 59)",60,27.0
94,Greedy,E29,"(68, 76)",53,23.0
94,Greedy,E30,"(49, 20)",54,28.0
94,Greedy,E31,"(4, 70)",47,25.0
94,Greedy,E32,"(64, 39)",46,23.0
94,Greedy,E33,"(95, 82)",40,25.0
94,Greedy,E34,"(99, 21)",44,13.0
94,Greedy,E35,"(35, 68)",46,21.0
94,Greedy,E36,"(47, 82)",40,14.0
94,Greedy,E37,"(46, 47)",32,21.0
94,Greedy,E38,"(19, 37)",35,11.0
94,Greedy,E39,"(2, 59)",31,21.0
94,Greedy,E40,"(62, 24)",33,14.0
94,Greedy,E41,"(85, 36)",24,25.0
94,Greedy,E42,"(6, 19)",21,24.0
94,Greedy,E43,"(79, 78)",18,28.0
94,Greedy,E44,"(31, 84)",23,10.0
94,Greedy,E45,"(69, 92)",21,21.0
94,Greedy,E46,"(71, 20)",20,15.0
94,Greedy,E47,"(83, 57)",22,15.0
94,Greedy,E48,"(27, 79)",12,29.0
94,Greedy,E49,"(97, 15)",13,18.0
94,Greedy,E50,"(51, 37)",12,20.0
94,Greedy,E51,"(25, 33)",9,27.0
94,Greedy,E52,"(31, 56)",8,18.0
94,Greedy,E53,"(62, 27)",3,22.0
94,Auction,E10,"(7, 21)",79,21.0
94,Auction,E16,"(48, 64)",73,15.0
94,Auction,E18,"(97, 95)",69,17.0
94,Auction,E19,"(76, 4)",70,25.0
94,Auction,E22,"(32, 73)",65,16.0
94,Auction,E23,"(50, 24)",60,21.0
94,Auction,E25,"(9, 8)",62,23.0
94,Auction,E26,"(38, 47)",57,26.0
94,Auction,E27,"(3, 70)",61,21.0
94,Auction,E28,"(62, 59)",60,27.0
94,Auction,E29,"(68, 76)",53,23.0
94,Auction,E30,"(49, 20)",54,28.0
94,Auction,E31,"(4, 70)",47,25.0
94,Auction,E32,"(64, 39)",46,23.0
94,Auction,E33,"(95, 82)",40,25.0
94,Auction,E34,"(99, 21)",44,13.0
94,Auction,E35,"(35, 68)",46,21.0
94,Auction,E36,"(47, 82)",40,14.0
94,Auction,E37,"(46, 47)",32,21.0
94,Auction,E38,"(19, 37)",35,11.0
94,Auction,E39,"(2, 59)",31,21.0
94,Auction,E41,"(85, 36)",24,25.0
94,Auction,E42,"(6, 19)",21,24.0
94,Auction,E43,"(79, 78)",18,28.0
94,Auction,E45,"(69, 92)",21,21.0
94,Auction,E46,"(71, 20)",20,15.0
94,Auction,E47,"(83, 57)",22,15.0
94,Auction,E48,"(27, 79)",12,29.0
94,Auction,E49,"(97, 15)",13,18.0
94,Auction,E50,"(51, 37)",12,20.0
94,Auction,E51,"(25, 33)",9,27.0
94,Auction,E52,"(31, 56)",8,18.0
94,Auction,E53,"(62, 27)",3,22.0
94,Q-Learning,E11,"(36, 8)",80,12.0
94,Q-Learning,E13,"(6, 42)",75,23.0
94,Q-Learning,E15,"(93, 58)",73,16.0
94,Q-Learning,E17,"(7, 51)",72,20.0
94,Q-Learning,E18,"(97, 95)",69,17.0
94,Q-Learning,E19,"(76, 4)",70,25.0
94,Q-Learning,E22,"(32, 73)",65,16.0
94,Q-Learning,E23,"(50, 24)",60,21.0
94,Q-Learning,E24,"(46, 14)",58,11.0
94,Q-Learning,E26,"(38, 47)",57,26.0
94,Q-Learning,E27,"(3, 70)",61,21.0
94,Q-Learning,E28,"(62, 59)",60,27.0
94,Q-Learning,E29,"(68, 76)",53,23.0
94,Q-Learning,E30,"(49, 20)",54,28.0
94,Q-Learning,E31,"(4, 70)",47,25.0
94,Q-Learning,E32,"(64, 39)",46,23.0
94,Q-Learning,E33,"(95, 82)",40,25.0
94,Q-Learning,E34,"(99, 21)",44,13.0
94,Q-Learning,E35,"(35, 68)",46,21.0
94,Q-Learning,E37,"(46, 47)",32,21.0
94,Q-Learning,E38,"(19, 37)",35,11.0
94,Q-Learning,E39,"(2, 59)",31,21.0
94,Q-Learning,E40,"(62, 24)",33,14.0
94,Q-Learning,E41,"(85, 36)",24,25.0
94,Q-Learning,E42,"(6, 19)",21,24.0
94,Q-Learning,E43,"(79, 78)",18,28.0
94,Q-Learning,E45,"(69, 92)",21,21.0
94,Q-Learning,E46,"(71, 20)",20,15.0
94,Q-Learning,E47,"(83, 57)",22,15.0
94,Q-Learning,E48,"(27, 79)",12,29.0
94,Q-Learning,E49,"(97, 15)",13,18.0
94,Q-Learning,E50,"(51, 37)",12,20.0
94,Q-Learning,E51,"(25, 33)",9,27.0
94,Q-Learning,E52,"(31, 56)",8,18.0
94,Q-Learning,E53,"(62, 27)",3,22.0
95,Greedy,E10,"(7, 21)",80,21.0
95,Greedy,E13,"(6, 42)",76,23.0
95,Greedy,E17,"(7, 51)",73,20.0
95,Greedy,E18,"(97, 95)",70,17.0
95,Greedy,E19,"(76, 4)",71,25.0
95,Greedy,E21,"(35, 95)",64,18.0
95,Greedy,E22,"(32, 73)",66,16.0
95,Greedy,E23,"(50, 24)",61,21.0
95,Greedy,E24,"(46, 14)",59,11.0
95,Greedy,E25,"(9, 8)",63,23.0
95,Greedy,E26,"(38, 47)",58,26.0
95,Greedy,E27,"(3, 70)",62,21.0
95,Greedy,E28,"(62, 59)",61,27.0
95,Greedy,E29,"(68, 76)",54,23.0
95,Greedy,E30,"(49, 20)",55,28.0
95,Greedy,E31,"(4, 70)",48,25.0
95,Greedy,E32,"(64, 39)",47,23.0
95,Greedy,E33,"(95, 82)",41,25.0
95,Greedy,E34,"(99, 21)",45,13.0
95,Greedy,E35,"(35, 68)",47,21.0
95,Greedy,E36,"(47, 82)",41,14.0
95,Greedy,E37,"(46, 47)",33,21.0
95,Greedy,E38,"(19, 37)",36,11.0
95,Greedy,E39,"(2, 59)",32,21.0
95,Greedy,E40,"(62, 24)",34,14.0
95,Greedy,E41,"(85, 36)",25,25.0
95,Greedy,E42,"(6, 19)",22,24.0
95,Greedy,E43,"(79, 78)",19,28.0
95,Greedy,E44,"(31, 84)",24,10.0
95,Greedy,E45,"(69, 92)",22,21.0
95,Greedy,E46,"(71, 20)",21,15.0
95,Greedy,E47,"(83, 57)",23,15.0
95,Greedy,E48,"(27, 79)",13,29.0
95,Greedy,E49,"(97, 15)",14,18.0
95,Greedy,E50,"(51, 37)",13,20.0
95,Greedy,E51,"(25, 33)",10,27.0
95,Greedy,E52,"(31, 56)",9,18.0
95,Greedy,E53,"(62, 27)",4,22.0
95,Greedy,E54,"(0, 54)",4,13.0
95,Auction,E10,"(7, 21)",80,21.0
95,Auction,E16,"(48, 64)",74,15.0
95,Auction,E18,"(97, 95)",70,17.0
95,Auction,E19,"(76, 4)",71,25.0
95,Auction,E22,"(32, 73)",66,16.0
95,Auction,E23,"(50, 24)",61,21.0
95,Auction,E25,"(9, 8)",63,23.0
95,Auction,E26,"(38, 47)",58,26.0
95,Auction,E27,"(3, 70)",62,21.0
95,Auction,E28,"(62, 59)",61,27.0
95,Auction,E29,"(68, 76)",54,23.0
95,Auction,E30,"(49, 20)",55,28.0
95,Auction,E31,"(4, 70)",48,25.0
95,Auction,E32,"(64, 39)",47,23.0
95,Auction,E33,"(95, 82)",41,25.0
95,Auction,E34,"(99, 21)",45,13.0
95,Auction,E35,"(35, 68)",47,21.0
95,Auction,E36,"(47, 82)",41,14.0
95,Auction,E37,"(46, 47)",33,21.0
95,Auction,E38,"(19, 37)",36,11.0
95,Auction,E39,"(2, 59)",32,21.0
95,Auction,E41,"(85, 36)",25,25.0
95,Auction,E42,"(6, 19)",22,24.0
95,Auction,E43,"(79, 78)",19,28.0
95,Auction,E45,"(69, 92)",22,21.0
95,Auction,E46,"(71, 20)",21,15.0
95,Auction,E47,"(83, 57)",23,15.0
95,Auction,E48,"(27, 79)",13,29.0
95,Auction,E49,"(97, 15)",14,18.0
95,Auction,E50,"(51, 37)",13,20.0
95,Auction,E51,"(25, 33)",10,27.0
95,Auction,E52,"(31, 56)",9,18.0
95,Auction,E53,"(62, 27)",4,22.0
95,Auction,E54,"(0, 54)",4,13.0
95,Q-Learning,E11,"(36, 8)",81,12.0
95,Q-Learning,E13,"(6, 42)",76,23.0
95,Q-Learning,E15,"(93, 58)",74,16.0
95,Q-Learning,E17,"(7, 51)",73,20.0
95,Q-Learning,E18,"(97, 95)",70,17.0
95,Q-Learning,E19,"(76, 4)",71,25.0
95,Q-Learning,E22,"(32, 73)",66,16.0
95,Q-Learning,E23,"(50, 24)",61,21.0
95,Q-Learning,E24,"(46, 14)",59,11.0
95,Q-Learning,E26,"(38, 47)",58,26.0
95,Q-Learning,E27,"(3, 70)",62,21.0
95,Q-Learning,E28,"(62, 59)",61,27.0
95,Q-Learning,E29,"(68, 76)",54,23.0
95,Q-Learning,E30,"(49, 20)",55,28.0
95,Q-Learning,E31,"(4, 70)",48,25.0
95,Q-Learning,E32,"(64, 39)",47,23.0
95,Q-Learning,E33,"(95, 82)",41,25.0
95,Q-Learning,E34,"(99, 21)",45,13.0
95,Q-Learning,E35,"(35, 68)",47,21.0
95,Q-Learning,E37,"(46, 47)",33,21.0
95,Q-Learning,E38,"(19, 37)",36,11.0
95,Q-Learning,E39,"(2, 59)",32,21.0
95,Q-Learning,E40,"(62, 24)",34,14.0
95,Q-Learning,E41,"(85, 36)",25,25.0
95,Q-Learning,E42,"(6, 19)",22,24.0
95,Q-Learning,E43,"(79, 78)",19,28.0
95,Q-Learning,E45,"(69, 92)",22,21.0
95,Q-Learning,E46,"(71, 20)",21,15.0
95,Q-Learning,E47,"(83, 57)",23,15.0
95,Q-Learning,E48,"(27, 79)",13,29.0
95,Q-Learning,E49,"(97, 15)",14,18.0
95,Q-Learning,E50,"(51, 37)",13,20.0
95,Q-Learning,E51,"(25, 33)",10,27.0
95,Q-Learning,E52,"(31, 56)",9,18.0
95,Q-Learning,E53,"(62, 27)",4,22.0
95,Q-Learning,E54,"(0, 54)",4,13.0
96,Greedy,E10,"(7, 21)",81,21.0
96,Greedy,E13,"(6, 42)",77,23.0
96,Greedy,E17,"(7, 51)",74,20.0
96,Greedy,E18,"(97, 95)",71,17.0
96,Greedy,E19,"(76, 4)",72,25.0
96,Greedy,E21,"(35, 95)",65,18.0
96,Greedy,E22,"(32, 73)",67,16.0
96,Greedy,E23,"(50, 24)",62,21.0
96,Greedy,E24,"(46, 14)",60,11.0
96,Greedy,E25,"(9, 8)",64,23.0
96,Greedy,E26,"(38, 47)",59,26.0
96,Greedy,E27,"(3, 70)",63,21.0
96,Greedy,E28,"(62, 59)",62,27.0
96,Greedy,E29,"(68, 76)",55,23.0
96,Greedy,E30,"(49, 20)",56,28.0
96,Greedy,E31,"(4, 70)",49,25.0
96,Greedy,E32,"(64, 39)",48,23.0
96,Greedy,E33,"(95, 82)",42,25.0
96,Greedy,E34,"(99, 21)",46,13.0
96,Greedy,E35,"(35, 68)",48,21.0
96,Greedy,E36,"(47, 82)",42,14.0
96,Greedy,E37,"(46, 47)",34,21.0
96,Greedy,E38,"(19, 37)",37,11.0
96,Greedy,E39,"(2, 59)",33,21.0
96,Greedy,E40,"(62, 24)",35,14.0
96,Greedy,E41,"(85, 36)",26,25.0
96,Greedy,E42,"(6, 19)",23,24.0
96,Greedy,E43,"(79, 78)",20,28.0
96,Greedy,E44,"(31, 84)",25,10.0
96,Greedy,E45,"(69, 92)",23,21.0
96,Greedy,E46,"(71, 20)",22,15.0
96,Greedy,E47,"(83, 57)",24,15.0
96,Greedy,E48,"(27, 79)",14,29.0
96,Greedy,E49,"(97, 15)",15,18.0
96,Greedy,E50,"(51, 37)",14,20.0
96,Greedy,E51,"(25, 33)",11,27.0
96,Greedy,E52,"(31, 56)",10,18.0
96,Greedy,E53,"(62, 27)",5,22.0
96,Greedy,E54,"(0, 54)",5,13.0
96,Auction,E10,"(7, 21)",81,21.0
96,Auction,E16,"(48, 64)",75,15.0
96,Auction,E18,"(97, 95)",71,17.0
96,Auction,E19,"(76, 4)",72,25.0
96,Auction,E22,"(32, 73)",67,16.0
96,Auction,E23,"(50, 24)",62,21.0
96,Auction,E25,"(9, 8)",64,23.0
96,Auction,E26,"(38, 47)",59,26.0
96,Auction,E27,"(3, 70)",63,21.0
96,Auction,E28,"(62, 59)",62,27.0
96,Auction,E29,"(68, 76)",55,23.0
96,Auction,E30,"(49, 20)",56,28.0
96,Auction,E31,"(4, 70)",49,25.0
96,Auction,E32,"(64, 39)",48,23.0
96,Auction,E33,"(95, 82)",42,25.0
96,Auction,E34,"(99, 21)",46,13.0
96,Auction,E35,"(35, 68)",48,21.0
96,Auction,E36,"(47, 82)",42,14.0
96,Auction,E37,"(46, 47)",34,21.0
96,Auction,E38,"(19, 37)",37,11.0
96,Auction,E39,"(2, 59)",33,21.0
96,Auction,E41,"(85, 36)",26,25.0
96,Auction,E42,"(6, 19)",23,24.0
96,Auction,E43,"(79, 78)",20,28.0
96,Auction,E45,"(69, 92)",23,21.0
96,Auction,E46,"(71, 20)",22,15.0
96,Auction,E47,"(83, 57)",24,15.0
96,Auction,E48,"(27, 79)",14,29.0
96,Auction,E49,"(97, 15)",15,18.0
96,Auction,E50,"(51, 37)",14,20.0
96,Auction,E51,"(25, 33)",11,27.0
96,Auction,E52,"(31, 56)",10,18.0
96,Auction,E53,"(62, 27)",5,22.0
96,Auction,E54,"(0, 54)",5,13.0
96,Q-Learning,E11,"(36, 8)",82,12.0
96,Q-Learning,E13,"(6, 42)",77,23.0
96,Q-Learning,E15,"(93, 58)",75,16.0
96,Q-Learning,E17,"(7, 51)",74,20.0
96,Q-Learning,E18,"(97, 95)",71,17.0
96,Q-Learning,E19,"(76, 4)",72,25.0
96,Q-Learning,E22,"(32, 73)",67,16.0
96,Q-Learning,E23,"(50, 24)",62,21.0
96,Q-Learning,E24,"(46, 14)",60,11.0
96,Q-Learning,E26,"(38, 47)",59,26.0
96,Q-Learning,E27,"(3, 70)",63,21.0
96,Q-Learning,E28,"(62, 59)",62,27.0
96,Q-Learning,E29,"(68, 76)",55,23.0
96,Q-Learning,E30,"(49, 20)",56,28.0
96,Q-Learning,E31,"(4, 70)",49,25.0
96,Q-Learning,E32,"(64, 39)",48,23.0
96,Q-Learning,E33,"(95, 82)",42,25.0
96,Q-Learning,E34,"(99, 21)",46,13.0
96,Q-Learning,E35,"(35, 68)",48,21.0
96,Q-Learning,E37,"(46, 47)",34,21.0
96,Q-Learning,E38,"(19, 37)",37,11.0
96,Q-Learning,E39,"(2, 59)",33,21.0
96,Q-Learning,E40,"(62, 24)",35,14.0
96,Q-Learning,E41,"(85, 36)",26,25.0
96,Q-Learning,E42,"(6, 19)",23,24.0
96,Q-Learning,E43,"(79, 78)",20,28.0
96,Q-Learning,E45,"(69, 92)",23,21.0
96,Q-Learning,E46,"(71, 20)",22,15.0
96,Q-Learning,E47,"(83, 57)",24,15.0
96,Q-Learning,E48,"(27, 79)",14,29.0
96,Q-Learning,E49,"(97, 15)",15,18.0
96,Q-Learning,E50,"(51, 37)",14,20.0
96,Q-Learning,E51,"(25, 33)",11,27.0
96,Q-Learning,E52,"(31, 56)",10,18.0
96,Q-Learning,E53,"(62, 27)",5,22.0
96,Q-Learning,E54,"(0, 54)",5,13.0
97,Greedy,E10,"(7, 21)",82,21.0
97,Greedy,E13,"(6, 42)",78,23.0
97,Greedy,E17,"(7, 51)",75,20.0
97,Greedy,E18,"(97, 95)",72,17.0
97,Greedy,E19,"(76, 4)",73,25.0
97,Greedy,E21,"(35, 95)",66,18.0
97,Greedy,E22,"(32, 73)",68,16.0
97,Greedy,E23,"(50, 24)",63,21.0
97,Greedy,E24,"(46, 14)",61,11.0
97,Greedy,E25,"(9, 8)",65,23.0
97,Greedy,E26,"(38, 47)",60,26.0
97,Greedy,E27,"(3, 70)",64,21.0
97,Greedy,E28,"(62, 59)",63,27.0
97,Greedy,E29,"(68, 76)",56,23.0
97,Greedy,E30,"(49, 20)",57,28.0
97,Greedy,E31,"(4, 70)",50,25.0
97,Greedy,E32,"(64, 39)",49,23.0
97,Greedy,E33,"(95, 82)",43,25.0
97,Greedy,E34,"(99, 21)",47,13.0
97,Greedy,E35,"(35, 68)",49,21.0
97,Greedy,E36,"(47, 82)",43,14.0
97,Greedy,E37,"(46, 47)",35,21.0
97,Greedy,E38,"(19, 37)",38,11.0
97,Greedy,E39,"(2, 59)",34,21.0
97,Greedy,E40,"(62, 24)",36,14.0
97,Greedy,E41,"(85, 36)",27,25.0
97,Greedy,E42,"(6, 19)",24,24.0
97,Greedy,E43,"(79, 78)",21,28.0
97,Greedy,E44,"(31, 84)",26,10.0
97,Greedy,E45,"(69, 92)",24,21.0
97,Greedy,E46,"(71, 20)",23,15.0
97,Greedy,E47,"(83, 57)",25,15.0
97,Greedy,E48,"(27, 79)",15,29.0
97,Greedy,E49,"(97, 15)",16,18.0
97,Greedy,E50,"(51, 37)",15,20.0
97,Greedy,E51,"(25, 33)",12,27.0
97,Greedy,E52,"(31, 56)",11,18.0
97,Greedy,E53,"(62, 27)",6,22.0
97,Greedy,E54,"(0, 54)",6,13.0
97,Greedy,E55,"(88, 66)",5,17.0
97,Auction,E10,"(7, 21)",82,21.0
97,Auction,E16,"(48, 64)",76,15.0
97,Auction,E18,"(97, 95)",72,17.0
97,Auction,E19,"(76, 4)",73,25.0
97,Auction,E22,"(32, 73)",68,16.0
97,Auction,E23,"(50, 24)",63,21.0
97,Auction,E25,"(9, 8)",65,23.0
97,Auction,E26,"(38, 47)",60,26.0
97,Auction,E27,"(3, 70)",64,21.0
97,Auction,E28,"(62, 59)",63,27.0
97,Auction,E29,"(68, 76)",56,23.0
97,Auction,E30,"(49, 20)",57,28.0
97,Auction,E31,"(4, 70)",50,25.0
97,Auction,E32,"(64, 39)",49,23.0
97,Auction,E33,"(95, 82)",43,25.0
97,Auction,E34,"(99, 21)",47,13.0
97,Auction,E35,"(35, 68)",49,21.0
97,Auction,E36,"(47, 82)",43,14.0
97,Auction,E37,"(46, 47)",35,21.0
97,Auction,E38,"(19, 37)",38,11.0
97,Auction,E39,"(2, 59)",34,21.0
97,Auction,E41,"(85, 36)",27,25.0
97,Auction,E42,"(6, 19)",24,24.0
97,Auction,E43,"(79, 78)",21,28.0
97,Auction,E45,"(69, 92)",24,21.0
97,Auction,E46,"(71, 20)",23,15.0
97,Auction,E47,"(83, 57)",25,15.0
97,Auction,E48,"(27, 79)",15,29.0
97,Auction,E49,"(97, 15)",16,18.0
97,Auction,E50,"(51, 37)",15,20.0
97,Auction,E51,"(25, 33)",12,27.0
97,Auction,E52,"(31, 56)",11,18.0
97,Auction,E53,"(62, 27)",6,22.0
97,Auction,E54,"(0, 54)",6,13.0
97,Auction,E55,"(88, 66)",5,17.0
97,Q-Learning,E11,"(36, 8)",83,12.0
97,Q-Learning,E13,"(6, 42)",78,23.0
97,Q-Learning,E15,"(93, 58)",76,16.0
97,Q-Learning,E17,"(7, 51)",75,20.0
97,Q-Learning,E18,"(97, 95)",72,17.0
97,Q-Learning,E19,"(76, 4)",73,25.0
97,Q-Learning,E22,"(32, 73)",68,16.0
97,Q-Learning,E23,"(50, 24)",63,21.0
97,Q-Learning,E24,"(46, 14)",61,11.0
97,Q-Learning,E26,"(38, 47)",60,26.0
97,Q-Learning,E27,"(3, 70)",64,21.0
97,Q-Learning,E28,"(62, 59)",63,27.0
97,Q-Learning,E29,"(68, 76)",56,23.0
97,Q-Learning,E30,"(49, 20)",57,28.0
97,Q-Learning,E31,"(4, 70)",50,25.0
97,Q-Learning,E32,"(64, 39)",49,23.0
97,Q-Learning,E33,"(95, 82)",43,25.0
97,Q-Learning,E34,"(99, 21)",47,13.0
97,Q-Learning,E35,"(35, 68)",49,21.0
97,Q-Learning,E37,"(46, 47)",35,21.0
97,Q-Learning,E38,"(19, 37)",38,11.0
97,Q-Learning,E39,"(2, 59)",34,21.0
97,Q-Learning,E40,"(62, 24)",36,14.0
97,Q-Learning,E41,"(85, 36)",27,25.0
97,Q-Learning,E42,"(6, 19)",24,24.0
97,Q-Learning,E43,"(79, 78)",21,28.0
97,Q-Learning,E45,"(69, 92)",24,21.0
97,Q-Learning,E46,"(71, 20)",23,15.0
97,Q-Learning,E47,"(83, 57)",25,15.0
97,Q-Learning,E48,"(27, 79)",15,29.0
97,Q-Learning,E49,"(97, 15)",16,18.0
97,Q-Learning,E50,"(51, 37)",15,20.0
97,Q-Learning,E51,"(25, 33)",12,27.0
97,Q-Learning,E52,"(31, 56)",11,18.0
97,Q-Learning,E53,"(62, 27)",6,22.0
97,Q-Learning,E54,"(0, 54)",6,13.0
97,Q-Learning,E55,"(88, 66)",5,17.0
98,Greedy,E10,"(7, 21)",83,21.0
98,Greedy,E13,"(6, 42)",79,23.0
98,Greedy,E17,"(7, 51)",76,20.0
98,Greedy,E18,"(97, 95)",73,17.0
98,Greedy,E19,"(76, 4)",74,25.0
98,Greedy,E21,"(35, 95)",67,18.0
98,Greedy,E22,"(32, 73)",69,16.0
98,Greedy,E23,"(50, 24)",64,21.0
98,Greedy,E24,"(46, 14)",62,11.0
98,Greedy,E25,"(9, 8)",66,23.0
98,Greedy,E26,"(38, 47)",61,26.0
98,Greedy,E27,"(3, 70)",65,21.0
98,Greedy,E28,"(62, 59)",64,27.0
98,Greedy,E29,"(68, 76)",57,23.0
98,Greedy,E30,"(49, 20)",58,28.0
98,Greedy,E31,"(4, 70)",51,25.0
98,Greedy,E32,"(64, 39)",50,23.0
98,Greedy,E33,"(95, 82)",44,25.0
98,Greedy,E34,"(99, 21)",48,13.0
98,Greedy,E35,"(35, 68)",50,21.0
98,Greedy,E36,"(47, 82)",44,14.0
98,Greedy,E37,"(46, 47)",36,21.0
98,Greedy,E38,"(19, 37)",39,11.0
98,Greedy,E39,"(2, 59)",35,21.0
98,Greedy,E40,"(62, 24)",37,14.0
98,Greedy,E41,"(85, 36)",28,25.0
98,Greedy,E42,"(6, 19)",25,24.0
98,Greedy,E43,"(79, 78)",22,28.0
98,Greedy,E44,"(31, 84)",27,10.0
98,Greedy,E45,"(69, 92)",25,21.0
98,Greedy,E46,"(71, 20)",24,15.0
98,Greedy,E47,"(83, 57)",26,15.0
98,Greedy,E48,"(27, 79)",16,29.0
98,Greedy,E49,"(97, 15)",17,18.0
98,Greedy,E50,"(51, 37)",16,20.0
98,Greedy,E51,"(25, 33)",13,27.0
98,Greedy,E52,"(31, 56)",12,18.0
98,Greedy,E53,"(62, 27)",7,22.0
98,Greedy,E54,"(0, 54)",7,13.0
98,Greedy,E55,"(88, 66)",6,17.0
98,Auction,E10,"(7, 21)",83,21.0
98,Auction,E16,"(48, 64)",77,15.0
98,Auction,E18,"(97, 95)",73,17.0
98,Auction,E19,"(76, 4)",74,25.0
98,Auction,E22,"(32, 73)",69,16.0
98,Auction,E23,"(50, 24)",64,21.0
98,Auction,E25,"(9, 8)",66,23.0
98,Auction,E26,"(38, 47)",61,26.0
98,Auction,E27,"(3, 70)",65,21.0
98,Auction,E28,"(62, 59)",64,27.0
98,Auction,E29,"(68, 76)",57,23.0
98,Auction,E30,"(49, 20)",58,28.0
98,Auction,E31,"(4, 70)",51,25.0
98,Auction,E32,"(64, 39)",50,23.0
98,Auction,E33,"(95, 82)",44,25.0
98,Auction,E34,"(99, 21)",48,13.0
98,Auction,E35,"(35, 68)",50,21.0
98,Auction,E36,"(47, 82)",44,14.0
98,Auction,E37,"(46, 47)",36,21.0
98,Auction,E38,"(19, 37)",39,11.0
98,Auction,E39,"(2, 59)",35,21.0
98,Auction,E41,"(85, 36)",28,25.0
98,Auction,E42,"(6, 19)",25,24.0
98,Auction,E43,"(79, 78)",22,28.0
98,Auction,E45,"(69, 92)",25,21.0
98,Auction,E46,"(71, 20)",24,15.0
98,Auction,E47,"(83, 57)",26,15.0
98,Auction,E48,"(27, 79)",16,29.0
98,Auction,E49,"(97, 15)",17,18.0
98,Auction,E50,"(51, 37)",16,20.0
98,Auction,E51,"(25, 33)",13,27.0
98,Auction,E52,"(31, 56)",12,18.0
98,Auction,E53,"(62, 27)",7,22.0
98,Auction,E54,"(0, 54)",7,13.0
98,Auction,E55,"(88, 66)",6,17.0
98,Q-Learning,E11,"(36, 8)",84,12.0
98,Q-Learning,E13,"(6, 42)",79,23.0
98,Q-Learning,E15,"(93, 58)",77,16.0
98,Q-Learning,E17,"(7, 51)",76,20.0
98,Q-Learning,E18,"(97, 95)",73,17.0
98,Q-Learning,E19,"(76, 4)",74,25.0
98,Q-Learning,E22,"(32, 73)",69,16.0
98,Q-Learning,E23,"(50, 24)",64,21.0
98,Q-Learning,E24,"(46, 14)",62,11.0
98,Q-Learning,E26,"(38, 47)",61,26.0
98,Q-Learning,E27,"(3, 70)",65,21.0
98,Q-Learning,E28,"(62, 59)",64,27.0
98,Q-Learning,E29,"(68, 76)",57,23.0
98,Q-Learning,E30,"(49, 20)",58,28.0
98,Q-Learning,E31,"(4, 70)",51,25.0
98,Q-Learning,E32,"(64, 39)",50,23.0
98,Q-Learning,E33,"(95, 82)",44,25.0
98,Q-Learning,E34,"(99, 21)",48,13.0
98,Q-Learning,E35,"(35, 68)",50,21.0
98,Q-Learning,E37,"(46, 47)",36,21.0
98,Q-Learning,E38,"(19, 37)",39,11.0
98,Q-Learning,E39,"(2, 59)",35,21.0
98,Q-Learning,E40,"(62, 24)",37,14.0
98,Q-Learning,E41,"(85, 36)",28,25.0
98,Q-Learning,E42,"(6, 19)",25,24.0
98,Q-Learning,E43,"(79, 78)",22,28.0
98,Q-Learning,E45,"(69, 92)",25,21.0
98,Q-Learning,E46,"(71, 20)",24,15.0
98,Q-Learning,E47,"(83, 57)",26,15.0
98,Q-Learning,E48,"(27, 79)",16,29.0
98,Q-Learning,E49,"(97, 15)",17,18.0
98,Q-Learning,E50,"(51, 37)",16,20.0
98,Q-Learning,E51,"(25, 33)",13,27.0
98,Q-Learning,E52,"(31, 56)",12,18.0
98,Q-Learning,E53,"(62, 27)",7,22.0
98,Q-Learning,E54,"(0, 54)",7,13.0
98,Q-Learning,E55,"(88, 66)",6,17.0
99,Greedy,E10,"(7, 21)",84,21.0
99,Greedy,E13,"(6, 42)",80,23.0
99,Greedy,E17,"(7, 51)",77,20.0
99,Greedy,E18,"(97, 95)",74,17.0
99,Greedy,E19,"(76, 4)",75,25.0
99,Greedy,E21,"(35, 95)",68,18.0
99,Greedy,E22,"(32, 73)",70,16.0
99,Greedy,E23,"(50, 24)",65,21.0
99,Greedy,E24,"(46, 14)",63,11.0
99,Greedy,E25,"(9, 8)",67,23.0
99,Greedy,E26,"(38, 47)",62,26.0
99,Greedy,E27,"(3, 70)",66,21.0
99,Greedy,E28,"(62, 59)",65,27.0
99,Greedy,E29,"(68, 76)",58,23.0
99,Greedy,E30,"(49, 20)",59,28.0
99,Greedy,E31,"(4, 70)",52,25.0
99,Greedy,E32,"(64, 39)",51,23.0
99,Greedy,E33,"(95, 82)",45,25.0
99,Greedy,E34,"(99, 21)",49,13.0
99,Greedy,E35,"(35, 68)",51,21.0
99,Greedy,E36,"(47, 82)",45,14.0
99,Greedy,E37,"(46, 47)",37,21.0
99,Greedy,E38,"(19, 37)",40,11.0
99,Greedy,E39,"(2, 59)",36,21.0
99,Greedy,E40,"(62, 24)",38,14.0
99,Greedy,E41,"(85, 36)",29,25.0
99,Greedy,E42,"(6, 19)",26,24.0
99,Greedy,E43,"(79, 78)",23,28.0
99,Greedy,E44,"(31, 84)",28,10.0
99,Greedy,E45,"(69, 92)",26,21.0
99,Greedy,E46,"(71, 20)",25,15.0
99,Greedy,E47,"(83, 57)",27,15.0
99,Greedy,E48,"(27, 79)",17,29.0
99,Greedy,E49,"(97, 15)",18,18.0
99,Greedy,E50,"(51, 37)",17,20.0
99,Greedy,E51,"(25, 33)",14,27.0
99,Greedy,E52,"(31, 56)",13,18.0
99,Greedy,E53,"(62, 27)",8,22.0
99,Greedy,E54,"(0, 54)",8,13.0
99,Greedy,E55,"(88, 66)",7,17.0
99,Auction,E10,"(7, 21)",84,21.0
99,Auction,E16,"(48, 64)",78,15.0
99,Auction,E18,"(97, 95)",74,17.0
99,Auction,E19,"(76, 4)",75,25.0
99,Auction,E22,"(32, 73)",70,16.0
99,Auction,E23,"(50, 24)",65,21.0
99,Auction,E25,"(9, 8)",67,23.0
99,Auction,E26,"(38, 47)",62,26.0
99,Auction,E27,"(3, 70)",66,21.0
99,Auction,E28,"(62, 59)",65,27.0
99,Auction,E29,"(68, 76)",58,23.0
99,Auction,E30,"(49, 20)",59,28.0
99,Auction,E31,"(4, 70)",52,25.0
99,Auction,E32,"(64, 39)",51,23.0
99,Auction,E33,"(95, 82)",45,25.0
99,Auction,E34,"(99, 21)",49,13.0
99,Auction,E35,"(35, 68)",51,21.0
99,Auction,E36,"(47, 82)",45,14.0
99,Auction,E37,"(46, 47)",37,21.0
99,Auction,E38,"(19, 37)",40,11.0
99,Auction,E39,"(2, 59)",36,21.0
99,Auction,E41,"(85, 36)",29,25.0
99,Auction,E42,"(6, 19)",26,24.0
99,Auction,E43,"(79, 78)",23,28.0
99,Auction,E45,"(69, 92)",26,21.0
99,Auction,E46,"(71, 20)",25,15.0
99,Auction,E47,"(83, 57)",27,15.0
99,Auction,E48,"(27, 79)",17,29.0
99,Auction,E49,"(97, 15)",18,18.0
99,Auction,E50,"(51, 37)",17,20.0
99,Auction,E51,"(25, 33)",14,27.0
99,Auction,E52,"(31, 56)",13,18.0
99,Auction,E53,"(62, 27)",8,22.0
99,Auction,E54,"(0, 54)",8,13.0
99,Auction,E55,"(88, 66)",7,17.0
99,Q-Learning,E11,"(36, 8)",85,12.0
99,Q-Learning,E13,"(6, 42)",80,23.0
99,Q-Learning,E15,"(93, 58)",78,16.0
99,Q-Learning,E17,"(7, 51)",77,20.0
99,Q-Learning,E18,"(97, 95)",74,17.0
99,Q-Learning,E19,"(76, 4)",75,25.0
99,Q-Learning,E22,"(32, 73)",70,16.0
99,Q-Learning,E23,"(50, 24)",65,21.0
99,Q-Learning,E24,"(46, 14)",63,11.0
99,Q-Learning,E26,"(38, 47)",62,26.0
99,Q-Learning,E27,"(3, 70)",66,21.0
99,Q-Learning,E28,"(62, 59)",65,27.0
99,Q-Learning,E29,"(68, 76)",58,23.0
99,Q-Learning,E30,"(49, 20)",59,28.0
99,Q-Learning,E31,"(4, 70)",52,25.0
99,Q-Learning,E32,"(64, 39)",51,23.0
99,Q-Learning,E33,"(95, 82)",45,25.0
99,Q-Learning,E34,"(99, 21)",49,13.0
99,Q-Learning,E35,"(35, 68)",51,21.0
99,Q-Learning,E37,"(46, 47)",37,21.0
99,Q-Learning,E38,"(19, 37)",40,11.0
99,Q-Learning,E39,"(2, 59)",36,21.0
99,Q-Learning,E40,"(62, 24)",38,14.0
99,Q-Learning,E41,"(85, 36)",29,25.0
99,Q-Learning,E42,"(6, 19)",26,24.0
99,Q-Learning,E43,"(79, 78)",23,28.0
99,Q-Learning,E45,"(69, 92)",26,21.0
99,Q-Learning,E46,"(71, 20)",25,15.0
99,Q-Learning,E47,"(83, 57)",27,15.0
99,Q-Learning,E48,"(27, 79)",17,29.0
99,Q-Learning,E49,"(97, 15)",18,18.0
99,Q-Learning,E50,"(51, 37)",17,20.0
99,Q-Learning,E51,"(25, 33)",14,27.0
99,Q-Learning,E52,"(31, 56)",13,18.0
99,Q-Learning,E53,"(62, 27)",8,22.0
99,Q-Learning,E54,"(0, 54)",8,13.0
99,Q-Learning,E55,"(88, 66)",7,17.0
