time_step,method,vehicle_id,position,battery,busy,remaining_duration,idle_time
0,Greedy,V1,"(98, 18)",98.0,False,0.0,0.0
0,Greedy,V2,"(19, 85)",70.0,False,0.0,0.0
0,Greedy,V3,"(71, 74)",70.0,False,0.0,0.0
0,Greedy,V4,"(24, 81)",76.0,False,0.0,0.0
0,Greedy,V5,"(15, 4)",86.0,False,0.0,0.0
0,Greedy,V6,"(23, 28)",90.0,False,0.0,0.0
0,Greedy,V7,"(68, 12)",96.0,False,0.0,0.0
0,Greedy,V8,"(4, 44)",59.0,False,0.0,0.0
0,Greedy,V9,"(85, 73)",66.0,False,0.0,0.0
0,Greedy,V10,"(20, 66)",67.0,False,0.0,0.0
0,Auction,V1,"(98, 18)",98.0,False,0.0,0.0
0,Auction,V2,"(19, 85)",70.0,False,0.0,0.0
0,Auction,V3,"(71, 74)",70.0,False,0.0,0.0
0,Auction,V4,"(24, 81)",76.0,False,0.0,0.0
0,Auction,V5,"(15, 4)",86.0,False,0.0,0.0
0,Auction,V6,"(23, 28)",90.0,False,0.0,0.0
0,Auction,V7,"(68, 12)",96.0,False,0.0,0.0
0,Auction,V8,"(4, 44)",59.0,False,0.0,0.0
0,Auction,V9,"(85, 73)",66.0,False,0.0,0.0
0,Auction,V10,"(20, 66)",67.0,False,0.0,0.0
0,Q-Learning,V1,"(98, 18)",98.0,False,0.0,0.0
0,Q-Learning,V2,"(19, 85)",70.0,False,0.0,0.0
0,Q-Learning,V3,"(71, 74)",70.0,False,0.0,0.0
0,Q-Learning,V4,"(24, 81)",76.0,False,0.0,0.0
0,Q-Learning,V5,"(15, 4)",86.0,False,0.0,0.0
0,Q-Learning,V6,"(23, 28)",90.0,False,0.0,0.0
0,Q-Learning,V7,"(68, 12)",96.0,False,0.0,0.0
0,Q-Learning,V8,"(4, 44)",59.0,False,0.0,0.0
0,Q-Learning,V9,"(85, 73)",66.0,False,0.0,0.0
0,Q-Learning,V10,"(20, 66)",67.0,False,0.0,0.0
1,Greedy,V1,"(98, 18)",83.69649778620041,True,14.303502213799586,1.0
1,Greedy,V2,"(19, 85)",41.038378558665094,True,28.961621441334906,1.0
1,Greedy,V3,"(71, 74)",42.232954731878145,True,27.767045268121855,1.0
1,Greedy,V4,"(24, 81)",31.448309471017595,True,44.551690528982405,1.0
1,Greedy,V5,"(15, 4)",59.69848519615616,True,26.301514803843837,1.0
1,Greedy,V6,"(23, 28)",58.76740981921955,True,31.232590180780452,1.0
1,Greedy,V7,"(68, 12)",65.87867965644035,True,30.121320343559642,1.0
1,Greedy,V8,"(4, 44)",25.711763390508523,True,33.28823660949148,1.0
1,Greedy,V9,"(85, 73)",42.14087342096225,True,23.85912657903775,1.0
1,Greedy,V10,"(20, 66)",42.56723051915337,True,24.43276948084663,1.0
1,Auction,V1,"(100, 2)",83.69649778620041,True,14.303502213799586,1.0
1,Auction,V2,"(100, 91)",37.463013629319114,True,32.536986370680886,1.0
1,Auction,V3,"(59, 77)",42.232954731878145,True,27.767045268121855,1.0
1,Auction,V4,"(60, 65)",36.868189597605195,True,39.131810402394805,1.0
1,Auction,V5,"(48, 3)",59.69848519615616,True,26.301514803843837,1.0
1,Auction,V6,"(21, 49)",65.8904976890271,True,24.1095023109729,1.0
1,Auction,V7,"(77, 3)",65.87867965644035,True,30.121320343559642,1.0
1,Auction,V8,"(17, 46)",25.711763390508523,True,33.28823660949148,1.0
1,Auction,V9,"(96, 100)",42.14087342096225,True,23.85912657903775,1.0
1,Auction,V10,"(25, 62)",41.08526796608102,True,25.914732033918977,1.0
1,Q-Learning,V1,"(100, 2)",83.69649778620041,True,14.303502213799586,1.0
1,Q-Learning,V2,"(59, 77)",37.20130731520962,True,32.79869268479038,1.0
1,Q-Learning,V3,"(96, 100)",45.847231772322445,True,24.15276822767755,1.0
1,Q-Learning,V4,"(25, 62)",44.65790080318652,True,31.342099196813482,1.0
1,Q-Learning,V5,"(77, 3)",51.799193600829,True,34.200806399171,1.0
1,Q-Learning,V6,"(17, 46)",58.10263340389898,True,31.897366596101026,1.0
1,Q-Learning,V7,"(48, 3)",69.34471463342311,True,26.655285366576884,1.0
1,Q-Learning,V8,"(60, 65)",18.047993445694317,True,40.95200655430568,1.0
1,Q-Learning,V9,"(100, 91)",43.09487516204668,True,22.905124837953327,1.0
1,Q-Learning,V10,"(21, 49)",42.56723051915337,True,24.43276948084663,1.0
2,Greedy,V1,"(98, 18)",83.69649778620041,True,13.303502213799586,1.0
2,Greedy,V2,"(19, 85)",41.038378558665094,True,27.961621441334906,1.0
2,Greedy,V3,"(71, 74)",42.232954731878145,True,26.767045268121855,1.0
2,Greedy,V4,"(24, 81)",31.448309471017595,True,43.551690528982405,1.0
2,Greedy,V5,"(15, 4)",59.69848519615616,True,25.301514803843837,1.0
2,Greedy,V6,"(23, 28)",58.76740981921955,True,30.232590180780452,1.0
2,Greedy,V7,"(68, 12)",65.87867965644035,True,29.121320343559642,1.0
2,Greedy,V8,"(4, 44)",25.711763390508523,True,32.28823660949148,1.0
2,Greedy,V9,"(85, 73)",42.14087342096225,True,22.85912657903775,1.0
2,Greedy,V10,"(20, 66)",42.56723051915337,True,23.43276948084663,1.0
2,Auction,V1,"(100, 2)",83.69649778620041,True,13.303502213799586,1.0
2,Auction,V2,"(100, 91)",37.463013629319114,True,31.536986370680886,1.0
2,Auction,V3,"(59, 77)",42.232954731878145,True,26.767045268121855,1.0
2,Auction,V4,"(60, 65)",36.868189597605195,True,38.131810402394805,1.0
2,Auction,V5,"(48, 3)",59.69848519615616,True,25.301514803843837,1.0
2,Auction,V6,"(21, 49)",65.8904976890271,True,23.1095023109729,1.0
2,Auction,V7,"(77, 3)",65.87867965644035,True,29.121320343559642,1.0
2,Auction,V8,"(17, 46)",25.711763390508523,True,32.28823660949148,1.0
2,Auction,V9,"(96, 100)",42.14087342096225,True,22.85912657903775,1.0
2,Auction,V10,"(25, 62)",41.08526796608102,True,24.914732033918977,1.0
2,Q-Learning,V1,"(100, 2)",83.69649778620041,True,13.303502213799586,1.0
2,Q-Learning,V2,"(59, 77)",37.20130731520962,True,31.79869268479038,1.0
2,Q-Learning,V3,"(96, 100)",45.847231772322445,True,23.15276822767755,1.0
2,Q-Learning,V4,"(25, 62)",44.65790080318652,True,30.342099196813482,1.0
2,Q-Learning,V5,"(77, 3)",51.799193600829,True,33.200806399171,1.0
2,Q-Learning,V6,"(17, 46)",58.10263340389898,True,30.897366596101026,1.0
2,Q-Learning,V7,"(48, 3)",69.34471463342311,True,25.655285366576884,1.0
2,Q-Learning,V8,"(60, 65)",18.047993445694317,True,39.95200655430568,1.0
2,Q-Learning,V9,"(100, 91)",43.09487516204668,True,21.905124837953327,1.0
2,Q-Learning,V10,"(21, 49)",42.56723051915337,True,23.43276948084663,1.0
3,Greedy,V1,"(98, 18)",83.69649778620041,True,12.303502213799586,1.0
3,Greedy,V2,"(19, 85)",41.038378558665094,True,26.961621441334906,1.0
3,Greedy,V3,"(71, 74)",42.232954731878145,True,25.767045268121855,1.0
3,Greedy,V4,"(24, 81)",31.448309471017595,True,42.551690528982405,1.0
3,Greedy,V5,"(15, 4)",59.69848519615616,True,24.301514803843837,1.0
3,Greedy,V6,"(23, 28)",58.76740981921955,True,29.232590180780452,1.0
3,Greedy,V7,"(68, 12)",65.87867965644035,True,28.121320343559642,1.0
3,Greedy,V8,"(4, 44)",25.711763390508523,True,31.288236609491477,1.0
3,Greedy,V9,"(85, 73)",42.14087342096225,True,21.85912657903775,1.0
3,Greedy,V10,"(20, 66)",42.56723051915337,True,22.43276948084663,1.0
3,Auction,V1,"(100, 2)",83.69649778620041,True,12.303502213799586,1.0
3,Auction,V2,"(100, 91)",37.463013629319114,True,30.536986370680886,1.0
3,Auction,V3,"(59, 77)",42.232954731878145,True,25.767045268121855,1.0
3,Auction,V4,"(60, 65)",36.868189597605195,True,37.131810402394805,1.0
3,Auction,V5,"(48, 3)",59.69848519615616,True,24.301514803843837,1.0
3,Auction,V6,"(21, 49)",65.8904976890271,True,22.1095023109729,1.0
3,Auction,V7,"(77, 3)",65.87867965644035,True,28.121320343559642,1.0
3,Auction,V8,"(17, 46)",25.711763390508523,True,31.288236609491477,1.0
3,Auction,V9,"(96, 100)",42.14087342096225,True,21.85912657903775,1.0
3,Auction,V10,"(25, 62)",41.08526796608102,True,23.914732033918977,1.0
3,Q-Learning,V1,"(100, 2)",83.69649778620041,True,12.303502213799586,1.0
3,Q-Learning,V2,"(59, 77)",37.20130731520962,True,30.79869268479038,1.0
3,Q-Learning,V3,"(96, 100)",45.847231772322445,True,22.15276822767755,1.0
3,Q-Learning,V4,"(25, 62)",44.65790080318652,True,29.342099196813482,1.0
3,Q-Learning,V5,"(77, 3)",51.799193600829,True,32.200806399171,1.0
3,Q-Learning,V6,"(17, 46)",58.10263340389898,True,29.897366596101026,1.0
3,Q-Learning,V7,"(48, 3)",69.34471463342311,True,24.655285366576884,1.0
3,Q-Learning,V8,"(60, 65)",18.047993445694317,True,38.95200655430568,1.0
3,Q-Learning,V9,"(100, 91)",43.09487516204668,True,20.905124837953327,1.0
3,Q-Learning,V10,"(21, 49)",42.56723051915337,True,22.43276948084663,1.0
4,Greedy,V1,"(98, 18)",83.69649778620041,True,11.303502213799586,1.0
4,Greedy,V2,"(19, 85)",41.038378558665094,True,25.961621441334906,1.0
4,Greedy,V3,"(71, 74)",42.232954731878145,True,24.767045268121855,1.0
4,Greedy,V4,"(24, 81)",31.448309471017595,True,41.551690528982405,1.0
4,Greedy,V5,"(15, 4)",59.69848519615616,True,23.301514803843837,1.0
4,Greedy,V6,"(23, 28)",58.76740981921955,True,28.232590180780452,1.0
4,Greedy,V7,"(68, 12)",65.87867965644035,True,27.121320343559642,1.0
4,Greedy,V8,"(4, 44)",25.711763390508523,True,30.288236609491477,1.0
4,Greedy,V9,"(85, 73)",42.14087342096225,True,20.85912657903775,1.0
4,Greedy,V10,"(20, 66)",42.56723051915337,True,21.43276948084663,1.0
4,Auction,V1,"(100, 2)",83.69649778620041,True,11.303502213799586,1.0
4,Auction,V2,"(100, 91)",37.463013629319114,True,29.536986370680886,1.0
4,Auction,V3,"(59, 77)",42.232954731878145,True,24.767045268121855,1.0
4,Auction,V4,"(60, 65)",36.868189597605195,True,36.131810402394805,1.0
4,Auction,V5,"(48, 3)",59.69848519615616,True,23.301514803843837,1.0
4,Auction,V6,"(21, 49)",65.8904976890271,True,21.1095023109729,1.0
4,Auction,V7,"(77, 3)",65.87867965644035,True,27.121320343559642,1.0
4,Auction,V8,"(17, 46)",25.711763390508523,True,30.288236609491477,1.0
4,Auction,V9,"(96, 100)",42.14087342096225,True,20.85912657903775,1.0
4,Auction,V10,"(25, 62)",41.08526796608102,True,22.914732033918977,1.0
4,Q-Learning,V1,"(100, 2)",83.69649778620041,True,11.303502213799586,1.0
4,Q-Learning,V2,"(59, 77)",37.20130731520962,True,29.79869268479038,1.0
4,Q-Learning,V3,"(96, 100)",45.847231772322445,True,21.15276822767755,1.0
4,Q-Learning,V4,"(25, 62)",44.65790080318652,True,28.342099196813482,1.0
4,Q-Learning,V5,"(77, 3)",51.799193600829,True,31.200806399171,1.0
4,Q-Learning,V6,"(17, 46)",58.10263340389898,True,28.897366596101026,1.0
4,Q-Learning,V7,"(48, 3)",69.34471463342311,True,23.655285366576884,1.0
4,Q-Learning,V8,"(60, 65)",18.047993445694317,True,37.95200655430568,1.0
4,Q-Learning,V9,"(100, 91)",43.09487516204668,True,19.905124837953327,1.0
4,Q-Learning,V10,"(21, 49)",42.56723051915337,True,21.43276948084663,1.0
5,Greedy,V1,"(98, 18)",83.69649778620041,True,10.303502213799586,1.0
5,Greedy,V2,"(19, 85)",41.038378558665094,True,24.961621441334906,1.0
5,Greedy,V3,"(71, 74)",42.232954731878145,True,23.767045268121855,1.0
5,Greedy,V4,"(24, 81)",31.448309471017595,True,40.551690528982405,1.0
5,Greedy,V5,"(15, 4)",59.69848519615616,True,22.301514803843837,1.0
5,Greedy,V6,"(23, 28)",58.76740981921955,True,27.232590180780452,1.0
5,Greedy,V7,"(68, 12)",65.87867965644035,True,26.121320343559642,1.0
5,Greedy,V8,"(4, 44)",25.711763390508523,True,29.288236609491477,1.0
5,Greedy,V9,"(85, 73)",42.14087342096225,True,19.85912657903775,1.0
5,Greedy,V10,"(20, 66)",42.56723051915337,True,20.43276948084663,1.0
5,Auction,V1,"(100, 2)",83.69649778620041,True,10.303502213799586,1.0
5,Auction,V2,"(100, 91)",37.463013629319114,True,28.536986370680886,1.0
5,Auction,V3,"(59, 77)",42.232954731878145,True,23.767045268121855,1.0
5,Auction,V4,"(60, 65)",36.868189597605195,True,35.131810402394805,1.0
5,Auction,V5,"(48, 3)",59.69848519615616,True,22.301514803843837,1.0
5,Auction,V6,"(21, 49)",65.8904976890271,True,20.1095023109729,1.0
5,Auction,V7,"(77, 3)",65.87867965644035,True,26.121320343559642,1.0
5,Auction,V8,"(17, 46)",25.711763390508523,True,29.288236609491477,1.0
5,Auction,V9,"(96, 100)",42.14087342096225,True,19.85912657903775,1.0
5,Auction,V10,"(25, 62)",41.08526796608102,True,21.914732033918977,1.0
5,Q-Learning,V1,"(100, 2)",83.69649778620041,True,10.303502213799586,1.0
5,Q-Learning,V2,"(59, 77)",37.20130731520962,True,28.79869268479038,1.0
5,Q-Learning,V3,"(96, 100)",45.847231772322445,True,20.15276822767755,1.0
5,Q-Learning,V4,"(25, 62)",44.65790080318652,True,27.342099196813482,1.0
5,Q-Learning,V5,"(77, 3)",51.799193600829,True,30.200806399171,1.0
5,Q-Learning,V6,"(17, 46)",58.10263340389898,True,27.897366596101026,1.0
5,Q-Learning,V7,"(48, 3)",69.34471463342311,True,22.655285366576884,1.0
5,Q-Learning,V8,"(60, 65)",18.047993445694317,True,36.95200655430568,1.0
5,Q-Learning,V9,"(100, 91)",43.09487516204668,True,18.905124837953327,1.0
5,Q-Learning,V10,"(21, 49)",42.56723051915337,True,20.43276948084663,1.0
6,Greedy,V1,"(98, 18)",83.69649778620041,True,9.303502213799586,1.0
6,Greedy,V2,"(19, 85)",41.038378558665094,True,23.961621441334906,1.0
6,Greedy,V3,"(71, 74)",42.232954731878145,True,22.767045268121855,1.0
6,Greedy,V4,"(24, 81)",31.448309471017595,True,39.551690528982405,1.0
6,Greedy,V5,"(15, 4)",59.69848519615616,True,21.301514803843837,1.0
6,Greedy,V6,"(23, 28)",58.76740981921955,True,26.232590180780452,1.0
6,Greedy,V7,"(68, 12)",65.87867965644035,True,25.121320343559642,1.0
6,Greedy,V8,"(4, 44)",25.711763390508523,True,28.288236609491477,1.0
6,Greedy,V9,"(85, 73)",42.14087342096225,True,18.85912657903775,1.0
6,Greedy,V10,"(20, 66)",42.56723051915337,True,19.43276948084663,1.0
6,Auction,V1,"(100, 2)",83.69649778620041,True,9.303502213799586,1.0
6,Auction,V2,"(100, 91)",37.463013629319114,True,27.536986370680886,1.0
6,Auction,V3,"(59, 77)",42.232954731878145,True,22.767045268121855,1.0
6,Auction,V4,"(60, 65)",36.868189597605195,True,34.131810402394805,1.0
6,Auction,V5,"(48, 3)",59.69848519615616,True,21.301514803843837,1.0
6,Auction,V6,"(21, 49)",65.8904976890271,True,19.1095023109729,1.0
6,Auction,V7,"(77, 3)",65.87867965644035,True,25.121320343559642,1.0
6,Auction,V8,"(17, 46)",25.711763390508523,True,28.288236609491477,1.0
6,Auction,V9,"(96, 100)",42.14087342096225,True,18.85912657903775,1.0
6,Auction,V10,"(25, 62)",41.08526796608102,True,20.914732033918977,1.0
6,Q-Learning,V1,"(100, 2)",83.69649778620041,True,9.303502213799586,1.0
6,Q-Learning,V2,"(59, 77)",37.20130731520962,True,27.79869268479038,1.0
6,Q-Learning,V3,"(96, 100)",45.847231772322445,True,19.15276822767755,1.0
6,Q-Learning,V4,"(25, 62)",44.65790080318652,True,26.342099196813482,1.0
6,Q-Learning,V5,"(77, 3)",51.799193600829,True,29.200806399171,1.0
6,Q-Learning,V6,"(17, 46)",58.10263340389898,True,26.897366596101026,1.0
6,Q-Learning,V7,"(48, 3)",69.34471463342311,True,21.655285366576884,1.0
6,Q-Learning,V8,"(60, 65)",18.047993445694317,True,35.95200655430568,1.0
6,Q-Learning,V9,"(100, 91)",43.09487516204668,True,17.905124837953327,1.0
6,Q-Learning,V10,"(21, 49)",42.56723051915337,True,19.43276948084663,1.0
7,Greedy,V1,"(98, 18)",83.69649778620041,True,8.303502213799586,1.0
7,Greedy,V2,"(19, 85)",41.038378558665094,True,22.961621441334906,1.0
7,Greedy,V3,"(71, 74)",42.232954731878145,True,21.767045268121855,1.0
7,Greedy,V4,"(24, 81)",31.448309471017595,True,38.551690528982405,1.0
7,Greedy,V5,"(15, 4)",59.69848519615616,True,20.301514803843837,1.0
7,Greedy,V6,"(23, 28)",58.76740981921955,True,25.232590180780452,1.0
7,Greedy,V7,"(68, 12)",65.87867965644035,True,24.121320343559642,1.0
7,Greedy,V8,"(4, 44)",25.711763390508523,True,27.288236609491477,1.0
7,Greedy,V9,"(85, 73)",42.14087342096225,True,17.85912657903775,1.0
7,Greedy,V10,"(20, 66)",42.56723051915337,True,18.43276948084663,1.0
7,Auction,V1,"(100, 2)",83.69649778620041,True,8.303502213799586,1.0
7,Auction,V2,"(100, 91)",37.463013629319114,True,26.536986370680886,1.0
7,Auction,V3,"(59, 77)",42.232954731878145,True,21.767045268121855,1.0
7,Auction,V4,"(60, 65)",36.868189597605195,True,33.131810402394805,1.0
7,Auction,V5,"(48, 3)",59.69848519615616,True,20.301514803843837,1.0
7,Auction,V6,"(21, 49)",65.8904976890271,True,18.1095023109729,1.0
7,Auction,V7,"(77, 3)",65.87867965644035,True,24.121320343559642,1.0
7,Auction,V8,"(17, 46)",25.711763390508523,True,27.288236609491477,1.0
7,Auction,V9,"(96, 100)",42.14087342096225,True,17.85912657903775,1.0
7,Auction,V10,"(25, 62)",41.08526796608102,True,19.914732033918977,1.0
7,Q-Learning,V1,"(100, 2)",83.69649778620041,True,8.303502213799586,1.0
7,Q-Learning,V2,"(59, 77)",37.20130731520962,True,26.79869268479038,1.0
7,Q-Learning,V3,"(96, 100)",45.847231772322445,True,18.15276822767755,1.0
7,Q-Learning,V4,"(25, 62)",44.65790080318652,True,25.342099196813482,1.0
7,Q-Learning,V5,"(77, 3)",51.799193600829,True,28.200806399171,1.0
7,Q-Learning,V6,"(17, 46)",58.10263340389898,True,25.897366596101026,1.0
7,Q-Learning,V7,"(48, 3)",69.34471463342311,True,20.655285366576884,1.0
7,Q-Learning,V8,"(60, 65)",18.047993445694317,True,34.95200655430568,1.0
7,Q-Learning,V9,"(100, 91)",43.09487516204668,True,16.905124837953327,1.0
7,Q-Learning,V10,"(21, 49)",42.56723051915337,True,18.43276948084663,1.0
8,Greedy,V1,"(98, 18)",83.69649778620041,True,7.303502213799586,1.0
8,Greedy,V2,"(19, 85)",41.038378558665094,True,21.961621441334906,1.0
8,Greedy,V3,"(71, 74)",42.232954731878145,True,20.767045268121855,1.0
8,Greedy,V4,"(24, 81)",31.448309471017595,True,37.551690528982405,1.0
8,Greedy,V5,"(15, 4)",59.69848519615616,True,19.301514803843837,1.0
8,Greedy,V6,"(23, 28)",58.76740981921955,True,24.232590180780452,1.0
8,Greedy,V7,"(68, 12)",65.87867965644035,True,23.121320343559642,1.0
8,Greedy,V8,"(4, 44)",25.711763390508523,True,26.288236609491477,1.0
8,Greedy,V9,"(85, 73)",42.14087342096225,True,16.85912657903775,1.0
8,Greedy,V10,"(20, 66)",42.56723051915337,True,17.43276948084663,1.0
8,Auction,V1,"(100, 2)",83.69649778620041,True,7.303502213799586,1.0
8,Auction,V2,"(100, 91)",37.463013629319114,True,25.536986370680886,1.0
8,Auction,V3,"(59, 77)",42.232954731878145,True,20.767045268121855,1.0
8,Auction,V4,"(60, 65)",36.868189597605195,True,32.131810402394805,1.0
8,Auction,V5,"(48, 3)",59.69848519615616,True,19.301514803843837,1.0
8,Auction,V6,"(21, 49)",65.8904976890271,True,17.1095023109729,1.0
8,Auction,V7,"(77, 3)",65.87867965644035,True,23.121320343559642,1.0
8,Auction,V8,"(17, 46)",25.711763390508523,True,26.288236609491477,1.0
8,Auction,V9,"(96, 100)",42.14087342096225,True,16.85912657903775,1.0
8,Auction,V10,"(25, 62)",41.08526796608102,True,18.914732033918977,1.0
8,Q-Learning,V1,"(100, 2)",83.69649778620041,True,7.303502213799586,1.0
8,Q-Learning,V2,"(59, 77)",37.20130731520962,True,25.79869268479038,1.0
8,Q-Learning,V3,"(96, 100)",45.847231772322445,True,17.15276822767755,1.0
8,Q-Learning,V4,"(25, 62)",44.65790080318652,True,24.342099196813482,1.0
8,Q-Learning,V5,"(77, 3)",51.799193600829,True,27.200806399171,1.0
8,Q-Learning,V6,"(17, 46)",58.10263340389898,True,24.897366596101026,1.0
8,Q-Learning,V7,"(48, 3)",69.34471463342311,True,19.655285366576884,1.0
8,Q-Learning,V8,"(60, 65)",18.047993445694317,True,33.95200655430568,1.0
8,Q-Learning,V9,"(100, 91)",43.09487516204668,True,15.905124837953327,1.0
8,Q-Learning,V10,"(21, 49)",42.56723051915337,True,17.43276948084663,1.0
9,Greedy,V1,"(98, 18)",83.69649778620041,True,6.303502213799586,1.0
9,Greedy,V2,"(19, 85)",41.038378558665094,True,20.961621441334906,1.0
9,Greedy,V3,"(71, 74)",42.232954731878145,True,19.767045268121855,1.0
9,Greedy,V4,"(24, 81)",31.448309471017595,True,36.551690528982405,1.0
9,Greedy,V5,"(15, 4)",59.69848519615616,True,18.301514803843837,1.0
9,Greedy,V6,"(23, 28)",58.76740981921955,True,23.232590180780452,1.0
9,Greedy,V7,"(68, 12)",65.87867965644035,True,22.121320343559642,1.0
9,Greedy,V8,"(4, 44)",25.711763390508523,True,25.288236609491477,1.0
9,Greedy,V9,"(85, 73)",42.14087342096225,True,15.85912657903775,1.0
9,Greedy,V10,"(20, 66)",42.56723051915337,True,16.43276948084663,1.0
9,Auction,V1,"(100, 2)",83.69649778620041,True,6.303502213799586,1.0
9,Auction,V2,"(100, 91)",37.463013629319114,True,24.536986370680886,1.0
9,Auction,V3,"(59, 77)",42.232954731878145,True,19.767045268121855,1.0
9,Auction,V4,"(60, 65)",36.868189597605195,True,31.131810402394805,1.0
9,Auction,V5,"(48, 3)",59.69848519615616,True,18.301514803843837,1.0
9,Auction,V6,"(21, 49)",65.8904976890271,True,16.1095023109729,1.0
9,Auction,V7,"(77, 3)",65.87867965644035,True,22.121320343559642,1.0
9,Auction,V8,"(17, 46)",25.711763390508523,True,25.288236609491477,1.0
9,Auction,V9,"(96, 100)",42.14087342096225,True,15.85912657903775,1.0
9,Auction,V10,"(25, 62)",41.08526796608102,True,17.914732033918977,1.0
9,Q-Learning,V1,"(100, 2)",83.69649778620041,True,6.303502213799586,1.0
9,Q-Learning,V2,"(59, 77)",37.20130731520962,True,24.79869268479038,1.0
9,Q-Learning,V3,"(96, 100)",45.847231772322445,True,16.15276822767755,1.0
9,Q-Learning,V4,"(25, 62)",44.65790080318652,True,23.342099196813482,1.0
9,Q-Learning,V5,"(77, 3)",51.799193600829,True,26.200806399171,1.0
9,Q-Learning,V6,"(17, 46)",58.10263340389898,True,23.897366596101026,1.0
9,Q-Learning,V7,"(48, 3)",69.34471463342311,True,18.655285366576884,1.0
9,Q-Learning,V8,"(60, 65)",18.047993445694317,True,32.95200655430568,1.0
9,Q-Learning,V9,"(100, 91)",43.09487516204668,True,14.905124837953327,1.0
9,Q-Learning,V10,"(21, 49)",42.56723051915337,True,16.43276948084663,1.0
10,Greedy,V1,"(98, 18)",83.69649778620041,True,5.303502213799586,1.0
10,Greedy,V2,"(19, 85)",41.038378558665094,True,19.961621441334906,1.0
10,Greedy,V3,"(71, 74)",42.232954731878145,True,18.767045268121855,1.0
10,Greedy,V4,"(24, 81)",31.448309471017595,True,35.551690528982405,1.0
10,Greedy,V5,"(15, 4)",59.69848519615616,True,17.301514803843837,1.0
10,Greedy,V6,"(23, 28)",58.76740981921955,True,22.232590180780452,1.0
10,Greedy,V7,"(68, 12)",65.87867965644035,True,21.121320343559642,1.0
10,Greedy,V8,"(4, 44)",25.711763390508523,True,24.288236609491477,1.0
10,Greedy,V9,"(85, 73)",42.14087342096225,True,14.85912657903775,1.0
10,Greedy,V10,"(20, 66)",42.56723051915337,True,15.43276948084663,1.0
10,Auction,V1,"(100, 2)",83.69649778620041,True,5.303502213799586,1.0
10,Auction,V2,"(100, 91)",37.463013629319114,True,23.536986370680886,1.0
10,Auction,V3,"(59, 77)",42.232954731878145,True,18.767045268121855,1.0
10,Auction,V4,"(60, 65)",36.868189597605195,True,30.131810402394805,1.0
10,Auction,V5,"(48, 3)",59.69848519615616,True,17.301514803843837,1.0
10,Auction,V6,"(21, 49)",65.8904976890271,True,15.1095023109729,1.0
10,Auction,V7,"(77, 3)",65.87867965644035,True,21.121320343559642,1.0
10,Auction,V8,"(17, 46)",25.711763390508523,True,24.288236609491477,1.0
10,Auction,V9,"(96, 100)",42.14087342096225,True,14.85912657903775,1.0
10,Auction,V10,"(25, 62)",41.08526796608102,True,16.914732033918977,1.0
10,Q-Learning,V1,"(100, 2)",83.69649778620041,True,5.303502213799586,1.0
10,Q-Learning,V2,"(59, 77)",37.20130731520962,True,23.79869268479038,1.0
10,Q-Learning,V3,"(96, 100)",45.847231772322445,True,15.152768227677551,1.0
10,Q-Learning,V4,"(25, 62)",44.65790080318652,True,22.342099196813482,1.0
10,Q-Learning,V5,"(77, 3)",51.799193600829,True,25.200806399171,1.0
10,Q-Learning,V6,"(17, 46)",58.10263340389898,True,22.897366596101026,1.0
10,Q-Learning,V7,"(48, 3)",69.34471463342311,True,17.655285366576884,1.0
10,Q-Learning,V8,"(60, 65)",18.047993445694317,True,31.952006554305683,1.0
10,Q-Learning,V9,"(100, 91)",43.09487516204668,True,13.905124837953327,1.0
10,Q-Learning,V10,"(21, 49)",42.56723051915337,True,15.43276948084663,1.0
11,Greedy,V1,"(98, 18)",83.69649778620041,True,4.303502213799586,1.0
11,Greedy,V2,"(19, 85)",41.038378558665094,True,18.961621441334906,1.0
11,Greedy,V3,"(71, 74)",42.232954731878145,True,17.767045268121855,1.0
11,Greedy,V4,"(24, 81)",31.448309471017595,True,34.551690528982405,1.0
11,Greedy,V5,"(15, 4)",59.69848519615616,True,16.301514803843837,1.0
11,Greedy,V6,"(23, 28)",58.76740981921955,True,21.232590180780452,1.0
11,Greedy,V7,"(68, 12)",65.87867965644035,True,20.121320343559642,1.0
11,Greedy,V8,"(4, 44)",25.711763390508523,True,23.288236609491477,1.0
11,Greedy,V9,"(85, 73)",42.14087342096225,True,13.85912657903775,1.0
11,Greedy,V10,"(20, 66)",42.56723051915337,True,14.43276948084663,1.0
11,Auction,V1,"(100, 2)",83.69649778620041,True,4.303502213799586,1.0
11,Auction,V2,"(100, 91)",37.463013629319114,True,22.536986370680886,1.0
11,Auction,V3,"(59, 77)",42.232954731878145,True,17.767045268121855,1.0
11,Auction,V4,"(60, 65)",36.868189597605195,True,29.131810402394805,1.0
11,Auction,V5,"(48, 3)",59.69848519615616,True,16.301514803843837,1.0
11,Auction,V6,"(21, 49)",65.8904976890271,True,14.1095023109729,1.0
11,Auction,V7,"(77, 3)",65.87867965644035,True,20.121320343559642,1.0
11,Auction,V8,"(17, 46)",25.711763390508523,True,23.288236609491477,1.0
11,Auction,V9,"(96, 100)",42.14087342096225,True,13.85912657903775,1.0
11,Auction,V10,"(25, 62)",41.08526796608102,True,15.914732033918977,1.0
11,Q-Learning,V1,"(100, 2)",83.69649778620041,True,4.303502213799586,1.0
11,Q-Learning,V2,"(59, 77)",37.20130731520962,True,22.79869268479038,1.0
11,Q-Learning,V3,"(96, 100)",45.847231772322445,True,14.152768227677551,1.0
11,Q-Learning,V4,"(25, 62)",44.65790080318652,True,21.342099196813482,1.0
11,Q-Learning,V5,"(77, 3)",51.799193600829,True,24.200806399171,1.0
11,Q-Learning,V6,"(17, 46)",58.10263340389898,True,21.897366596101026,1.0
11,Q-Learning,V7,"(48, 3)",69.34471463342311,True,16.655285366576884,1.0
11,Q-Learning,V8,"(60, 65)",18.047993445694317,True,30.952006554305683,1.0
11,Q-Learning,V9,"(100, 91)",43.09487516204668,True,12.905124837953327,1.0
11,Q-Learning,V10,"(21, 49)",42.56723051915337,True,14.43276948084663,1.0
12,Greedy,V1,"(98, 18)",83.69649778620041,True,3.303502213799586,1.0
12,Greedy,V2,"(19, 85)",41.038378558665094,True,17.961621441334906,1.0
12,Greedy,V3,"(71, 74)",42.232954731878145,True,16.767045268121855,1.0
12,Greedy,V4,"(24, 81)",31.448309471017595,True,33.551690528982405,1.0
12,Greedy,V5,"(15, 4)",59.69848519615616,True,15.301514803843837,1.0
12,Greedy,V6,"(23, 28)",58.76740981921955,True,20.232590180780452,1.0
12,Greedy,V7,"(68, 12)",65.87867965644035,True,19.121320343559642,1.0
12,Greedy,V8,"(4, 44)",25.711763390508523,True,22.288236609491477,1.0
12,Greedy,V9,"(85, 73)",42.14087342096225,True,12.85912657903775,1.0
12,Greedy,V10,"(20, 66)",42.56723051915337,True,13.43276948084663,1.0
12,Auction,V1,"(100, 2)",83.69649778620041,True,3.303502213799586,1.0
12,Auction,V2,"(100, 91)",37.463013629319114,True,21.536986370680886,1.0
12,Auction,V3,"(59, 77)",42.232954731878145,True,16.767045268121855,1.0
12,Auction,V4,"(60, 65)",36.868189597605195,True,28.131810402394805,1.0
12,Auction,V5,"(48, 3)",59.69848519615616,True,15.301514803843837,1.0
12,Auction,V6,"(21, 49)",65.8904976890271,True,13.1095023109729,1.0
12,Auction,V7,"(77, 3)",65.87867965644035,True,19.121320343559642,1.0
12,Auction,V8,"(17, 46)",25.711763390508523,True,22.288236609491477,1.0
12,Auction,V9,"(96, 100)",42.14087342096225,True,12.85912657903775,1.0
12,Auction,V10,"(25, 62)",41.08526796608102,True,14.914732033918977,1.0
12,Q-Learning,V1,"(100, 2)",83.69649778620041,True,3.303502213799586,1.0
12,Q-Learning,V2,"(59, 77)",37.20130731520962,True,21.79869268479038,1.0
12,Q-Learning,V3,"(96, 100)",45.847231772322445,True,13.152768227677551,1.0
12,Q-Learning,V4,"(25, 62)",44.65790080318652,True,20.342099196813482,1.0
12,Q-Learning,V5,"(77, 3)",51.799193600829,True,23.200806399171,1.0
12,Q-Learning,V6,"(17, 46)",58.10263340389898,True,20.897366596101026,1.0
12,Q-Learning,V7,"(48, 3)",69.34471463342311,True,15.655285366576884,1.0
12,Q-Learning,V8,"(60, 65)",18.047993445694317,True,29.952006554305683,1.0
12,Q-Learning,V9,"(100, 91)",43.09487516204668,True,11.905124837953327,1.0
12,Q-Learning,V10,"(21, 49)",42.56723051915337,True,13.43276948084663,1.0
13,Greedy,V1,"(98, 18)",83.69649778620041,True,2.303502213799586,1.0
13,Greedy,V2,"(19, 85)",41.038378558665094,True,16.961621441334906,1.0
13,Greedy,V3,"(71, 74)",42.232954731878145,True,15.767045268121855,1.0
13,Greedy,V4,"(24, 81)",31.448309471017595,True,32.551690528982405,1.0
13,Greedy,V5,"(15, 4)",59.69848519615616,True,14.301514803843837,1.0
13,Greedy,V6,"(23, 28)",58.76740981921955,True,19.232590180780452,1.0
13,Greedy,V7,"(68, 12)",65.87867965644035,True,18.121320343559642,1.0
13,Greedy,V8,"(4, 44)",25.711763390508523,True,21.288236609491477,1.0
13,Greedy,V9,"(85, 73)",42.14087342096225,True,11.85912657903775,1.0
13,Greedy,V10,"(20, 66)",42.56723051915337,True,12.43276948084663,1.0
13,Auction,V1,"(100, 2)",83.69649778620041,True,2.303502213799586,1.0
13,Auction,V2,"(100, 91)",37.463013629319114,True,20.536986370680886,1.0
13,Auction,V3,"(59, 77)",42.232954731878145,True,15.767045268121855,1.0
13,Auction,V4,"(60, 65)",36.868189597605195,True,27.131810402394805,1.0
13,Auction,V5,"(48, 3)",59.69848519615616,True,14.301514803843837,1.0
13,Auction,V6,"(21, 49)",65.8904976890271,True,12.1095023109729,1.0
13,Auction,V7,"(77, 3)",65.87867965644035,True,18.121320343559642,1.0
13,Auction,V8,"(17, 46)",25.711763390508523,True,21.288236609491477,1.0
13,Auction,V9,"(96, 100)",42.14087342096225,True,11.85912657903775,1.0
13,Auction,V10,"(25, 62)",41.08526796608102,True,13.914732033918977,1.0
13,Q-Learning,V1,"(100, 2)",83.69649778620041,True,2.303502213799586,1.0
13,Q-Learning,V2,"(59, 77)",37.20130731520962,True,20.79869268479038,1.0
13,Q-Learning,V3,"(96, 100)",45.847231772322445,True,12.152768227677551,1.0
13,Q-Learning,V4,"(25, 62)",44.65790080318652,True,19.342099196813482,1.0
13,Q-Learning,V5,"(77, 3)",51.799193600829,True,22.200806399171,1.0
13,Q-Learning,V6,"(17, 46)",58.10263340389898,True,19.897366596101026,1.0
13,Q-Learning,V7,"(48, 3)",69.34471463342311,True,14.655285366576884,1.0
13,Q-Learning,V8,"(60, 65)",18.047993445694317,True,28.952006554305683,1.0
13,Q-Learning,V9,"(100, 91)",43.09487516204668,True,10.905124837953327,1.0
13,Q-Learning,V10,"(21, 49)",42.56723051915337,True,12.43276948084663,1.0
14,Greedy,V1,"(98, 18)",83.69649778620041,True,1.303502213799586,1.0
14,Greedy,V2,"(19, 85)",41.038378558665094,True,15.961621441334906,1.0
14,Greedy,V3,"(71, 74)",42.232954731878145,True,14.767045268121855,1.0
14,Greedy,V4,"(24, 81)",31.448309471017595,True,31.551690528982405,1.0
14,Greedy,V5,"(15, 4)",59.69848519615616,True,13.301514803843837,1.0
14,Greedy,V6,"(23, 28)",58.76740981921955,True,18.232590180780452,1.0
14,Greedy,V7,"(68, 12)",65.87867965644035,True,17.121320343559642,1.0
14,Greedy,V8,"(4, 44)",25.711763390508523,True,20.288236609491477,1.0
14,Greedy,V9,"(85, 73)",42.14087342096225,True,10.85912657903775,1.0
14,Greedy,V10,"(20, 66)",42.56723051915337,True,11.43276948084663,1.0
14,Auction,V1,"(100, 2)",83.69649778620041,True,1.303502213799586,1.0
14,Auction,V2,"(100, 91)",37.463013629319114,True,19.536986370680886,1.0
14,Auction,V3,"(59, 77)",42.232954731878145,True,14.767045268121855,1.0
14,Auction,V4,"(60, 65)",36.868189597605195,True,26.131810402394805,1.0
14,Auction,V5,"(48, 3)",59.69848519615616,True,13.301514803843837,1.0
14,Auction,V6,"(21, 49)",65.8904976890271,True,11.1095023109729,1.0
14,Auction,V7,"(77, 3)",65.87867965644035,True,17.121320343559642,1.0
14,Auction,V8,"(17, 46)",25.711763390508523,True,20.288236609491477,1.0
14,Auction,V9,"(96, 100)",42.14087342096225,True,10.85912657903775,1.0
14,Auction,V10,"(25, 62)",41.08526796608102,True,12.914732033918977,1.0
14,Q-Learning,V1,"(100, 2)",83.69649778620041,True,1.303502213799586,1.0
14,Q-Learning,V2,"(59, 77)",37.20130731520962,True,19.79869268479038,1.0
14,Q-Learning,V3,"(96, 100)",45.847231772322445,True,11.152768227677551,1.0
14,Q-Learning,V4,"(25, 62)",44.65790080318652,True,18.342099196813482,1.0
14,Q-Learning,V5,"(77, 3)",51.799193600829,True,21.200806399171,1.0
14,Q-Learning,V6,"(17, 46)",58.10263340389898,True,18.897366596101026,1.0
14,Q-Learning,V7,"(48, 3)",69.34471463342311,True,13.655285366576884,1.0
14,Q-Learning,V8,"(60, 65)",18.047993445694317,True,27.952006554305683,1.0
14,Q-Learning,V9,"(100, 91)",43.09487516204668,True,9.905124837953327,1.0
14,Q-Learning,V10,"(21, 49)",42.56723051915337,True,11.43276948084663,1.0
15,Greedy,V1,"(98, 18)",83.69649778620041,True,0.303502213799586,1.0
15,Greedy,V2,"(19, 85)",41.038378558665094,True,14.961621441334906,1.0
15,Greedy,V3,"(71, 74)",42.232954731878145,True,13.767045268121855,1.0
15,Greedy,V4,"(24, 81)",31.448309471017595,True,30.551690528982405,1.0
15,Greedy,V5,"(15, 4)",59.69848519615616,True,12.301514803843837,1.0
15,Greedy,V6,"(23, 28)",58.76740981921955,True,17.232590180780452,1.0
15,Greedy,V7,"(68, 12)",65.87867965644035,True,16.121320343559642,1.0
15,Greedy,V8,"(4, 44)",25.711763390508523,True,19.288236609491477,1.0
15,Greedy,V9,"(85, 73)",42.14087342096225,True,9.85912657903775,1.0
15,Greedy,V10,"(20, 66)",42.56723051915337,True,10.43276948084663,1.0
15,Auction,V1,"(100, 2)",83.69649778620041,True,0.303502213799586,1.0
15,Auction,V2,"(100, 91)",37.463013629319114,True,18.536986370680886,1.0
15,Auction,V3,"(59, 77)",42.232954731878145,True,13.767045268121855,1.0
15,Auction,V4,"(60, 65)",36.868189597605195,True,25.131810402394805,1.0
15,Auction,V5,"(48, 3)",59.69848519615616,True,12.301514803843837,1.0
15,Auction,V6,"(21, 49)",65.8904976890271,True,10.1095023109729,1.0
15,Auction,V7,"(77, 3)",65.87867965644035,True,16.121320343559642,1.0
15,Auction,V8,"(17, 46)",25.711763390508523,True,19.288236609491477,1.0
15,Auction,V9,"(96, 100)",42.14087342096225,True,9.85912657903775,1.0
15,Auction,V10,"(25, 62)",41.08526796608102,True,11.914732033918977,1.0
15,Q-Learning,V1,"(100, 2)",83.69649778620041,True,0.303502213799586,1.0
15,Q-Learning,V2,"(59, 77)",37.20130731520962,True,18.79869268479038,1.0
15,Q-Learning,V3,"(96, 100)",45.847231772322445,True,10.152768227677551,1.0
15,Q-Learning,V4,"(25, 62)",44.65790080318652,True,17.342099196813482,1.0
15,Q-Learning,V5,"(77, 3)",51.799193600829,True,20.200806399171,1.0
15,Q-Learning,V6,"(17, 46)",58.10263340389898,True,17.897366596101026,1.0
15,Q-Learning,V7,"(48, 3)",69.34471463342311,True,12.655285366576884,1.0
15,Q-Learning,V8,"(60, 65)",18.047993445694317,True,26.952006554305683,1.0
15,Q-Learning,V9,"(100, 91)",43.09487516204668,True,8.905124837953327,1.0
15,Q-Learning,V10,"(21, 49)",42.56723051915337,True,10.43276948084663,1.0
16,Greedy,V1,"(98, 18)",57.683752836268894,True,26.01274494993152,1.0
16,Greedy,V2,"(19, 85)",41.038378558665094,True,13.961621441334906,1.0
16,Greedy,V3,"(71, 74)",42.232954731878145,True,12.767045268121855,1.0
16,Greedy,V4,"(24, 81)",31.448309471017595,True,29.551690528982405,1.0
16,Greedy,V5,"(15, 4)",59.69848519615616,True,11.301514803843837,1.0
16,Greedy,V6,"(23, 28)",58.76740981921955,True,16.232590180780452,1.0
16,Greedy,V7,"(68, 12)",65.87867965644035,True,15.121320343559642,1.0
16,Greedy,V8,"(4, 44)",25.711763390508523,True,18.288236609491477,1.0
16,Greedy,V9,"(85, 73)",42.14087342096225,True,8.85912657903775,1.0
16,Greedy,V10,"(20, 66)",42.56723051915337,True,9.43276948084663,1.0
16,Auction,V1,"(91, 0)",58.37942000658714,True,25.31707777961327,1.0
16,Auction,V2,"(100, 91)",37.463013629319114,True,17.536986370680886,1.0
16,Auction,V3,"(59, 77)",42.232954731878145,True,12.767045268121855,1.0
16,Auction,V4,"(60, 65)",36.868189597605195,True,24.131810402394805,1.0
16,Auction,V5,"(48, 3)",59.69848519615616,True,11.301514803843837,1.0
16,Auction,V6,"(21, 49)",65.8904976890271,True,9.1095023109729,1.0
16,Auction,V7,"(77, 3)",65.87867965644035,True,15.121320343559642,1.0
16,Auction,V8,"(17, 46)",25.711763390508523,True,18.288236609491477,1.0
16,Auction,V9,"(96, 100)",42.14087342096225,True,8.85912657903775,1.0
16,Auction,V10,"(25, 62)",41.08526796608102,True,10.914732033918977,1.0
16,Q-Learning,V1,"(91, 0)",58.37942000658714,True,25.31707777961327,1.0
16,Q-Learning,V2,"(59, 77)",37.20130731520962,True,17.79869268479038,1.0
16,Q-Learning,V3,"(96, 100)",45.847231772322445,True,9.152768227677551,1.0
16,Q-Learning,V4,"(25, 62)",44.65790080318652,True,16.342099196813482,1.0
16,Q-Learning,V5,"(77, 3)",51.799193600829,True,19.200806399171,1.0
16,Q-Learning,V6,"(17, 46)",58.10263340389898,True,16.897366596101026,1.0
16,Q-Learning,V7,"(48, 3)",69.34471463342311,True,11.655285366576884,1.0
16,Q-Learning,V8,"(60, 65)",18.047993445694317,True,25.952006554305683,1.0
16,Q-Learning,V9,"(100, 91)",43.09487516204668,True,7.905124837953327,1.0
16,Q-Learning,V10,"(21, 49)",42.56723051915337,True,9.43276948084663,1.0
17,Greedy,V1,"(98, 18)",57.683752836268894,True,25.01274494993152,1.0
17,Greedy,V2,"(19, 85)",41.038378558665094,True,12.961621441334906,1.0
17,Greedy,V3,"(71, 74)",42.232954731878145,True,11.767045268121855,1.0
17,Greedy,V4,"(24, 81)",31.448309471017595,True,28.551690528982405,1.0
17,Greedy,V5,"(15, 4)",59.69848519615616,True,10.301514803843837,1.0
17,Greedy,V6,"(23, 28)",58.76740981921955,True,15.232590180780452,1.0
17,Greedy,V7,"(68, 12)",65.87867965644035,True,14.121320343559642,1.0
17,Greedy,V8,"(4, 44)",25.711763390508523,True,17.288236609491477,1.0
17,Greedy,V9,"(85, 73)",42.14087342096225,True,7.859126579037749,1.0
17,Greedy,V10,"(20, 66)",42.56723051915337,True,8.43276948084663,1.0
17,Auction,V1,"(91, 0)",58.37942000658714,True,24.31707777961327,1.0
17,Auction,V2,"(100, 91)",37.463013629319114,True,16.536986370680886,1.0
17,Auction,V3,"(59, 77)",42.232954731878145,True,11.767045268121855,1.0
17,Auction,V4,"(60, 65)",36.868189597605195,True,23.131810402394805,1.0
17,Auction,V5,"(48, 3)",59.69848519615616,True,10.301514803843837,1.0
17,Auction,V6,"(21, 49)",65.8904976890271,True,8.1095023109729,1.0
17,Auction,V7,"(77, 3)",65.87867965644035,True,14.121320343559642,1.0
17,Auction,V8,"(17, 46)",25.711763390508523,True,17.288236609491477,1.0
17,Auction,V9,"(96, 100)",42.14087342096225,True,7.859126579037749,1.0
17,Auction,V10,"(25, 62)",41.08526796608102,True,9.914732033918977,1.0
17,Q-Learning,V1,"(91, 0)",58.37942000658714,True,24.31707777961327,1.0
17,Q-Learning,V2,"(59, 77)",37.20130731520962,True,16.79869268479038,1.0
17,Q-Learning,V3,"(96, 100)",45.847231772322445,True,8.152768227677551,1.0
17,Q-Learning,V4,"(25, 62)",44.65790080318652,True,15.342099196813482,1.0
17,Q-Learning,V5,"(77, 3)",51.799193600829,True,18.200806399171,1.0
17,Q-Learning,V6,"(17, 46)",58.10263340389898,True,15.897366596101026,1.0
17,Q-Learning,V7,"(48, 3)",69.34471463342311,True,10.655285366576884,1.0
17,Q-Learning,V8,"(60, 65)",18.047993445694317,True,24.952006554305683,1.0
17,Q-Learning,V9,"(100, 91)",43.09487516204668,True,6.905124837953327,1.0
17,Q-Learning,V10,"(21, 49)",42.56723051915337,True,8.43276948084663,1.0
18,Greedy,V1,"(98, 18)",57.683752836268894,True,24.01274494993152,1.0
18,Greedy,V2,"(19, 85)",41.038378558665094,True,11.961621441334906,1.0
18,Greedy,V3,"(71, 74)",42.232954731878145,True,10.767045268121855,1.0
18,Greedy,V4,"(24, 81)",31.448309471017595,True,27.551690528982405,1.0
18,Greedy,V5,"(15, 4)",59.69848519615616,True,9.301514803843837,1.0
18,Greedy,V6,"(23, 28)",58.76740981921955,True,14.232590180780452,1.0
18,Greedy,V7,"(68, 12)",65.87867965644035,True,13.121320343559642,1.0
18,Greedy,V8,"(4, 44)",25.711763390508523,True,16.288236609491477,1.0
18,Greedy,V9,"(85, 73)",42.14087342096225,True,6.859126579037749,1.0
18,Greedy,V10,"(20, 66)",42.56723051915337,True,7.4327694808466305,1.0
18,Auction,V1,"(91, 0)",58.37942000658714,True,23.31707777961327,1.0
18,Auction,V2,"(100, 91)",37.463013629319114,True,15.536986370680886,1.0
18,Auction,V3,"(59, 77)",42.232954731878145,True,10.767045268121855,1.0
18,Auction,V4,"(60, 65)",36.868189597605195,True,22.131810402394805,1.0
18,Auction,V5,"(48, 3)",59.69848519615616,True,9.301514803843837,1.0
18,Auction,V6,"(21, 49)",65.8904976890271,True,7.1095023109729,1.0
18,Auction,V7,"(77, 3)",65.87867965644035,True,13.121320343559642,1.0
18,Auction,V8,"(17, 46)",25.711763390508523,True,16.288236609491477,1.0
18,Auction,V9,"(96, 100)",42.14087342096225,True,6.859126579037749,1.0
18,Auction,V10,"(25, 62)",41.08526796608102,True,8.914732033918977,1.0
18,Q-Learning,V1,"(91, 0)",58.37942000658714,True,23.31707777961327,1.0
18,Q-Learning,V2,"(59, 77)",37.20130731520962,True,15.798692684790382,1.0
18,Q-Learning,V3,"(96, 100)",45.847231772322445,True,7.1527682276775515,1.0
18,Q-Learning,V4,"(25, 62)",44.65790080318652,True,14.342099196813482,1.0
18,Q-Learning,V5,"(77, 3)",51.799193600829,True,17.200806399171,1.0
18,Q-Learning,V6,"(17, 46)",58.10263340389898,True,14.897366596101026,1.0
18,Q-Learning,V7,"(48, 3)",69.34471463342311,True,9.655285366576884,1.0
18,Q-Learning,V8,"(60, 65)",18.047993445694317,True,23.952006554305683,1.0
18,Q-Learning,V9,"(100, 91)",43.09487516204668,True,5.905124837953327,1.0
18,Q-Learning,V10,"(21, 49)",42.56723051915337,True,7.4327694808466305,1.0
19,Greedy,V1,"(98, 18)",57.683752836268894,True,23.01274494993152,1.0
19,Greedy,V2,"(19, 85)",41.038378558665094,True,10.961621441334906,1.0
19,Greedy,V3,"(71, 74)",42.232954731878145,True,9.767045268121855,1.0
19,Greedy,V4,"(24, 81)",31.448309471017595,True,26.551690528982405,1.0
19,Greedy,V5,"(15, 4)",59.69848519615616,True,8.301514803843837,1.0
19,Greedy,V6,"(23, 28)",58.76740981921955,True,13.232590180780452,1.0
19,Greedy,V7,"(68, 12)",65.87867965644035,True,12.121320343559642,1.0
19,Greedy,V8,"(4, 44)",25.711763390508523,True,15.288236609491477,1.0
19,Greedy,V9,"(85, 73)",42.14087342096225,True,5.859126579037749,1.0
19,Greedy,V10,"(20, 66)",42.56723051915337,True,6.4327694808466305,1.0
19,Auction,V1,"(91, 0)",58.37942000658714,True,22.31707777961327,1.0
19,Auction,V2,"(100, 91)",37.463013629319114,True,14.536986370680886,1.0
19,Auction,V3,"(59, 77)",42.232954731878145,True,9.767045268121855,1.0
19,Auction,V4,"(60, 65)",36.868189597605195,True,21.131810402394805,1.0
19,Auction,V5,"(48, 3)",59.69848519615616,True,8.301514803843837,1.0
19,Auction,V6,"(21, 49)",65.8904976890271,True,6.1095023109729,1.0
19,Auction,V7,"(77, 3)",65.87867965644035,True,12.121320343559642,1.0
19,Auction,V8,"(17, 46)",25.711763390508523,True,15.288236609491477,1.0
19,Auction,V9,"(96, 100)",42.14087342096225,True,5.859126579037749,1.0
19,Auction,V10,"(25, 62)",41.08526796608102,True,7.914732033918977,1.0
19,Q-Learning,V1,"(91, 0)",58.37942000658714,True,22.31707777961327,1.0
19,Q-Learning,V2,"(59, 77)",37.20130731520962,True,14.798692684790382,1.0
19,Q-Learning,V3,"(96, 100)",45.847231772322445,True,6.1527682276775515,1.0
19,Q-Learning,V4,"(25, 62)",44.65790080318652,True,13.342099196813482,1.0
19,Q-Learning,V5,"(77, 3)",51.799193600829,True,16.200806399171,1.0
19,Q-Learning,V6,"(17, 46)",58.10263340389898,True,13.897366596101026,1.0
19,Q-Learning,V7,"(48, 3)",69.34471463342311,True,8.655285366576884,1.0
19,Q-Learning,V8,"(60, 65)",18.047993445694317,True,22.952006554305683,1.0
19,Q-Learning,V9,"(100, 91)",43.09487516204668,True,4.905124837953327,1.0
19,Q-Learning,V10,"(21, 49)",42.56723051915337,True,6.4327694808466305,1.0
20,Greedy,V1,"(98, 18)",57.683752836268894,True,22.01274494993152,1.0
20,Greedy,V2,"(19, 85)",41.038378558665094,True,9.961621441334906,1.0
20,Greedy,V3,"(71, 74)",42.232954731878145,True,8.767045268121855,1.0
20,Greedy,V4,"(24, 81)",31.448309471017595,True,25.551690528982405,1.0
20,Greedy,V5,"(15, 4)",59.69848519615616,True,7.301514803843837,1.0
20,Greedy,V6,"(23, 28)",58.76740981921955,True,12.232590180780452,1.0
20,Greedy,V7,"(68, 12)",65.87867965644035,True,11.121320343559642,1.0
20,Greedy,V8,"(4, 44)",25.711763390508523,True,14.288236609491477,1.0
20,Greedy,V9,"(85, 73)",42.14087342096225,True,4.859126579037749,1.0
20,Greedy,V10,"(20, 66)",42.56723051915337,True,5.4327694808466305,1.0
20,Auction,V1,"(91, 0)",58.37942000658714,True,21.31707777961327,1.0
20,Auction,V2,"(100, 91)",37.463013629319114,True,13.536986370680886,1.0
20,Auction,V3,"(59, 77)",42.232954731878145,True,8.767045268121855,1.0
20,Auction,V4,"(60, 65)",36.868189597605195,True,20.131810402394805,1.0
20,Auction,V5,"(48, 3)",59.69848519615616,True,7.301514803843837,1.0
20,Auction,V6,"(21, 49)",65.8904976890271,True,5.1095023109729,1.0
20,Auction,V7,"(77, 3)",65.87867965644035,True,11.121320343559642,1.0
20,Auction,V8,"(17, 46)",25.711763390508523,True,14.288236609491477,1.0
20,Auction,V9,"(96, 100)",42.14087342096225,True,4.859126579037749,1.0
20,Auction,V10,"(25, 62)",41.08526796608102,True,6.914732033918977,1.0
20,Q-Learning,V1,"(91, 0)",58.37942000658714,True,21.31707777961327,1.0
20,Q-Learning,V2,"(59, 77)",37.20130731520962,True,13.798692684790382,1.0
20,Q-Learning,V3,"(96, 100)",45.847231772322445,True,5.1527682276775515,1.0
20,Q-Learning,V4,"(25, 62)",44.65790080318652,True,12.342099196813482,1.0
20,Q-Learning,V5,"(77, 3)",51.799193600829,True,15.200806399171,1.0
20,Q-Learning,V6,"(17, 46)",58.10263340389898,True,12.897366596101026,1.0
20,Q-Learning,V7,"(48, 3)",69.34471463342311,True,7.655285366576884,1.0
20,Q-Learning,V8,"(60, 65)",18.047993445694317,True,21.952006554305683,1.0
20,Q-Learning,V9,"(100, 91)",43.09487516204668,True,3.905124837953327,1.0
20,Q-Learning,V10,"(21, 49)",42.56723051915337,True,5.4327694808466305,1.0
21,Greedy,V1,"(98, 18)",57.683752836268894,True,21.01274494993152,1.0
21,Greedy,V2,"(19, 85)",41.038378558665094,True,8.961621441334906,1.0
21,Greedy,V3,"(71, 74)",42.232954731878145,True,7.767045268121855,1.0
21,Greedy,V4,"(24, 81)",31.448309471017595,True,24.551690528982405,1.0
21,Greedy,V5,"(15, 4)",59.69848519615616,True,6.301514803843837,1.0
21,Greedy,V6,"(23, 28)",58.76740981921955,True,11.232590180780452,1.0
21,Greedy,V7,"(68, 12)",65.87867965644035,True,10.121320343559642,1.0
21,Greedy,V8,"(4, 44)",25.711763390508523,True,13.288236609491477,1.0
21,Greedy,V9,"(85, 73)",42.14087342096225,True,3.859126579037749,1.0
21,Greedy,V10,"(20, 66)",42.56723051915337,True,4.4327694808466305,1.0
21,Auction,V1,"(91, 0)",58.37942000658714,True,20.31707777961327,1.0
21,Auction,V2,"(100, 91)",37.463013629319114,True,12.536986370680886,1.0
21,Auction,V3,"(59, 77)",42.232954731878145,True,7.767045268121855,1.0
21,Auction,V4,"(60, 65)",36.868189597605195,True,19.131810402394805,1.0
21,Auction,V5,"(48, 3)",59.69848519615616,True,6.301514803843837,1.0
21,Auction,V6,"(21, 49)",65.8904976890271,True,4.1095023109729,1.0
21,Auction,V7,"(77, 3)",65.87867965644035,True,10.121320343559642,1.0
21,Auction,V8,"(17, 46)",25.711763390508523,True,13.288236609491477,1.0
21,Auction,V9,"(96, 100)",42.14087342096225,True,3.859126579037749,1.0
21,Auction,V10,"(25, 62)",41.08526796608102,True,5.914732033918977,1.0
21,Q-Learning,V1,"(91, 0)",58.37942000658714,True,20.31707777961327,1.0
21,Q-Learning,V2,"(59, 77)",37.20130731520962,True,12.798692684790382,1.0
21,Q-Learning,V3,"(96, 100)",45.847231772322445,True,4.1527682276775515,1.0
21,Q-Learning,V4,"(25, 62)",44.65790080318652,True,11.342099196813482,1.0
21,Q-Learning,V5,"(77, 3)",51.799193600829,True,14.200806399171,1.0
21,Q-Learning,V6,"(17, 46)",58.10263340389898,True,11.897366596101026,1.0
21,Q-Learning,V7,"(48, 3)",69.34471463342311,True,6.655285366576884,1.0
21,Q-Learning,V8,"(60, 65)",18.047993445694317,True,20.952006554305683,1.0
21,Q-Learning,V9,"(100, 91)",43.09487516204668,True,2.905124837953327,1.0
21,Q-Learning,V10,"(21, 49)",42.56723051915337,True,4.4327694808466305,1.0
22,Greedy,V1,"(98, 18)",57.683752836268894,True,20.01274494993152,1.0
22,Greedy,V2,"(19, 85)",41.038378558665094,True,7.961621441334906,1.0
22,Greedy,V3,"(71, 74)",42.232954731878145,True,6.767045268121855,1.0
22,Greedy,V4,"(24, 81)",31.448309471017595,True,23.551690528982405,1.0
22,Greedy,V5,"(15, 4)",59.69848519615616,True,5.301514803843837,1.0
22,Greedy,V6,"(23, 28)",58.76740981921955,True,10.232590180780452,1.0
22,Greedy,V7,"(68, 12)",65.87867965644035,True,9.121320343559642,1.0
22,Greedy,V8,"(4, 44)",25.711763390508523,True,12.288236609491477,1.0
22,Greedy,V9,"(85, 73)",42.14087342096225,True,2.859126579037749,1.0
22,Greedy,V10,"(20, 66)",42.56723051915337,True,3.4327694808466305,1.0
22,Auction,V1,"(91, 0)",58.37942000658714,True,19.31707777961327,1.0
22,Auction,V2,"(100, 91)",37.463013629319114,True,11.536986370680886,1.0
22,Auction,V3,"(59, 77)",42.232954731878145,True,6.767045268121855,1.0
22,Auction,V4,"(60, 65)",36.868189597605195,True,18.131810402394805,1.0
22,Auction,V5,"(48, 3)",59.69848519615616,True,5.301514803843837,1.0
22,Auction,V6,"(21, 49)",65.8904976890271,True,3.1095023109729,1.0
22,Auction,V7,"(77, 3)",65.87867965644035,True,9.121320343559642,1.0
22,Auction,V8,"(17, 46)",25.711763390508523,True,12.288236609491477,1.0
22,Auction,V9,"(96, 100)",42.14087342096225,True,2.859126579037749,1.0
22,Auction,V10,"(25, 62)",41.08526796608102,True,4.914732033918977,1.0
22,Q-Learning,V1,"(91, 0)",58.37942000658714,True,19.31707777961327,1.0
22,Q-Learning,V2,"(59, 77)",37.20130731520962,True,11.798692684790382,1.0
22,Q-Learning,V3,"(96, 100)",45.847231772322445,True,3.1527682276775515,1.0
22,Q-Learning,V4,"(25, 62)",44.65790080318652,True,10.342099196813482,1.0
22,Q-Learning,V5,"(77, 3)",51.799193600829,True,13.200806399171,1.0
22,Q-Learning,V6,"(17, 46)",58.10263340389898,True,10.897366596101026,1.0
22,Q-Learning,V7,"(48, 3)",69.34471463342311,True,5.655285366576884,1.0
22,Q-Learning,V8,"(60, 65)",18.047993445694317,True,19.952006554305683,1.0
22,Q-Learning,V9,"(100, 91)",43.09487516204668,True,1.905124837953327,1.0
22,Q-Learning,V10,"(21, 49)",42.56723051915337,True,3.4327694808466305,1.0
23,Greedy,V1,"(98, 18)",57.683752836268894,True,19.01274494993152,1.0
23,Greedy,V2,"(19, 85)",41.038378558665094,True,6.961621441334906,1.0
23,Greedy,V3,"(71, 74)",42.232954731878145,True,5.767045268121855,1.0
23,Greedy,V4,"(24, 81)",31.448309471017595,True,22.551690528982405,1.0
23,Greedy,V5,"(15, 4)",59.69848519615616,True,4.301514803843837,1.0
23,Greedy,V6,"(23, 28)",58.76740981921955,True,9.232590180780452,1.0
23,Greedy,V7,"(68, 12)",65.87867965644035,True,8.121320343559642,1.0
23,Greedy,V8,"(4, 44)",25.711763390508523,True,11.288236609491477,1.0
23,Greedy,V9,"(85, 73)",42.14087342096225,True,1.8591265790377491,1.0
23,Greedy,V10,"(20, 66)",42.56723051915337,True,2.4327694808466305,1.0
23,Auction,V1,"(91, 0)",58.37942000658714,True,18.31707777961327,1.0
23,Auction,V2,"(100, 91)",37.463013629319114,True,10.536986370680886,1.0
23,Auction,V3,"(59, 77)",42.232954731878145,True,5.767045268121855,1.0
23,Auction,V4,"(60, 65)",36.868189597605195,True,17.131810402394805,1.0
23,Auction,V5,"(48, 3)",59.69848519615616,True,4.301514803843837,1.0
23,Auction,V6,"(21, 49)",65.8904976890271,True,2.1095023109729,1.0
23,Auction,V7,"(77, 3)",65.87867965644035,True,8.121320343559642,1.0
23,Auction,V8,"(17, 46)",25.711763390508523,True,11.288236609491477,1.0
23,Auction,V9,"(96, 100)",42.14087342096225,True,1.8591265790377491,1.0
23,Auction,V10,"(25, 62)",41.08526796608102,True,3.914732033918977,1.0
23,Q-Learning,V1,"(91, 0)",58.37942000658714,True,18.31707777961327,1.0
23,Q-Learning,V2,"(59, 77)",37.20130731520962,True,10.798692684790382,1.0
23,Q-Learning,V3,"(96, 100)",45.847231772322445,True,2.1527682276775515,1.0
23,Q-Learning,V4,"(25, 62)",44.65790080318652,True,9.342099196813482,1.0
23,Q-Learning,V5,"(77, 3)",51.799193600829,True,12.200806399171,1.0
23,Q-Learning,V6,"(17, 46)",58.10263340389898,True,9.897366596101026,1.0
23,Q-Learning,V7,"(48, 3)",69.34471463342311,True,4.655285366576884,1.0
23,Q-Learning,V8,"(60, 65)",18.047993445694317,True,18.952006554305683,1.0
23,Q-Learning,V9,"(100, 91)",43.09487516204668,True,0.905124837953327,1.0
23,Q-Learning,V10,"(21, 49)",42.56723051915337,True,2.4327694808466305,1.0
24,Greedy,V1,"(98, 18)",57.683752836268894,True,18.01274494993152,1.0
24,Greedy,V2,"(19, 85)",41.038378558665094,True,5.961621441334906,1.0
24,Greedy,V3,"(71, 74)",42.232954731878145,True,4.767045268121855,1.0
24,Greedy,V4,"(24, 81)",31.448309471017595,True,21.551690528982405,1.0
24,Greedy,V5,"(15, 4)",59.69848519615616,True,3.301514803843837,1.0
24,Greedy,V6,"(23, 28)",58.76740981921955,True,8.232590180780452,1.0
24,Greedy,V7,"(68, 12)",65.87867965644035,True,7.121320343559642,1.0
24,Greedy,V8,"(4, 44)",25.711763390508523,True,10.288236609491477,1.0
24,Greedy,V9,"(85, 73)",42.14087342096225,True,0.8591265790377491,1.0
24,Greedy,V10,"(20, 66)",42.56723051915337,True,1.4327694808466305,1.0
24,Auction,V1,"(91, 0)",58.37942000658714,True,17.31707777961327,1.0
24,Auction,V2,"(100, 91)",37.463013629319114,True,9.536986370680886,1.0
24,Auction,V3,"(59, 77)",42.232954731878145,True,4.767045268121855,1.0
24,Auction,V4,"(60, 65)",36.868189597605195,True,16.131810402394805,1.0
24,Auction,V5,"(48, 3)",59.69848519615616,True,3.301514803843837,1.0
24,Auction,V6,"(21, 49)",65.8904976890271,True,1.1095023109728999,1.0
24,Auction,V7,"(77, 3)",65.87867965644035,True,7.121320343559642,1.0
24,Auction,V8,"(17, 46)",25.711763390508523,True,10.288236609491477,1.0
24,Auction,V9,"(96, 100)",42.14087342096225,True,0.8591265790377491,1.0
24,Auction,V10,"(25, 62)",41.08526796608102,True,2.914732033918977,1.0
24,Q-Learning,V1,"(91, 0)",58.37942000658714,True,17.31707777961327,1.0
24,Q-Learning,V2,"(59, 77)",37.20130731520962,True,9.798692684790382,1.0
24,Q-Learning,V3,"(96, 100)",45.847231772322445,True,1.1527682276775515,1.0
24,Q-Learning,V4,"(25, 62)",44.65790080318652,True,8.342099196813482,1.0
24,Q-Learning,V5,"(77, 3)",51.799193600829,True,11.200806399171,1.0
24,Q-Learning,V6,"(17, 46)",58.10263340389898,True,8.897366596101026,1.0
24,Q-Learning,V7,"(48, 3)",69.34471463342311,True,3.6552853665768836,1.0
24,Q-Learning,V8,"(60, 65)",18.047993445694317,True,17.952006554305683,1.0
24,Q-Learning,V9,"(88, 62)",8.864090219888269,True,34.23078494215841,1.0
24,Q-Learning,V10,"(21, 49)",42.56723051915337,True,1.4327694808466305,1.0
25,Greedy,V1,"(98, 18)",57.683752836268894,True,17.01274494993152,1.0
25,Greedy,V2,"(19, 85)",41.038378558665094,True,4.961621441334906,1.0
25,Greedy,V3,"(71, 74)",42.232954731878145,True,3.767045268121855,1.0
25,Greedy,V4,"(24, 81)",31.448309471017595,True,20.551690528982405,1.0
25,Greedy,V5,"(15, 4)",59.69848519615616,True,2.301514803843837,1.0
25,Greedy,V6,"(23, 28)",58.76740981921955,True,7.232590180780452,1.0
25,Greedy,V7,"(68, 12)",65.87867965644035,True,6.121320343559642,1.0
25,Greedy,V8,"(4, 44)",25.711763390508523,True,9.288236609491477,1.0
25,Greedy,V9,"(85, 73)",17.838500447278523,True,24.302372973683728,1.0
25,Greedy,V10,"(20, 66)",42.56723051915337,True,0.43276948084663047,1.0
25,Auction,V1,"(91, 0)",58.37942000658714,True,16.31707777961327,1.0
25,Auction,V2,"(100, 91)",37.463013629319114,True,8.536986370680886,1.0
25,Auction,V3,"(59, 77)",42.232954731878145,True,3.767045268121855,1.0
25,Auction,V4,"(60, 65)",36.868189597605195,True,15.131810402394805,1.0
25,Auction,V5,"(48, 3)",59.69848519615616,True,2.301514803843837,1.0
25,Auction,V6,"(21, 49)",65.8904976890271,True,0.10950231097289986,1.0
25,Auction,V7,"(77, 3)",65.87867965644035,True,6.121320343559642,1.0
25,Auction,V8,"(17, 46)",25.711763390508523,True,9.288236609491477,1.0
25,Auction,V9,"(88, 62)",6.668710807979721,True,35.47216261298253,1.0
25,Auction,V10,"(25, 62)",41.08526796608102,True,1.9147320339189768,1.0
25,Q-Learning,V1,"(91, 0)",58.37942000658714,True,16.31707777961327,1.0
25,Q-Learning,V2,"(59, 77)",37.20130731520962,True,8.798692684790382,1.0
25,Q-Learning,V3,"(96, 100)",45.847231772322445,True,0.1527682276775515,1.0
25,Q-Learning,V4,"(25, 62)",44.65790080318652,True,7.342099196813482,1.0
25,Q-Learning,V5,"(77, 3)",51.799193600829,True,10.200806399171,1.0
25,Q-Learning,V6,"(17, 46)",58.10263340389898,True,7.897366596101026,1.0
25,Q-Learning,V7,"(48, 3)",69.34471463342311,True,2.6552853665768836,1.0
25,Q-Learning,V8,"(60, 65)",18.047993445694317,True,16.952006554305683,1.0
25,Q-Learning,V9,"(88, 62)",8.864090219888269,True,33.23078494215841,1.0
25,Q-Learning,V10,"(21, 49)",42.56723051915337,True,0.43276948084663047,1.0
26,Greedy,V1,"(98, 18)",57.683752836268894,True,16.01274494993152,1.0
26,Greedy,V2,"(19, 85)",41.038378558665094,True,3.9616214413349056,1.0
26,Greedy,V3,"(71, 74)",42.232954731878145,True,2.767045268121855,1.0
26,Greedy,V4,"(24, 81)",31.448309471017595,True,19.551690528982405,1.0
26,Greedy,V5,"(15, 4)",59.69848519615616,True,1.3015148038438369,1.0
26,Greedy,V6,"(23, 28)",58.76740981921955,True,6.232590180780452,1.0
26,Greedy,V7,"(68, 12)",65.87867965644035,True,5.121320343559642,1.0
26,Greedy,V8,"(4, 44)",25.711763390508523,True,8.288236609491477,1.0
26,Greedy,V9,"(85, 73)",17.838500447278523,True,23.302372973683728,1.0
26,Greedy,V10,"(20, 66)",9.138659090581939,True,33.42857142857143,1.0
26,Auction,V1,"(91, 0)",58.37942000658714,True,15.317077779613271,1.0
26,Auction,V2,"(100, 91)",37.463013629319114,True,7.536986370680886,1.0
26,Auction,V3,"(59, 77)",42.232954731878145,True,2.767045268121855,1.0
26,Auction,V4,"(60, 65)",36.868189597605195,True,14.131810402394805,1.0
26,Auction,V5,"(48, 3)",59.69848519615616,True,1.3015148038438369,1.0
26,Auction,V6,"(43, 29)",44.9172839395634,True,20.973213749463703,1.0
26,Auction,V7,"(77, 3)",65.87867965644035,True,5.121320343559642,1.0
26,Auction,V8,"(17, 46)",25.711763390508523,True,8.288236609491477,1.0
26,Auction,V9,"(88, 62)",6.668710807979721,True,34.47216261298253,1.0
26,Auction,V10,"(25, 62)",41.08526796608102,True,0.9147320339189768,1.0
26,Q-Learning,V1,"(91, 0)",58.37942000658714,True,15.317077779613271,1.0
26,Q-Learning,V2,"(59, 77)",37.20130731520962,True,7.798692684790382,1.0
26,Q-Learning,V3,"(78, 85)",26.499981911219592,True,19.347249861102853,1.0
26,Q-Learning,V4,"(25, 62)",44.65790080318652,True,6.342099196813482,1.0
26,Q-Learning,V5,"(77, 3)",51.799193600829,True,9.200806399171,1.0
26,Q-Learning,V6,"(17, 46)",58.10263340389898,True,6.897366596101026,1.0
26,Q-Learning,V7,"(48, 3)",69.34471463342311,True,1.6552853665768836,1.0
26,Q-Learning,V8,"(60, 65)",18.047993445694317,True,15.952006554305683,1.0
26,Q-Learning,V9,"(88, 62)",8.864090219888269,True,32.23078494215841,1.0
26,Q-Learning,V10,"(43, 29)",20.319782305633797,True,22.247448213519572,1.0
27,Greedy,V1,"(98, 18)",57.683752836268894,True,15.01274494993152,1.0
27,Greedy,V2,"(19, 85)",41.038378558665094,True,2.9616214413349056,1.0
27,Greedy,V3,"(71, 74)",42.232954731878145,True,1.767045268121855,1.0
27,Greedy,V4,"(24, 81)",31.448309471017595,True,18.551690528982405,1.0
27,Greedy,V5,"(15, 4)",59.69848519615616,True,0.3015148038438369,1.0
27,Greedy,V6,"(23, 28)",58.76740981921955,True,5.232590180780452,1.0
27,Greedy,V7,"(68, 12)",65.87867965644035,True,4.121320343559642,1.0
27,Greedy,V8,"(4, 44)",25.711763390508523,True,7.288236609491477,1.0
27,Greedy,V9,"(85, 73)",17.838500447278523,True,22.302372973683728,1.0
27,Greedy,V10,"(20, 66)",9.138659090581939,True,32.42857142857143,1.0
27,Auction,V1,"(91, 0)",58.37942000658714,True,14.317077779613271,1.0
27,Auction,V2,"(100, 91)",37.463013629319114,True,6.536986370680886,1.0
27,Auction,V3,"(59, 77)",42.232954731878145,True,1.767045268121855,1.0
27,Auction,V4,"(60, 65)",36.868189597605195,True,13.131810402394805,1.0
27,Auction,V5,"(48, 3)",59.69848519615616,True,0.3015148038438369,1.0
27,Auction,V6,"(43, 29)",44.9172839395634,True,19.973213749463703,1.0
27,Auction,V7,"(77, 3)",65.87867965644035,True,4.121320343559642,1.0
27,Auction,V8,"(17, 46)",25.711763390508523,True,7.288236609491477,1.0
27,Auction,V9,"(88, 62)",6.668710807979721,True,33.47216261298253,1.0
27,Auction,V10,"(24, 83)",24.08186853156264,True,17.00339943451838,1.0
27,Q-Learning,V1,"(91, 0)",58.37942000658714,True,14.317077779613271,1.0
27,Q-Learning,V2,"(59, 77)",37.20130731520962,True,6.798692684790382,1.0
27,Q-Learning,V3,"(78, 85)",26.499981911219592,True,18.347249861102853,1.0
27,Q-Learning,V4,"(25, 62)",44.65790080318652,True,5.342099196813482,1.0
27,Q-Learning,V5,"(77, 3)",51.799193600829,True,8.200806399171,1.0
27,Q-Learning,V6,"(17, 46)",58.10263340389898,True,5.897366596101026,1.0
27,Q-Learning,V7,"(48, 3)",69.34471463342311,True,0.6552853665768836,1.0
27,Q-Learning,V8,"(60, 65)",18.047993445694317,True,14.952006554305683,1.0
27,Q-Learning,V9,"(88, 62)",8.864090219888269,True,31.230784942158408,1.0
27,Q-Learning,V10,"(43, 29)",20.319782305633797,True,21.247448213519572,1.0
28,Greedy,V1,"(98, 18)",57.683752836268894,True,14.01274494993152,1.0
28,Greedy,V2,"(19, 85)",41.038378558665094,True,1.9616214413349056,1.0
28,Greedy,V3,"(71, 74)",42.232954731878145,True,0.7670452681218549,1.0
28,Greedy,V4,"(24, 81)",31.448309471017595,True,17.551690528982405,1.0
28,Greedy,V5,"(15, 4)",32.77830374620274,True,26.920181449953425,1.0
28,Greedy,V6,"(23, 28)",58.76740981921955,True,4.232590180780452,1.0
28,Greedy,V7,"(68, 12)",65.87867965644035,True,3.121320343559642,1.0
28,Greedy,V8,"(4, 44)",25.711763390508523,True,6.288236609491477,1.0
28,Greedy,V9,"(85, 73)",17.838500447278523,True,21.302372973683728,1.0
28,Greedy,V10,"(20, 66)",9.138659090581939,True,31.42857142857143,1.0
28,Auction,V1,"(91, 0)",58.37942000658714,True,13.317077779613271,1.0
28,Auction,V2,"(100, 91)",37.463013629319114,True,5.536986370680886,1.0
28,Auction,V3,"(59, 77)",42.232954731878145,True,0.7670452681218549,1.0
28,Auction,V4,"(60, 65)",36.868189597605195,True,12.131810402394805,1.0
28,Auction,V5,"(46, 33)",32.69182592048158,True,27.006659275674583,1.0
28,Auction,V6,"(43, 29)",44.9172839395634,True,18.973213749463703,1.0
28,Auction,V7,"(77, 3)",65.87867965644035,True,3.121320343559642,1.0
28,Auction,V8,"(17, 46)",25.711763390508523,True,6.288236609491477,1.0
28,Auction,V9,"(88, 62)",6.668710807979721,True,32.47216261298253,1.0
28,Auction,V10,"(24, 83)",24.08186853156264,True,16.00339943451838,1.0
28,Q-Learning,V1,"(91, 0)",58.37942000658714,True,13.317077779613271,1.0
28,Q-Learning,V2,"(59, 77)",37.20130731520962,True,5.798692684790382,1.0
28,Q-Learning,V3,"(78, 85)",26.499981911219592,True,17.347249861102853,1.0
28,Q-Learning,V4,"(25, 62)",44.65790080318652,True,4.342099196813482,1.0
28,Q-Learning,V5,"(77, 3)",51.799193600829,True,7.200806399171,1.0
28,Q-Learning,V6,"(17, 46)",58.10263340389898,True,4.897366596101026,1.0
28,Q-Learning,V7,"(0, 18)",34.963187326303,True,34.38152730712011,1.0
28,Q-Learning,V8,"(60, 65)",18.047993445694317,True,13.952006554305683,1.0
28,Q-Learning,V9,"(88, 62)",8.864090219888269,True,30.230784942158408,1.0
28,Q-Learning,V10,"(43, 29)",20.319782305633797,True,20.247448213519572,1.0
29,Greedy,V1,"(98, 18)",57.683752836268894,True,13.01274494993152,1.0
29,Greedy,V2,"(19, 85)",41.038378558665094,True,0.9616214413349056,1.0
29,Greedy,V3,"(71, 74)",11.372836329853591,True,30.860118402024554,1.0
29,Greedy,V4,"(24, 81)",31.448309471017595,True,16.551690528982405,1.0
29,Greedy,V5,"(15, 4)",32.77830374620274,True,25.920181449953425,1.0
29,Greedy,V6,"(23, 28)",58.76740981921955,True,3.232590180780452,1.0
29,Greedy,V7,"(68, 12)",65.87867965644035,True,2.121320343559642,1.0
29,Greedy,V8,"(4, 44)",25.711763390508523,True,5.288236609491477,1.0
29,Greedy,V9,"(85, 73)",17.838500447278523,True,20.302372973683728,1.0
29,Greedy,V10,"(20, 66)",9.138659090581939,True,30.42857142857143,1.0
29,Auction,V1,"(91, 0)",58.37942000658714,True,12.317077779613271,1.0
29,Auction,V2,"(100, 91)",37.463013629319114,True,4.536986370680886,1.0
29,Auction,V3,"(40, 100)",20.97111647754206,True,21.261838254336084,1.0
29,Auction,V4,"(60, 65)",36.868189597605195,True,11.131810402394805,1.0
29,Auction,V5,"(46, 33)",32.69182592048158,True,26.006659275674583,1.0
29,Auction,V6,"(43, 29)",44.9172839395634,True,17.973213749463703,1.0
29,Auction,V7,"(77, 3)",65.87867965644035,True,2.121320343559642,1.0
29,Auction,V8,"(17, 46)",25.711763390508523,True,5.288236609491477,1.0
29,Auction,V9,"(88, 62)",6.668710807979721,True,31.47216261298253,1.0
29,Auction,V10,"(24, 83)",24.08186853156264,True,15.003399434518379,1.0
29,Q-Learning,V1,"(91, 0)",58.37942000658714,True,12.317077779613271,1.0
29,Q-Learning,V2,"(59, 77)",37.20130731520962,True,4.798692684790382,1.0
29,Q-Learning,V3,"(78, 85)",26.499981911219592,True,16.347249861102853,1.0
29,Q-Learning,V4,"(25, 62)",44.65790080318652,True,3.342099196813482,1.0
29,Q-Learning,V5,"(77, 3)",51.799193600829,True,6.200806399171,1.0
29,Q-Learning,V6,"(17, 46)",58.10263340389898,True,3.897366596101026,1.0
29,Q-Learning,V7,"(0, 18)",34.963187326303,True,33.38152730712011,1.0
29,Q-Learning,V8,"(60, 65)",18.047993445694317,True,12.952006554305683,1.0
29,Q-Learning,V9,"(88, 62)",8.864090219888269,True,29.230784942158408,1.0
29,Q-Learning,V10,"(43, 29)",20.319782305633797,True,19.247448213519572,1.0
30,Greedy,V1,"(98, 18)",57.683752836268894,True,12.01274494993152,1.0
30,Greedy,V2,"(19, 85)",13.38734835288479,True,27.651030205780305,1.0
30,Greedy,V3,"(71, 74)",11.372836329853591,True,29.860118402024554,1.0
30,Greedy,V4,"(24, 81)",31.448309471017595,True,15.551690528982405,1.0
30,Greedy,V5,"(15, 4)",32.77830374620274,True,24.920181449953425,1.0
30,Greedy,V6,"(23, 28)",58.76740981921955,True,2.232590180780452,1.0
30,Greedy,V7,"(68, 12)",65.87867965644035,True,1.121320343559642,1.0
30,Greedy,V8,"(4, 44)",25.711763390508523,True,4.288236609491477,1.0
30,Greedy,V9,"(85, 73)",17.838500447278523,True,19.302372973683728,1.0
30,Greedy,V10,"(20, 66)",9.138659090581939,True,29.42857142857143,1.0
30,Auction,V1,"(91, 0)",58.37942000658714,True,11.317077779613271,1.0
30,Auction,V2,"(100, 91)",37.463013629319114,True,3.5369863706808857,1.0
30,Auction,V3,"(40, 100)",20.97111647754206,True,20.261838254336084,1.0
30,Auction,V4,"(60, 65)",36.868189597605195,True,10.131810402394805,1.0
30,Auction,V5,"(46, 33)",32.69182592048158,True,25.006659275674583,1.0
30,Auction,V6,"(43, 29)",44.9172839395634,True,16.973213749463703,1.0
30,Auction,V7,"(77, 3)",65.87867965644035,True,1.121320343559642,1.0
30,Auction,V8,"(17, 46)",25.711763390508523,True,4.288236609491477,1.0
30,Auction,V9,"(88, 62)",6.668710807979721,True,30.47216261298253,1.0
30,Auction,V10,"(24, 83)",24.08186853156264,True,14.003399434518379,1.0
30,Q-Learning,V1,"(91, 0)",58.37942000658714,True,11.317077779613271,1.0
30,Q-Learning,V2,"(59, 77)",37.20130731520962,True,3.7986926847903817,1.0
30,Q-Learning,V3,"(78, 85)",26.499981911219592,True,15.347249861102853,1.0
30,Q-Learning,V4,"(25, 62)",44.65790080318652,True,2.342099196813482,1.0
30,Q-Learning,V5,"(77, 3)",51.799193600829,True,5.200806399171,1.0
30,Q-Learning,V6,"(17, 46)",58.10263340389898,True,2.897366596101026,1.0
30,Q-Learning,V7,"(0, 18)",34.963187326303,True,32.38152730712011,1.0
30,Q-Learning,V8,"(60, 65)",18.047993445694317,True,11.952006554305683,1.0
30,Q-Learning,V9,"(88, 62)",8.864090219888269,True,28.230784942158408,1.0
30,Q-Learning,V10,"(43, 29)",20.319782305633797,True,18.247448213519572,1.0
31,Greedy,V1,"(98, 18)",57.683752836268894,True,11.01274494993152,1.0
31,Greedy,V2,"(19, 85)",13.38734835288479,True,26.651030205780305,1.0
31,Greedy,V3,"(71, 74)",11.372836329853591,True,28.860118402024554,1.0
31,Greedy,V4,"(24, 81)",31.448309471017595,True,14.551690528982405,1.0
31,Greedy,V5,"(15, 4)",32.77830374620274,True,23.920181449953425,1.0
31,Greedy,V6,"(23, 28)",58.76740981921955,True,1.232590180780452,1.0
31,Greedy,V7,"(68, 12)",65.87867965644035,True,0.12132034355964194,1.0
31,Greedy,V8,"(4, 44)",25.711763390508523,True,3.2882366094914772,1.0
31,Greedy,V9,"(85, 73)",17.838500447278523,True,18.302372973683728,1.0
31,Greedy,V10,"(20, 66)",9.138659090581939,True,28.42857142857143,1.0
31,Auction,V1,"(91, 0)",58.37942000658714,True,10.317077779613271,1.0
31,Auction,V2,"(100, 91)",37.463013629319114,True,2.5369863706808857,1.0
31,Auction,V3,"(40, 100)",20.97111647754206,True,19.261838254336084,1.0
31,Auction,V4,"(60, 65)",36.868189597605195,True,9.131810402394805,1.0
31,Auction,V5,"(46, 33)",32.69182592048158,True,24.006659275674583,1.0
31,Auction,V6,"(43, 29)",44.9172839395634,True,15.973213749463703,1.0
31,Auction,V7,"(77, 3)",65.87867965644035,True,0.12132034355964194,1.0
31,Auction,V8,"(17, 46)",25.711763390508523,True,3.2882366094914772,1.0
31,Auction,V9,"(88, 62)",6.668710807979721,True,29.47216261298253,1.0
31,Auction,V10,"(24, 83)",24.08186853156264,True,13.003399434518379,1.0
31,Q-Learning,V1,"(91, 0)",58.37942000658714,True,10.317077779613271,1.0
31,Q-Learning,V2,"(59, 77)",37.20130731520962,True,2.7986926847903817,1.0
31,Q-Learning,V3,"(78, 85)",26.499981911219592,True,14.347249861102853,1.0
31,Q-Learning,V4,"(25, 62)",44.65790080318652,True,1.342099196813482,1.0
31,Q-Learning,V5,"(77, 3)",51.799193600829,True,4.200806399171,1.0
31,Q-Learning,V6,"(17, 46)",58.10263340389898,True,1.8973665961010262,1.0
31,Q-Learning,V7,"(0, 18)",34.963187326303,True,31.38152730712011,1.0
31,Q-Learning,V8,"(60, 65)",18.047993445694317,True,10.952006554305683,1.0
31,Q-Learning,V9,"(88, 62)",8.864090219888269,True,27.230784942158408,1.0
31,Q-Learning,V10,"(43, 29)",20.319782305633797,True,17.247448213519572,1.0
32,Greedy,V1,"(98, 18)",57.683752836268894,True,10.01274494993152,1.0
32,Greedy,V2,"(19, 85)",13.38734835288479,True,25.651030205780305,1.0
32,Greedy,V3,"(71, 74)",11.372836329853591,True,27.860118402024554,1.0
32,Greedy,V4,"(24, 81)",31.448309471017595,True,13.551690528982405,1.0
32,Greedy,V5,"(15, 4)",32.77830374620274,True,22.920181449953425,1.0
32,Greedy,V6,"(23, 28)",58.76740981921955,True,0.23259018078045202,1.0
32,Greedy,V7,"(68, 12)",37.55497239941607,True,28.32370725702428,1.0
32,Greedy,V8,"(4, 44)",25.711763390508523,True,2.2882366094914772,1.0
32,Greedy,V9,"(85, 73)",17.838500447278523,True,17.302372973683728,1.0
32,Greedy,V10,"(20, 66)",9.138659090581939,True,27.42857142857143,1.0
32,Auction,V1,"(91, 0)",58.37942000658714,True,9.317077779613271,1.0
32,Auction,V2,"(100, 91)",37.463013629319114,True,1.5369863706808857,1.0
32,Auction,V3,"(40, 100)",20.97111647754206,True,18.261838254336084,1.0
32,Auction,V4,"(60, 65)",36.868189597605195,True,8.131810402394805,1.0
32,Auction,V5,"(46, 33)",32.69182592048158,True,23.006659275674583,1.0
32,Auction,V6,"(43, 29)",44.9172839395634,True,14.973213749463703,1.0
32,Auction,V7,"(0, 18)",26.8041072181369,True,39.074572438303456,1.0
32,Auction,V8,"(17, 46)",25.711763390508523,True,2.2882366094914772,1.0
32,Auction,V9,"(88, 62)",6.668710807979721,True,28.47216261298253,1.0
32,Auction,V10,"(24, 83)",24.08186853156264,True,12.003399434518379,1.0
32,Q-Learning,V1,"(91, 0)",58.37942000658714,True,9.317077779613271,1.0
32,Q-Learning,V2,"(59, 77)",37.20130731520962,True,1.7986926847903817,1.0
32,Q-Learning,V3,"(78, 85)",26.499981911219592,True,13.347249861102853,1.0
32,Q-Learning,V4,"(25, 62)",44.65790080318652,True,0.3420991968134821,1.0
32,Q-Learning,V5,"(77, 3)",51.799193600829,True,3.2008063991710003,1.0
32,Q-Learning,V6,"(17, 46)",58.10263340389898,True,0.8973665961010262,1.0
32,Q-Learning,V7,"(0, 18)",34.963187326303,True,30.38152730712011,1.0
32,Q-Learning,V8,"(60, 65)",18.047993445694317,True,9.952006554305683,1.0
32,Q-Learning,V9,"(88, 62)",8.864090219888269,True,26.230784942158408,1.0
32,Q-Learning,V10,"(43, 29)",20.319782305633797,True,16.247448213519572,1.0
33,Greedy,V1,"(98, 18)",57.683752836268894,True,9.01274494993152,1.0
33,Greedy,V2,"(19, 85)",13.38734835288479,True,24.651030205780305,1.0
33,Greedy,V3,"(71, 74)",11.372836329853591,True,26.860118402024554,1.0
33,Greedy,V4,"(24, 81)",31.448309471017595,True,12.551690528982405,1.0
33,Greedy,V5,"(15, 4)",32.77830374620274,True,21.920181449953425,1.0
33,Greedy,V6,"(23, 28)",22.43187984518223,True,36.33552997403732,1.0
33,Greedy,V7,"(68, 12)",37.55497239941607,True,27.32370725702428,1.0
33,Greedy,V8,"(4, 44)",25.711763390508523,True,1.2882366094914772,1.0
33,Greedy,V9,"(85, 73)",17.838500447278523,True,16.302372973683728,1.0
33,Greedy,V10,"(20, 66)",9.138659090581939,True,26.42857142857143,1.0
33,Auction,V1,"(91, 0)",58.37942000658714,True,8.317077779613271,1.0
33,Auction,V2,"(100, 91)",37.463013629319114,True,0.5369863706808857,1.0
33,Auction,V3,"(40, 100)",20.97111647754206,True,17.261838254336084,1.0
33,Auction,V4,"(60, 65)",36.868189597605195,True,7.131810402394805,1.0
33,Auction,V5,"(46, 33)",32.69182592048158,True,22.006659275674583,1.0
33,Auction,V6,"(43, 29)",44.9172839395634,True,13.973213749463703,1.0
33,Auction,V7,"(0, 18)",26.8041072181369,True,38.074572438303456,1.0
33,Auction,V8,"(17, 46)",25.711763390508523,True,1.2882366094914772,1.0
33,Auction,V9,"(88, 62)",6.668710807979721,True,27.47216261298253,1.0
33,Auction,V10,"(24, 83)",24.08186853156264,True,11.003399434518379,1.0
33,Q-Learning,V1,"(91, 0)",58.37942000658714,True,8.317077779613271,1.0
33,Q-Learning,V2,"(59, 77)",37.20130731520962,True,0.7986926847903817,1.0
33,Q-Learning,V3,"(78, 85)",26.499981911219592,True,12.347249861102853,1.0
33,Q-Learning,V4,"(40, 100)",14.04010199264286,True,30.61779881054366,1.0
33,Q-Learning,V5,"(77, 3)",51.799193600829,True,2.2008063991710003,1.0
33,Q-Learning,V6,"(24, 83)",40.33699932714643,True,17.765634076752548,1.0
33,Q-Learning,V7,"(0, 18)",34.963187326303,True,29.38152730712011,1.0
33,Q-Learning,V8,"(60, 65)",18.047993445694317,True,8.952006554305683,1.0
33,Q-Learning,V9,"(88, 62)",8.864090219888269,True,25.230784942158408,1.0
33,Q-Learning,V10,"(43, 29)",20.319782305633797,True,15.247448213519572,1.0
34,Greedy,V1,"(98, 18)",57.683752836268894,True,8.01274494993152,1.0
34,Greedy,V2,"(19, 85)",13.38734835288479,True,23.651030205780305,1.0
34,Greedy,V3,"(71, 74)",11.372836329853591,True,25.860118402024554,1.0
34,Greedy,V4,"(24, 81)",31.448309471017595,True,11.551690528982405,1.0
34,Greedy,V5,"(15, 4)",32.77830374620274,True,20.920181449953425,1.0
34,Greedy,V6,"(23, 28)",22.43187984518223,True,35.33552997403732,1.0
34,Greedy,V7,"(68, 12)",37.55497239941607,True,26.32370725702428,1.0
34,Greedy,V8,"(4, 44)",25.711763390508523,True,0.2882366094914772,1.0
34,Greedy,V9,"(85, 73)",17.838500447278523,True,15.302372973683728,1.0
34,Greedy,V10,"(20, 66)",9.138659090581939,True,25.42857142857143,1.0
34,Auction,V1,"(91, 0)",58.37942000658714,True,7.317077779613271,1.0
34,Auction,V2,"(79, 63)",14.629680295985782,True,22.833333333333332,1.0
34,Auction,V3,"(40, 100)",20.97111647754206,True,16.261838254336084,1.0
34,Auction,V4,"(60, 65)",36.868189597605195,True,6.131810402394805,1.0
34,Auction,V5,"(46, 33)",32.69182592048158,True,21.006659275674583,1.0
34,Auction,V6,"(43, 29)",44.9172839395634,True,12.973213749463703,1.0
34,Auction,V7,"(0, 18)",26.8041072181369,True,37.074572438303456,1.0
34,Auction,V8,"(17, 46)",25.711763390508523,True,0.2882366094914772,1.0
34,Auction,V9,"(88, 62)",6.668710807979721,True,26.47216261298253,1.0
34,Auction,V10,"(24, 83)",24.08186853156264,True,10.003399434518379,1.0
34,Q-Learning,V1,"(91, 0)",58.37942000658714,True,7.317077779613271,1.0
34,Q-Learning,V2,"(46, 33)",5.554594150573312,True,31.646713164636306,1.0
34,Q-Learning,V3,"(78, 85)",26.499981911219592,True,11.347249861102853,1.0
34,Q-Learning,V4,"(40, 100)",14.04010199264286,True,29.61779881054366,1.0
34,Q-Learning,V5,"(77, 3)",51.799193600829,True,1.2008063991710003,1.0
34,Q-Learning,V6,"(24, 83)",40.33699932714643,True,16.765634076752548,1.0
34,Q-Learning,V7,"(0, 18)",34.963187326303,True,28.38152730712011,1.0
34,Q-Learning,V8,"(60, 65)",18.047993445694317,True,7.952006554305683,1.0
34,Q-Learning,V9,"(88, 62)",8.864090219888269,True,24.230784942158408,1.0
34,Q-Learning,V10,"(43, 29)",20.319782305633797,True,14.247448213519572,1.0
35,Greedy,V1,"(98, 18)",57.683752836268894,True,7.01274494993152,1.0
35,Greedy,V2,"(19, 85)",13.38734835288479,True,22.651030205780305,1.0
35,Greedy,V3,"(71, 74)",11.372836329853591,True,24.860118402024554,1.0
35,Greedy,V4,"(24, 81)",31.448309471017595,True,10.551690528982405,1.0
35,Greedy,V5,"(15, 4)",32.77830374620274,True,19.920181449953425,1.0
35,Greedy,V6,"(23, 28)",22.43187984518223,True,34.33552997403732,1.0
35,Greedy,V7,"(68, 12)",37.55497239941607,True,25.32370725702428,1.0
35,Greedy,V8,"(4, 44)",25.711763390508523,False,0.0,1.0
35,Greedy,V9,"(85, 73)",17.838500447278523,True,14.302372973683728,1.0
35,Greedy,V10,"(20, 66)",9.138659090581939,True,24.42857142857143,1.0
35,Auction,V1,"(91, 0)",58.37942000658714,True,6.317077779613271,1.0
35,Auction,V2,"(79, 63)",14.629680295985782,True,21.833333333333332,1.0
35,Auction,V3,"(40, 100)",20.97111647754206,True,15.261838254336084,1.0
35,Auction,V4,"(60, 65)",36.868189597605195,True,5.131810402394805,1.0
35,Auction,V5,"(46, 33)",32.69182592048158,True,20.006659275674583,1.0
35,Auction,V6,"(43, 29)",44.9172839395634,True,11.973213749463703,1.0
35,Auction,V7,"(0, 18)",26.8041072181369,True,36.074572438303456,1.0
35,Auction,V8,"(36, 3)",0.9591041169653636,True,24.75265927354316,1.0
35,Auction,V9,"(88, 62)",6.668710807979721,True,25.47216261298253,1.0
35,Auction,V10,"(24, 83)",24.08186853156264,True,9.003399434518379,1.0
35,Q-Learning,V1,"(91, 0)",58.37942000658714,True,6.317077779613271,1.0
35,Q-Learning,V2,"(46, 33)",5.554594150573312,True,30.646713164636306,1.0
35,Q-Learning,V3,"(78, 85)",26.499981911219592,True,10.347249861102853,1.0
35,Q-Learning,V4,"(40, 100)",14.04010199264286,True,28.61779881054366,1.0
35,Q-Learning,V5,"(77, 3)",51.799193600829,True,0.2008063991710003,1.0
35,Q-Learning,V6,"(24, 83)",40.33699932714643,True,15.765634076752548,1.0
35,Q-Learning,V7,"(0, 18)",34.963187326303,True,27.38152730712011,1.0
35,Q-Learning,V8,"(60, 65)",18.047993445694317,True,6.952006554305683,1.0
35,Q-Learning,V9,"(88, 62)",8.864090219888269,True,23.230784942158408,1.0
35,Q-Learning,V10,"(43, 29)",20.319782305633797,True,13.247448213519572,1.0
36,Greedy,V1,"(98, 18)",57.683752836268894,True,6.01274494993152,1.0
36,Greedy,V2,"(19, 85)",13.38734835288479,True,21.651030205780305,1.0
36,Greedy,V3,"(71, 74)",11.372836329853591,True,23.860118402024554,1.0
36,Greedy,V4,"(24, 81)",31.448309471017595,True,9.551690528982405,1.0
36,Greedy,V5,"(15, 4)",32.77830374620274,True,18.920181449953425,1.0
36,Greedy,V6,"(23, 28)",22.43187984518223,True,33.33552997403732,1.0
36,Greedy,V7,"(68, 12)",37.55497239941607,True,24.32370725702428,1.0
36,Greedy,V8,"(4, 44)",25.711763390508523,False,0.0,2.0
36,Greedy,V9,"(85, 73)",17.838500447278523,True,13.302372973683728,1.0
36,Greedy,V10,"(20, 66)",9.138659090581939,True,23.42857142857143,1.0
36,Auction,V1,"(91, 0)",58.37942000658714,True,5.317077779613271,1.0
36,Auction,V2,"(79, 63)",14.629680295985782,True,20.833333333333332,1.0
36,Auction,V3,"(40, 100)",20.97111647754206,True,14.261838254336084,1.0
36,Auction,V4,"(60, 65)",36.868189597605195,True,4.131810402394805,1.0
36,Auction,V5,"(46, 33)",32.69182592048158,True,19.006659275674583,1.0
36,Auction,V6,"(43, 29)",44.9172839395634,True,10.973213749463703,1.0
36,Auction,V7,"(0, 18)",26.8041072181369,True,35.074572438303456,1.0
36,Auction,V8,"(36, 3)",0.9591041169653636,True,23.75265927354316,1.0
36,Auction,V9,"(88, 62)",6.668710807979721,True,24.47216261298253,1.0
36,Auction,V10,"(24, 83)",24.08186853156264,True,8.003399434518379,1.0
36,Q-Learning,V1,"(91, 0)",58.37942000658714,True,5.317077779613271,1.0
36,Q-Learning,V2,"(46, 33)",5.554594150573312,True,29.646713164636306,1.0
36,Q-Learning,V3,"(78, 85)",26.499981911219592,True,9.347249861102853,1.0
36,Q-Learning,V4,"(40, 100)",14.04010199264286,True,27.61779881054366,1.0
36,Q-Learning,V5,"(79, 63)",28.795861192907545,True,23.003332407921455,1.0
36,Q-Learning,V6,"(24, 83)",40.33699932714643,True,14.765634076752548,1.0
36,Q-Learning,V7,"(0, 18)",34.963187326303,True,26.38152730712011,1.0
36,Q-Learning,V8,"(60, 65)",18.047993445694317,True,5.952006554305683,1.0
36,Q-Learning,V9,"(88, 62)",8.864090219888269,True,22.230784942158408,1.0
36,Q-Learning,V10,"(43, 29)",20.319782305633797,True,12.247448213519572,1.0
37,Greedy,V1,"(98, 18)",57.683752836268894,True,5.01274494993152,1.0
37,Greedy,V2,"(19, 85)",13.38734835288479,True,20.651030205780305,1.0
37,Greedy,V3,"(71, 74)",11.372836329853591,True,22.860118402024554,1.0
37,Greedy,V4,"(24, 81)",31.448309471017595,True,8.551690528982405,1.0
37,Greedy,V5,"(15, 4)",32.77830374620274,True,17.920181449953425,1.0
37,Greedy,V6,"(23, 28)",22.43187984518223,True,32.33552997403732,1.0
37,Greedy,V7,"(68, 12)",37.55497239941607,True,23.32370725702428,1.0
37,Greedy,V8,"(4, 44)",25.711763390508523,False,0.0,3.0
37,Greedy,V9,"(85, 73)",17.838500447278523,True,12.302372973683728,1.0
37,Greedy,V10,"(20, 66)",9.138659090581939,True,22.42857142857143,1.0
37,Auction,V1,"(91, 0)",58.37942000658714,True,4.317077779613271,1.0
37,Auction,V2,"(79, 63)",14.629680295985782,True,19.833333333333332,1.0
37,Auction,V3,"(40, 100)",20.97111647754206,True,13.261838254336084,1.0
37,Auction,V4,"(60, 65)",36.868189597605195,True,3.1318104023948052,1.0
37,Auction,V5,"(46, 33)",32.69182592048158,True,18.006659275674583,1.0
37,Auction,V6,"(43, 29)",44.9172839395634,True,9.973213749463703,1.0
37,Auction,V7,"(0, 18)",26.8041072181369,True,34.074572438303456,1.0
37,Auction,V8,"(36, 3)",0.9591041169653636,True,22.75265927354316,1.0
37,Auction,V9,"(88, 62)",6.668710807979721,True,23.47216261298253,1.0
37,Auction,V10,"(24, 83)",24.08186853156264,True,7.0033994345183785,1.0
37,Q-Learning,V1,"(91, 0)",58.37942000658714,True,4.317077779613271,1.0
37,Q-Learning,V2,"(46, 33)",5.554594150573312,True,28.646713164636306,1.0
37,Q-Learning,V3,"(78, 85)",26.499981911219592,True,8.347249861102853,1.0
37,Q-Learning,V4,"(40, 100)",14.04010199264286,True,26.61779881054366,1.0
37,Q-Learning,V5,"(79, 63)",28.795861192907545,True,22.003332407921455,1.0
37,Q-Learning,V6,"(24, 83)",40.33699932714643,True,13.765634076752548,1.0
37,Q-Learning,V7,"(0, 18)",34.963187326303,True,25.38152730712011,1.0
37,Q-Learning,V8,"(60, 65)",18.047993445694317,True,4.952006554305683,1.0
37,Q-Learning,V9,"(88, 62)",8.864090219888269,True,21.230784942158408,1.0
37,Q-Learning,V10,"(43, 29)",20.319782305633797,True,11.247448213519572,1.0
38,Greedy,V1,"(98, 18)",57.683752836268894,True,4.01274494993152,1.0
38,Greedy,V2,"(19, 85)",13.38734835288479,True,19.651030205780305,1.0
38,Greedy,V3,"(71, 74)",11.372836329853591,True,21.860118402024554,1.0
38,Greedy,V4,"(24, 81)",31.448309471017595,True,7.551690528982405,1.0
38,Greedy,V5,"(15, 4)",32.77830374620274,True,16.920181449953425,1.0
38,Greedy,V6,"(23, 28)",22.43187984518223,True,31.33552997403732,1.0
38,Greedy,V7,"(68, 12)",37.55497239941607,True,22.32370725702428,1.0
38,Greedy,V8,"(4, 44)",25.711763390508523,False,0.0,4.0
38,Greedy,V9,"(85, 73)",17.838500447278523,True,11.302372973683728,1.0
38,Greedy,V10,"(20, 66)",9.138659090581939,True,21.42857142857143,1.0
38,Auction,V1,"(91, 0)",58.37942000658714,True,3.317077779613271,1.0
38,Auction,V2,"(79, 63)",14.629680295985782,True,18.833333333333332,1.0
38,Auction,V3,"(40, 100)",20.97111647754206,True,12.261838254336084,1.0
38,Auction,V4,"(60, 65)",36.868189597605195,True,2.1318104023948052,1.0
38,Auction,V5,"(46, 33)",32.69182592048158,True,17.006659275674583,1.0
38,Auction,V6,"(43, 29)",44.9172839395634,True,8.973213749463703,1.0
38,Auction,V7,"(0, 18)",26.8041072181369,True,33.074572438303456,1.0
38,Auction,V8,"(36, 3)",0.9591041169653636,True,21.75265927354316,1.0
38,Auction,V9,"(88, 62)",6.668710807979721,True,22.47216261298253,1.0
38,Auction,V10,"(24, 83)",24.08186853156264,True,6.0033994345183785,1.0
38,Q-Learning,V1,"(91, 0)",58.37942000658714,True,3.317077779613271,1.0
38,Q-Learning,V2,"(46, 33)",5.554594150573312,True,27.646713164636306,1.0
38,Q-Learning,V3,"(78, 85)",26.499981911219592,True,7.347249861102853,1.0
38,Q-Learning,V4,"(40, 100)",14.04010199264286,True,25.61779881054366,1.0
38,Q-Learning,V5,"(79, 63)",28.795861192907545,True,21.003332407921455,1.0
38,Q-Learning,V6,"(24, 83)",40.33699932714643,True,12.765634076752548,1.0
38,Q-Learning,V7,"(0, 18)",34.963187326303,True,24.38152730712011,1.0
38,Q-Learning,V8,"(60, 65)",18.047993445694317,True,3.952006554305683,1.0
38,Q-Learning,V9,"(88, 62)",8.864090219888269,True,20.230784942158408,1.0
38,Q-Learning,V10,"(43, 29)",20.319782305633797,True,10.247448213519572,1.0
39,Greedy,V1,"(98, 18)",57.683752836268894,True,3.0127449499315198,1.0
39,Greedy,V2,"(19, 85)",13.38734835288479,True,18.651030205780305,1.0
39,Greedy,V3,"(71, 74)",11.372836329853591,True,20.860118402024554,1.0
39,Greedy,V4,"(24, 81)",31.448309471017595,True,6.551690528982405,1.0
39,Greedy,V5,"(15, 4)",32.77830374620274,True,15.920181449953425,1.0
39,Greedy,V6,"(23, 28)",22.43187984518223,True,30.33552997403732,1.0
39,Greedy,V7,"(68, 12)",37.55497239941607,True,21.32370725702428,1.0
39,Greedy,V8,"(4, 44)",25.711763390508523,False,0.0,5.0
39,Greedy,V9,"(85, 73)",17.838500447278523,True,10.302372973683728,1.0
39,Greedy,V10,"(20, 66)",9.138659090581939,True,20.42857142857143,1.0
39,Auction,V1,"(91, 0)",58.37942000658714,True,2.317077779613271,1.0
39,Auction,V2,"(79, 63)",14.629680295985782,True,17.833333333333332,1.0
39,Auction,V3,"(40, 100)",20.97111647754206,True,11.261838254336084,1.0
39,Auction,V4,"(60, 65)",36.868189597605195,True,1.1318104023948052,1.0
39,Auction,V5,"(46, 33)",32.69182592048158,True,16.006659275674583,1.0
39,Auction,V6,"(43, 29)",44.9172839395634,True,7.973213749463703,1.0
39,Auction,V7,"(0, 18)",26.8041072181369,True,32.074572438303456,1.0
39,Auction,V8,"(36, 3)",0.9591041169653636,True,20.75265927354316,1.0
39,Auction,V9,"(88, 62)",6.668710807979721,True,21.47216261298253,1.0
39,Auction,V10,"(24, 83)",24.08186853156264,True,5.0033994345183785,1.0
39,Q-Learning,V1,"(91, 0)",58.37942000658714,True,2.317077779613271,1.0
39,Q-Learning,V2,"(46, 33)",5.554594150573312,True,26.646713164636306,1.0
39,Q-Learning,V3,"(78, 85)",26.499981911219592,True,6.347249861102853,1.0
39,Q-Learning,V4,"(40, 100)",14.04010199264286,True,24.61779881054366,1.0
39,Q-Learning,V5,"(79, 63)",28.795861192907545,True,20.003332407921455,1.0
39,Q-Learning,V6,"(24, 83)",40.33699932714643,True,11.765634076752548,1.0
39,Q-Learning,V7,"(0, 18)",34.963187326303,True,23.38152730712011,1.0
39,Q-Learning,V8,"(60, 65)",18.047993445694317,True,2.952006554305683,1.0
39,Q-Learning,V9,"(88, 62)",8.864090219888269,True,19.230784942158408,1.0
39,Q-Learning,V10,"(43, 29)",20.319782305633797,True,9.247448213519572,1.0
40,Greedy,V1,"(98, 18)",57.683752836268894,True,2.0127449499315198,1.0
40,Greedy,V2,"(19, 85)",13.38734835288479,True,17.651030205780305,1.0
40,Greedy,V3,"(71, 74)",11.372836329853591,True,19.860118402024554,1.0
40,Greedy,V4,"(24, 81)",31.448309471017595,True,5.551690528982405,1.0
40,Greedy,V5,"(15, 4)",32.77830374620274,True,14.920181449953425,1.0
40,Greedy,V6,"(23, 28)",22.43187984518223,True,29.33552997403732,1.0
40,Greedy,V7,"(68, 12)",37.55497239941607,True,20.32370725702428,1.0
40,Greedy,V8,"(4, 44)",25.711763390508523,False,0.0,6.0
40,Greedy,V9,"(85, 73)",17.838500447278523,True,9.302372973683728,1.0
40,Greedy,V10,"(20, 66)",9.138659090581939,True,19.42857142857143,1.0
40,Auction,V1,"(91, 0)",58.37942000658714,True,1.317077779613271,1.0
40,Auction,V2,"(79, 63)",14.629680295985782,True,16.833333333333332,1.0
40,Auction,V3,"(40, 100)",20.97111647754206,True,10.261838254336084,1.0
40,Auction,V4,"(60, 65)",36.868189597605195,True,0.13181040239480524,1.0
40,Auction,V5,"(46, 33)",32.69182592048158,True,15.006659275674583,1.0
40,Auction,V6,"(43, 29)",44.9172839395634,True,6.973213749463703,1.0
40,Auction,V7,"(0, 18)",26.8041072181369,True,31.074572438303456,1.0
40,Auction,V8,"(36, 3)",0.9591041169653636,True,19.75265927354316,1.0
40,Auction,V9,"(88, 62)",6.668710807979721,True,20.47216261298253,1.0
40,Auction,V10,"(24, 83)",24.08186853156264,True,4.0033994345183785,1.0
40,Q-Learning,V1,"(91, 0)",58.37942000658714,True,1.317077779613271,1.0
40,Q-Learning,V2,"(46, 33)",5.554594150573312,True,25.646713164636306,1.0
40,Q-Learning,V3,"(78, 85)",26.499981911219592,True,5.347249861102853,1.0
40,Q-Learning,V4,"(40, 100)",14.04010199264286,True,23.61779881054366,1.0
40,Q-Learning,V5,"(79, 63)",28.795861192907545,True,19.003332407921455,1.0
40,Q-Learning,V6,"(24, 83)",40.33699932714643,True,10.765634076752548,1.0
40,Q-Learning,V7,"(0, 18)",34.963187326303,True,22.38152730712011,1.0
40,Q-Learning,V8,"(60, 65)",18.047993445694317,True,1.952006554305683,1.0
40,Q-Learning,V9,"(88, 62)",8.864090219888269,True,18.230784942158408,1.0
40,Q-Learning,V10,"(43, 29)",20.319782305633797,True,8.247448213519572,1.0
41,Greedy,V1,"(98, 18)",57.683752836268894,True,1.0127449499315198,1.0
41,Greedy,V2,"(19, 85)",13.38734835288479,True,16.651030205780305,1.0
41,Greedy,V3,"(71, 74)",11.372836329853591,True,18.860118402024554,1.0
41,Greedy,V4,"(24, 81)",31.448309471017595,True,4.551690528982405,1.0
41,Greedy,V5,"(15, 4)",32.77830374620274,True,13.920181449953425,1.0
41,Greedy,V6,"(23, 28)",22.43187984518223,True,28.33552997403732,1.0
41,Greedy,V7,"(68, 12)",37.55497239941607,True,19.32370725702428,1.0
41,Greedy,V8,"(4, 44)",25.711763390508523,False,0.0,7.0
41,Greedy,V9,"(85, 73)",17.838500447278523,True,8.302372973683728,1.0
41,Greedy,V10,"(20, 66)",9.138659090581939,True,18.42857142857143,1.0
41,Auction,V1,"(91, 0)",58.37942000658714,True,0.3170777796132711,1.0
41,Auction,V2,"(79, 63)",14.629680295985782,True,15.833333333333332,1.0
41,Auction,V3,"(40, 100)",20.97111647754206,True,9.261838254336084,1.0
41,Auction,V4,"(48, 47)",4.657087046677219,True,32.211102550927976,1.0
41,Auction,V5,"(46, 33)",32.69182592048158,True,14.006659275674583,1.0
41,Auction,V6,"(43, 29)",44.9172839395634,True,5.973213749463703,1.0
41,Auction,V7,"(0, 18)",26.8041072181369,True,30.074572438303456,1.0
41,Auction,V8,"(36, 3)",0.9591041169653636,True,18.75265927354316,1.0
41,Auction,V9,"(88, 62)",6.668710807979721,True,19.47216261298253,1.0
41,Auction,V10,"(24, 83)",24.08186853156264,True,3.0033994345183785,1.0
41,Q-Learning,V1,"(91, 0)",58.37942000658714,True,0.3170777796132711,1.0
41,Q-Learning,V2,"(46, 33)",5.554594150573312,True,24.646713164636306,1.0
41,Q-Learning,V3,"(78, 85)",26.499981911219592,True,4.347249861102853,1.0
41,Q-Learning,V4,"(40, 100)",14.04010199264286,True,22.61779881054366,1.0
41,Q-Learning,V5,"(79, 63)",28.795861192907545,True,18.003332407921455,1.0
41,Q-Learning,V6,"(24, 83)",40.33699932714643,True,9.765634076752548,1.0
41,Q-Learning,V7,"(0, 18)",34.963187326303,True,21.38152730712011,1.0
41,Q-Learning,V8,"(60, 65)",18.047993445694317,True,0.952006554305683,1.0
41,Q-Learning,V9,"(88, 62)",8.864090219888269,True,17.230784942158408,1.0
41,Q-Learning,V10,"(43, 29)",20.319782305633797,True,7.247448213519572,1.0
42,Greedy,V1,"(98, 18)",57.683752836268894,True,0.012744949931519756,1.0
42,Greedy,V2,"(19, 85)",13.38734835288479,True,15.651030205780305,1.0
42,Greedy,V3,"(71, 74)",11.372836329853591,True,17.860118402024554,1.0
42,Greedy,V4,"(24, 81)",31.448309471017595,True,3.5516905289824052,1.0
42,Greedy,V5,"(15, 4)",32.77830374620274,True,12.920181449953425,1.0
42,Greedy,V6,"(23, 28)",22.43187984518223,True,27.33552997403732,1.0
42,Greedy,V7,"(68, 12)",37.55497239941607,True,18.32370725702428,1.0
42,Greedy,V8,"(4, 44)",25.711763390508523,False,0.0,8.0
42,Greedy,V9,"(85, 73)",17.838500447278523,True,7.3023729736837275,1.0
42,Greedy,V10,"(20, 66)",9.138659090581939,True,17.42857142857143,1.0
42,Auction,V1,"(47, 93)",24.681787266473336,True,33.697632740113804,1.0
42,Auction,V2,"(79, 63)",14.629680295985782,True,14.833333333333332,1.0
42,Auction,V3,"(40, 100)",20.97111647754206,True,8.261838254336084,1.0
42,Auction,V4,"(48, 47)",4.657087046677219,True,31.211102550927976,1.0
42,Auction,V5,"(46, 33)",32.69182592048158,True,13.006659275674583,1.0
42,Auction,V6,"(43, 29)",44.9172839395634,True,4.973213749463703,1.0
42,Auction,V7,"(0, 18)",26.8041072181369,True,29.074572438303456,1.0
42,Auction,V8,"(36, 3)",0.9591041169653636,True,17.75265927354316,1.0
42,Auction,V9,"(88, 62)",6.668710807979721,True,18.47216261298253,1.0
42,Auction,V10,"(24, 83)",24.08186853156264,True,2.0033994345183785,1.0
42,Q-Learning,V1,"(12, 0)",23.093705720872855,True,35.285714285714285,1.0
42,Q-Learning,V2,"(46, 33)",5.554594150573312,True,23.646713164636306,1.0
42,Q-Learning,V3,"(78, 85)",26.499981911219592,True,3.3472498611028527,1.0
42,Q-Learning,V4,"(40, 100)",14.04010199264286,True,21.61779881054366,1.0
42,Q-Learning,V5,"(79, 63)",28.795861192907545,True,17.003332407921455,1.0
42,Q-Learning,V6,"(24, 83)",40.33699932714643,True,8.765634076752548,1.0
42,Q-Learning,V7,"(0, 18)",34.963187326303,True,20.38152730712011,1.0
42,Q-Learning,V8,"(60, 65)",18.047993445694317,False,0.0,1.0
42,Q-Learning,V9,"(88, 62)",8.864090219888269,True,16.230784942158408,1.0
42,Q-Learning,V10,"(43, 29)",20.319782305633797,True,6.247448213519572,1.0
43,Greedy,V1,"(98, 18)",21.131819901132438,True,36.551932935136456,1.0
43,Greedy,V2,"(19, 85)",13.38734835288479,True,14.651030205780305,1.0
43,Greedy,V3,"(71, 74)",11.372836329853591,True,16.860118402024554,1.0
43,Greedy,V4,"(24, 81)",31.448309471017595,True,2.5516905289824052,1.0
43,Greedy,V5,"(15, 4)",32.77830374620274,True,11.920181449953425,1.0
43,Greedy,V6,"(23, 28)",22.43187984518223,True,26.33552997403732,1.0
43,Greedy,V7,"(68, 12)",37.55497239941607,True,17.32370725702428,1.0
43,Greedy,V8,"(4, 44)",25.711763390508523,False,0.0,9.0
43,Greedy,V9,"(85, 73)",17.838500447278523,True,6.3023729736837275,1.0
43,Greedy,V10,"(20, 66)",9.138659090581939,True,16.42857142857143,1.0
43,Auction,V1,"(47, 93)",24.681787266473336,True,32.697632740113804,1.0
43,Auction,V2,"(79, 63)",14.629680295985782,True,13.833333333333332,1.0
43,Auction,V3,"(40, 100)",20.97111647754206,True,7.261838254336084,1.0
43,Auction,V4,"(48, 47)",4.657087046677219,True,30.211102550927976,1.0
43,Auction,V5,"(46, 33)",32.69182592048158,True,12.006659275674583,1.0
43,Auction,V6,"(43, 29)",44.9172839395634,True,3.973213749463703,1.0
43,Auction,V7,"(0, 18)",26.8041072181369,True,28.074572438303456,1.0
43,Auction,V8,"(36, 3)",0.9591041169653636,True,16.75265927354316,1.0
43,Auction,V9,"(88, 62)",6.668710807979721,True,17.47216261298253,1.0
43,Auction,V10,"(24, 83)",24.08186853156264,True,1.0033994345183785,1.0
43,Q-Learning,V1,"(12, 0)",23.093705720872855,True,34.285714285714285,1.0
43,Q-Learning,V2,"(46, 33)",5.554594150573312,True,22.646713164636306,1.0
43,Q-Learning,V3,"(78, 85)",26.499981911219592,True,2.3472498611028527,1.0
43,Q-Learning,V4,"(40, 100)",14.04010199264286,True,20.61779881054366,1.0
43,Q-Learning,V5,"(79, 63)",28.795861192907545,True,16.003332407921455,1.0
43,Q-Learning,V6,"(24, 83)",40.33699932714643,True,7.765634076752548,1.0
43,Q-Learning,V7,"(0, 18)",34.963187326303,True,19.38152730712011,1.0
43,Q-Learning,V8,"(60, 65)",18.047993445694317,False,0.0,2.0
43,Q-Learning,V9,"(88, 62)",8.864090219888269,True,15.230784942158408,1.0
43,Q-Learning,V10,"(43, 29)",20.319782305633797,True,5.247448213519572,1.0
44,Greedy,V1,"(98, 18)",21.131819901132438,True,35.551932935136456,1.0
44,Greedy,V2,"(19, 85)",13.38734835288479,True,13.651030205780305,1.0
44,Greedy,V3,"(71, 74)",11.372836329853591,True,15.860118402024554,1.0
44,Greedy,V4,"(24, 81)",31.448309471017595,True,1.5516905289824052,1.0
44,Greedy,V5,"(15, 4)",32.77830374620274,True,10.920181449953425,1.0
44,Greedy,V6,"(23, 28)",22.43187984518223,True,25.33552997403732,1.0
44,Greedy,V7,"(68, 12)",37.55497239941607,True,16.32370725702428,1.0
44,Greedy,V8,"(4, 44)",25.711763390508523,False,0.0,10.0
44,Greedy,V9,"(85, 73)",17.838500447278523,True,5.3023729736837275,1.0
44,Greedy,V10,"(20, 66)",9.138659090581939,True,15.42857142857143,1.0
44,Auction,V1,"(47, 93)",24.681787266473336,True,31.697632740113804,1.0
44,Auction,V2,"(79, 63)",14.629680295985782,True,12.833333333333332,1.0
44,Auction,V3,"(40, 100)",20.97111647754206,True,6.261838254336084,1.0
44,Auction,V4,"(48, 47)",4.657087046677219,True,29.211102550927976,1.0
44,Auction,V5,"(46, 33)",32.69182592048158,True,11.006659275674583,1.0
44,Auction,V6,"(43, 29)",44.9172839395634,True,2.973213749463703,1.0
44,Auction,V7,"(0, 18)",26.8041072181369,True,27.074572438303456,1.0
44,Auction,V8,"(36, 3)",0.9591041169653636,True,15.75265927354316,1.0
44,Auction,V9,"(88, 62)",6.668710807979721,True,16.47216261298253,1.0
44,Auction,V10,"(24, 83)",24.08186853156264,True,0.0033994345183785413,1.0
44,Q-Learning,V1,"(12, 0)",23.093705720872855,True,33.285714285714285,1.0
44,Q-Learning,V2,"(46, 33)",5.554594150573312,True,21.646713164636306,1.0
44,Q-Learning,V3,"(78, 85)",26.499981911219592,True,1.3472498611028527,1.0
44,Q-Learning,V4,"(40, 100)",14.04010199264286,True,19.61779881054366,1.0
44,Q-Learning,V5,"(79, 63)",28.795861192907545,True,15.003332407921455,1.0
44,Q-Learning,V6,"(24, 83)",40.33699932714643,True,6.765634076752548,1.0
44,Q-Learning,V7,"(0, 18)",34.963187326303,True,18.38152730712011,1.0
44,Q-Learning,V8,"(60, 65)",18.047993445694317,False,0.0,3.0
44,Q-Learning,V9,"(88, 62)",8.864090219888269,True,14.230784942158408,1.0
44,Q-Learning,V10,"(43, 29)",20.319782305633797,True,4.247448213519572,1.0
45,Greedy,V1,"(98, 18)",21.131819901132438,True,34.551932935136456,1.0
45,Greedy,V2,"(19, 85)",13.38734835288479,True,12.651030205780305,1.0
45,Greedy,V3,"(71, 74)",11.372836329853591,True,14.860118402024554,1.0
45,Greedy,V4,"(24, 81)",31.448309471017595,True,0.5516905289824052,1.0
45,Greedy,V5,"(15, 4)",32.77830374620274,True,9.920181449953425,1.0
45,Greedy,V6,"(23, 28)",22.43187984518223,True,24.33552997403732,1.0
45,Greedy,V7,"(68, 12)",37.55497239941607,True,15.323707257024282,1.0
45,Greedy,V8,"(4, 44)",25.711763390508523,False,0.0,11.0
45,Greedy,V9,"(85, 73)",17.838500447278523,True,4.3023729736837275,1.0
45,Greedy,V10,"(20, 66)",9.138659090581939,True,14.42857142857143,1.0
45,Auction,V1,"(47, 93)",24.681787266473336,True,30.697632740113804,1.0
45,Auction,V2,"(79, 63)",14.629680295985782,True,11.833333333333332,1.0
45,Auction,V3,"(40, 100)",20.97111647754206,True,5.261838254336084,1.0
45,Auction,V4,"(48, 47)",4.657087046677219,True,28.211102550927976,1.0
45,Auction,V5,"(46, 33)",32.69182592048158,True,10.006659275674583,1.0
45,Auction,V6,"(43, 29)",44.9172839395634,True,1.973213749463703,1.0
45,Auction,V7,"(0, 18)",26.8041072181369,True,26.074572438303456,1.0
45,Auction,V8,"(36, 3)",0.9591041169653636,True,14.75265927354316,1.0
45,Auction,V9,"(88, 62)",6.668710807979721,True,15.47216261298253,1.0
45,Auction,V10,"(52, 82)",1.0793183240992406,True,23.0025502074634,1.0
45,Q-Learning,V1,"(12, 0)",23.093705720872855,True,32.285714285714285,1.0
45,Q-Learning,V2,"(46, 33)",5.554594150573312,True,20.646713164636306,1.0
45,Q-Learning,V3,"(78, 85)",26.499981911219592,True,0.3472498611028527,1.0
45,Q-Learning,V4,"(40, 100)",14.04010199264286,True,18.61779881054366,1.0
45,Q-Learning,V5,"(79, 63)",28.795861192907545,True,14.003332407921455,1.0
45,Q-Learning,V6,"(24, 83)",40.33699932714643,True,5.765634076752548,1.0
45,Q-Learning,V7,"(0, 18)",34.963187326303,True,17.38152730712011,1.0
45,Q-Learning,V8,"(60, 65)",18.047993445694317,False,0.0,4.0
45,Q-Learning,V9,"(88, 62)",8.864090219888269,True,13.230784942158408,1.0
45,Q-Learning,V10,"(43, 29)",20.319782305633797,True,3.247448213519572,1.0
46,Greedy,V1,"(98, 18)",21.131819901132438,True,33.551932935136456,1.0
46,Greedy,V2,"(19, 85)",13.38734835288479,True,11.651030205780305,1.0
46,Greedy,V3,"(71, 74)",11.372836329853591,True,13.860118402024554,1.0
46,Greedy,V4,"(24, 81)",3.0983509306439636,True,28.34995854037363,1.0
46,Greedy,V5,"(15, 4)",32.77830374620274,True,8.920181449953425,1.0
46,Greedy,V6,"(23, 28)",22.43187984518223,True,23.33552997403732,1.0
46,Greedy,V7,"(68, 12)",37.55497239941607,True,14.323707257024282,1.0
46,Greedy,V8,"(4, 44)",0.031758708861609364,True,25.680004681646913,12.0
46,Greedy,V9,"(85, 73)",17.838500447278523,True,3.3023729736837275,1.0
46,Greedy,V10,"(20, 66)",9.138659090581939,True,13.42857142857143,1.0
46,Auction,V1,"(47, 93)",24.681787266473336,True,29.697632740113804,1.0
46,Auction,V2,"(79, 63)",14.629680295985782,True,10.833333333333332,1.0
46,Auction,V3,"(40, 100)",20.97111647754206,True,4.261838254336084,1.0
46,Auction,V4,"(48, 47)",4.657087046677219,True,27.211102550927976,1.0
46,Auction,V5,"(46, 33)",32.69182592048158,True,9.006659275674583,1.0
46,Auction,V6,"(43, 29)",44.9172839395634,True,0.973213749463703,1.0
46,Auction,V7,"(0, 18)",26.8041072181369,True,25.074572438303456,1.0
46,Auction,V8,"(36, 3)",0.9591041169653636,True,13.75265927354316,1.0
46,Auction,V9,"(88, 62)",6.668710807979721,True,14.47216261298253,1.0
46,Auction,V10,"(52, 82)",1.0793183240992406,True,22.0025502074634,1.0
46,Q-Learning,V1,"(12, 0)",23.093705720872855,True,31.285714285714285,1.0
46,Q-Learning,V2,"(46, 33)",5.554594150573312,True,19.646713164636306,1.0
46,Q-Learning,V3,"(47, 93)",2.926321741624701,True,23.57366016959489,1.0
46,Q-Learning,V4,"(40, 100)",14.04010199264286,True,17.61779881054366,1.0
46,Q-Learning,V5,"(79, 63)",28.795861192907545,True,13.003332407921455,1.0
46,Q-Learning,V6,"(24, 83)",40.33699932714643,True,4.765634076752548,1.0
46,Q-Learning,V7,"(0, 18)",34.963187326303,True,16.38152730712011,1.0
46,Q-Learning,V8,"(60, 65)",18.047993445694317,False,0.0,5.0
46,Q-Learning,V9,"(88, 62)",8.864090219888269,True,12.230784942158408,1.0
46,Q-Learning,V10,"(43, 29)",20.319782305633797,True,2.247448213519572,1.0
47,Greedy,V1,"(98, 18)",21.131819901132438,True,32.551932935136456,1.0
47,Greedy,V2,"(19, 85)",13.38734835288479,True,10.651030205780305,1.0
47,Greedy,V3,"(71, 74)",11.372836329853591,True,12.860118402024554,1.0
47,Greedy,V4,"(24, 81)",3.0983509306439636,True,27.34995854037363,1.0
47,Greedy,V5,"(15, 4)",32.77830374620274,True,7.920181449953425,1.0
47,Greedy,V6,"(23, 28)",22.43187984518223,True,22.33552997403732,1.0
47,Greedy,V7,"(68, 12)",37.55497239941607,True,13.323707257024282,1.0
47,Greedy,V8,"(4, 44)",0.031758708861609364,True,24.680004681646913,12.0
47,Greedy,V9,"(85, 73)",17.838500447278523,True,2.3023729736837275,1.0
47,Greedy,V10,"(20, 66)",9.138659090581939,True,12.42857142857143,1.0
47,Auction,V1,"(47, 93)",24.681787266473336,True,28.697632740113804,1.0
47,Auction,V2,"(79, 63)",14.629680295985782,True,9.833333333333332,1.0
47,Auction,V3,"(40, 100)",20.97111647754206,True,3.2618382543360838,1.0
47,Auction,V4,"(48, 47)",4.657087046677219,True,26.211102550927976,1.0
47,Auction,V5,"(46, 33)",32.69182592048158,True,8.006659275674583,1.0
47,Auction,V6,"(68, 38)",17.260217888446114,True,27.657066051117283,1.0
47,Auction,V7,"(0, 18)",26.8041072181369,True,24.074572438303456,1.0
47,Auction,V8,"(36, 3)",0.9591041169653636,True,12.75265927354316,1.0
47,Auction,V9,"(88, 62)",6.668710807979721,True,13.47216261298253,1.0
47,Auction,V10,"(52, 82)",1.0793183240992406,True,21.0025502074634,1.0
47,Q-Learning,V1,"(12, 0)",23.093705720872855,True,30.285714285714285,1.0
47,Q-Learning,V2,"(46, 33)",5.554594150573312,True,18.646713164636306,1.0
47,Q-Learning,V3,"(47, 93)",2.926321741624701,True,22.57366016959489,1.0
47,Q-Learning,V4,"(40, 100)",14.04010199264286,True,16.61779881054366,1.0
47,Q-Learning,V5,"(79, 63)",28.795861192907545,True,12.003332407921455,1.0
47,Q-Learning,V6,"(24, 83)",40.33699932714643,True,3.765634076752548,1.0
47,Q-Learning,V7,"(0, 18)",34.963187326303,True,15.381527307120109,1.0
47,Q-Learning,V8,"(60, 65)",18.047993445694317,False,0.0,6.0
47,Q-Learning,V9,"(88, 62)",8.864090219888269,True,11.230784942158408,1.0
47,Q-Learning,V10,"(43, 29)",20.319782305633797,True,1.2474482135195721,1.0
48,Greedy,V1,"(98, 18)",21.131819901132438,True,31.551932935136456,1.0
48,Greedy,V2,"(19, 85)",13.38734835288479,True,9.651030205780305,1.0
48,Greedy,V3,"(71, 74)",11.372836329853591,True,11.860118402024554,1.0
48,Greedy,V4,"(24, 81)",3.0983509306439636,True,26.34995854037363,1.0
48,Greedy,V5,"(15, 4)",32.77830374620274,True,6.920181449953425,1.0
48,Greedy,V6,"(23, 28)",22.43187984518223,True,21.33552997403732,1.0
48,Greedy,V7,"(68, 12)",37.55497239941607,True,12.323707257024282,1.0
48,Greedy,V8,"(4, 44)",0.031758708861609364,True,23.680004681646913,12.0
48,Greedy,V9,"(85, 73)",17.838500447278523,True,1.3023729736837275,1.0
48,Greedy,V10,"(20, 66)",9.138659090581939,True,11.42857142857143,1.0
48,Auction,V1,"(47, 93)",24.681787266473336,True,27.697632740113804,1.0
48,Auction,V2,"(79, 63)",14.629680295985782,True,8.833333333333332,1.0
48,Auction,V3,"(40, 100)",20.97111647754206,True,2.2618382543360838,1.0
48,Auction,V4,"(48, 47)",4.657087046677219,True,25.211102550927976,1.0
48,Auction,V5,"(46, 33)",32.69182592048158,True,7.006659275674583,1.0
48,Auction,V6,"(68, 38)",17.260217888446114,True,26.657066051117283,1.0
48,Auction,V7,"(0, 18)",26.8041072181369,True,23.074572438303456,1.0
48,Auction,V8,"(36, 3)",0.9591041169653636,True,11.75265927354316,1.0
48,Auction,V9,"(88, 62)",6.668710807979721,True,12.47216261298253,1.0
48,Auction,V10,"(52, 82)",1.0793183240992406,True,20.0025502074634,1.0
48,Q-Learning,V1,"(12, 0)",23.093705720872855,True,29.285714285714285,1.0
48,Q-Learning,V2,"(46, 33)",5.554594150573312,True,17.646713164636306,1.0
48,Q-Learning,V3,"(47, 93)",2.926321741624701,True,21.57366016959489,1.0
48,Q-Learning,V4,"(40, 100)",14.04010199264286,True,15.617798810543661,1.0
48,Q-Learning,V5,"(79, 63)",28.795861192907545,True,11.003332407921455,1.0
48,Q-Learning,V6,"(24, 83)",40.33699932714643,True,2.765634076752548,1.0
48,Q-Learning,V7,"(0, 18)",34.963187326303,True,14.381527307120109,1.0
48,Q-Learning,V8,"(60, 65)",18.047993445694317,False,0.0,7.0
48,Q-Learning,V9,"(88, 62)",8.864090219888269,True,10.230784942158408,1.0
48,Q-Learning,V10,"(43, 29)",20.319782305633797,True,0.24744821351957214,1.0
49,Greedy,V1,"(98, 18)",21.131819901132438,True,30.551932935136456,1.0
49,Greedy,V2,"(19, 85)",13.38734835288479,True,8.651030205780305,1.0
49,Greedy,V3,"(71, 74)",11.372836329853591,True,10.860118402024554,1.0
49,Greedy,V4,"(24, 81)",3.0983509306439636,True,25.34995854037363,1.0
49,Greedy,V5,"(15, 4)",32.77830374620274,True,5.920181449953425,1.0
49,Greedy,V6,"(23, 28)",22.43187984518223,True,20.33552997403732,1.0
49,Greedy,V7,"(68, 12)",37.55497239941607,True,11.323707257024282,1.0
49,Greedy,V8,"(4, 44)",0.031758708861609364,True,22.680004681646913,12.0
49,Greedy,V9,"(85, 73)",17.838500447278523,True,0.3023729736837275,1.0
49,Greedy,V10,"(20, 66)",9.138659090581939,True,10.42857142857143,1.0
49,Auction,V1,"(47, 93)",24.681787266473336,True,26.697632740113804,1.0
49,Auction,V2,"(79, 63)",14.629680295985782,True,7.833333333333332,1.0
49,Auction,V3,"(40, 100)",20.97111647754206,True,1.2618382543360838,1.0
49,Auction,V4,"(48, 47)",4.657087046677219,True,24.211102550927976,1.0
49,Auction,V5,"(46, 33)",32.69182592048158,True,6.006659275674583,1.0
49,Auction,V6,"(68, 38)",17.260217888446114,True,25.657066051117283,1.0
49,Auction,V7,"(0, 18)",26.8041072181369,True,22.074572438303456,1.0
49,Auction,V8,"(36, 3)",0.9591041169653636,True,10.75265927354316,1.0
49,Auction,V9,"(88, 62)",6.668710807979721,True,11.47216261298253,1.0
49,Auction,V10,"(52, 82)",1.0793183240992406,True,19.0025502074634,1.0
49,Q-Learning,V1,"(12, 0)",23.093705720872855,True,28.285714285714285,1.0
49,Q-Learning,V2,"(46, 33)",5.554594150573312,True,16.646713164636306,1.0
49,Q-Learning,V3,"(47, 93)",2.926321741624701,True,20.57366016959489,1.0
49,Q-Learning,V4,"(40, 100)",14.04010199264286,True,14.617798810543661,1.0
49,Q-Learning,V5,"(79, 63)",28.795861192907545,True,10.003332407921455,1.0
49,Q-Learning,V6,"(24, 83)",40.33699932714643,True,1.7656340767525478,1.0
49,Q-Learning,V7,"(0, 18)",34.963187326303,True,13.381527307120109,1.0
49,Q-Learning,V8,"(60, 65)",18.047993445694317,False,0.0,8.0
49,Q-Learning,V9,"(88, 62)",8.864090219888269,True,9.230784942158408,1.0
49,Q-Learning,V10,"(44, 59)",1.0316877285470447,True,19.288094577086753,1.0
50,Greedy,V1,"(98, 18)",21.131819901132438,True,29.551932935136456,1.0
50,Greedy,V2,"(19, 85)",13.38734835288479,True,7.651030205780305,1.0
50,Greedy,V3,"(71, 74)",11.372836329853591,True,9.860118402024554,1.0
50,Greedy,V4,"(24, 81)",3.0983509306439636,True,24.34995854037363,1.0
50,Greedy,V5,"(15, 4)",32.77830374620274,True,4.920181449953425,1.0
50,Greedy,V6,"(23, 28)",22.43187984518223,True,19.33552997403732,1.0
50,Greedy,V7,"(68, 12)",37.55497239941607,True,10.323707257024282,1.0
50,Greedy,V8,"(4, 44)",0.031758708861609364,True,21.680004681646913,12.0
50,Greedy,V9,"(85, 73)",17.838500447278523,False,0.0,1.0
50,Greedy,V10,"(20, 66)",9.138659090581939,True,9.42857142857143,1.0
50,Auction,V1,"(47, 93)",24.681787266473336,True,25.697632740113804,1.0
50,Auction,V2,"(79, 63)",14.629680295985782,True,6.833333333333332,1.0
50,Auction,V3,"(40, 100)",20.97111647754206,True,0.26183825433608376,1.0
50,Auction,V4,"(48, 47)",4.657087046677219,True,23.211102550927976,1.0
50,Auction,V5,"(46, 33)",32.69182592048158,True,5.006659275674583,1.0
50,Auction,V6,"(68, 38)",17.260217888446114,True,24.657066051117283,1.0
50,Auction,V7,"(0, 18)",26.8041072181369,True,21.074572438303456,1.0
50,Auction,V8,"(36, 3)",0.9591041169653636,True,9.75265927354316,1.0
50,Auction,V9,"(88, 62)",6.668710807979721,True,10.47216261298253,1.0
50,Auction,V10,"(52, 82)",1.0793183240992406,True,18.0025502074634,1.0
50,Q-Learning,V1,"(12, 0)",23.093705720872855,True,27.285714285714285,1.0
50,Q-Learning,V2,"(46, 33)",5.554594150573312,True,15.646713164636306,1.0
50,Q-Learning,V3,"(47, 93)",2.926321741624701,True,19.57366016959489,1.0
50,Q-Learning,V4,"(40, 100)",14.04010199264286,True,13.617798810543661,1.0
50,Q-Learning,V5,"(79, 63)",28.795861192907545,True,9.003332407921455,1.0
50,Q-Learning,V6,"(24, 83)",40.33699932714643,True,0.7656340767525478,1.0
50,Q-Learning,V7,"(0, 18)",34.963187326303,True,12.381527307120109,1.0
50,Q-Learning,V8,"(60, 65)",18.047993445694317,False,0.0,9.0
50,Q-Learning,V9,"(88, 62)",8.864090219888269,True,8.230784942158408,1.0
50,Q-Learning,V10,"(44, 59)",1.0316877285470447,True,18.288094577086753,1.0
51,Greedy,V1,"(98, 18)",21.131819901132438,True,28.551932935136456,1.0
51,Greedy,V2,"(19, 85)",13.38734835288479,True,6.651030205780305,1.0
51,Greedy,V3,"(71, 74)",11.372836329853591,True,8.860118402024554,1.0
51,Greedy,V4,"(24, 81)",3.0983509306439636,True,23.34995854037363,1.0
51,Greedy,V5,"(15, 4)",32.77830374620274,True,3.920181449953425,1.0
51,Greedy,V6,"(23, 28)",22.43187984518223,True,18.33552997403732,1.0
51,Greedy,V7,"(68, 12)",37.55497239941607,True,9.323707257024282,1.0
51,Greedy,V8,"(4, 44)",0.031758708861609364,True,20.680004681646913,12.0
51,Greedy,V9,"(85, 73)",17.838500447278523,False,0.0,2.0
51,Greedy,V10,"(20, 66)",9.138659090581939,True,8.42857142857143,1.0
51,Auction,V1,"(47, 93)",24.681787266473336,True,24.697632740113804,1.0
51,Auction,V2,"(79, 63)",14.629680295985782,True,5.833333333333332,1.0
51,Auction,V3,"(44, 59)",0.08616507067178247,True,20.88495140687028,1.0
51,Auction,V4,"(48, 47)",4.657087046677219,True,22.211102550927976,1.0
51,Auction,V5,"(46, 33)",32.69182592048158,True,4.006659275674583,1.0
51,Auction,V6,"(68, 38)",17.260217888446114,True,23.657066051117283,1.0
51,Auction,V7,"(0, 18)",26.8041072181369,True,20.074572438303456,1.0
51,Auction,V8,"(36, 3)",0.9591041169653636,True,8.75265927354316,1.0
51,Auction,V9,"(88, 62)",6.668710807979721,True,9.47216261298253,1.0
51,Auction,V10,"(52, 82)",1.0793183240992406,True,17.0025502074634,1.0
51,Q-Learning,V1,"(12, 0)",23.093705720872855,True,26.285714285714285,1.0
51,Q-Learning,V2,"(46, 33)",5.554594150573312,True,14.646713164636306,1.0
51,Q-Learning,V3,"(47, 93)",2.926321741624701,True,18.57366016959489,1.0
51,Q-Learning,V4,"(40, 100)",14.04010199264286,True,12.617798810543661,1.0
51,Q-Learning,V5,"(79, 63)",28.795861192907545,True,8.003332407921455,1.0
51,Q-Learning,V6,"(34, 82)",14.332011765034341,True,26.00498756211209,1.0
51,Q-Learning,V7,"(0, 18)",34.963187326303,True,11.381527307120109,1.0
51,Q-Learning,V8,"(60, 65)",18.047993445694317,False,0.0,10.0
51,Q-Learning,V9,"(88, 62)",8.864090219888269,True,7.230784942158408,1.0
51,Q-Learning,V10,"(44, 59)",1.0316877285470447,True,17.288094577086753,1.0
52,Greedy,V1,"(98, 18)",21.131819901132438,True,27.551932935136456,1.0
52,Greedy,V2,"(19, 85)",13.38734835288479,True,5.651030205780305,1.0
52,Greedy,V3,"(71, 74)",11.372836329853591,True,7.860118402024554,1.0
52,Greedy,V4,"(24, 81)",3.0983509306439636,True,22.34995854037363,1.0
52,Greedy,V5,"(15, 4)",32.77830374620274,True,2.920181449953425,1.0
52,Greedy,V6,"(23, 28)",22.43187984518223,True,17.33552997403732,1.0
52,Greedy,V7,"(68, 12)",37.55497239941607,True,8.323707257024282,1.0
52,Greedy,V8,"(4, 44)",0.031758708861609364,True,19.680004681646913,12.0
52,Greedy,V9,"(85, 73)",17.838500447278523,False,0.0,3.0
52,Greedy,V10,"(20, 66)",9.138659090581939,True,7.428571428571431,1.0
52,Auction,V1,"(47, 93)",24.681787266473336,True,23.697632740113804,1.0
52,Auction,V2,"(79, 63)",14.629680295985782,True,4.833333333333332,1.0
52,Auction,V3,"(44, 59)",0.08616507067178247,True,19.88495140687028,1.0
52,Auction,V4,"(48, 47)",4.657087046677219,True,21.211102550927976,1.0
52,Auction,V5,"(46, 33)",32.69182592048158,True,3.0066592756745827,1.0
52,Auction,V6,"(68, 38)",17.260217888446114,True,22.657066051117283,1.0
52,Auction,V7,"(0, 18)",26.8041072181369,True,19.074572438303456,1.0
52,Auction,V8,"(36, 3)",0.9591041169653636,True,7.752659273543159,1.0
52,Auction,V9,"(88, 62)",6.668710807979721,True,8.47216261298253,1.0
52,Auction,V10,"(52, 82)",1.0793183240992406,True,16.0025502074634,1.0
52,Q-Learning,V1,"(12, 0)",23.093705720872855,True,25.285714285714285,1.0
52,Q-Learning,V2,"(46, 33)",5.554594150573312,True,13.646713164636306,1.0
52,Q-Learning,V3,"(47, 93)",2.926321741624701,True,17.57366016959489,1.0
52,Q-Learning,V4,"(40, 100)",14.04010199264286,True,11.617798810543661,1.0
52,Q-Learning,V5,"(79, 63)",28.795861192907545,True,7.003332407921455,1.0
52,Q-Learning,V6,"(34, 82)",14.332011765034341,True,25.00498756211209,1.0
52,Q-Learning,V7,"(0, 18)",34.963187326303,True,10.381527307120109,1.0
52,Q-Learning,V8,"(60, 65)",18.047993445694317,False,0.0,11.0
52,Q-Learning,V9,"(88, 62)",8.864090219888269,True,6.230784942158408,1.0
52,Q-Learning,V10,"(44, 59)",1.0316877285470447,True,16.288094577086753,1.0
53,Greedy,V1,"(98, 18)",21.131819901132438,True,26.551932935136456,1.0
53,Greedy,V2,"(19, 85)",13.38734835288479,True,4.651030205780305,1.0
53,Greedy,V3,"(71, 74)",11.372836329853591,True,6.860118402024554,1.0
53,Greedy,V4,"(24, 81)",3.0983509306439636,True,21.34995854037363,1.0
53,Greedy,V5,"(15, 4)",32.77830374620274,True,1.920181449953425,1.0
53,Greedy,V6,"(23, 28)",22.43187984518223,True,16.33552997403732,1.0
53,Greedy,V7,"(68, 12)",37.55497239941607,True,7.323707257024282,1.0
53,Greedy,V8,"(4, 44)",0.031758708861609364,True,18.680004681646913,12.0
53,Greedy,V9,"(85, 73)",17.838500447278523,False,0.0,4.0
53,Greedy,V10,"(20, 66)",9.138659090581939,True,6.428571428571431,1.0
53,Auction,V1,"(47, 93)",24.681787266473336,True,22.697632740113804,1.0
53,Auction,V2,"(79, 63)",14.629680295985782,True,3.833333333333332,1.0
53,Auction,V3,"(44, 59)",0.08616507067178247,True,18.88495140687028,1.0
53,Auction,V4,"(48, 47)",4.657087046677219,True,20.211102550927976,1.0
53,Auction,V5,"(46, 33)",32.69182592048158,True,2.0066592756745827,1.0
53,Auction,V6,"(68, 38)",17.260217888446114,True,21.657066051117283,1.0
53,Auction,V7,"(0, 18)",26.8041072181369,True,18.074572438303456,1.0
53,Auction,V8,"(36, 3)",0.9591041169653636,True,6.752659273543159,1.0
53,Auction,V9,"(88, 62)",6.668710807979721,True,7.47216261298253,1.0
53,Auction,V10,"(52, 82)",1.0793183240992406,True,15.0025502074634,1.0
53,Q-Learning,V1,"(12, 0)",23.093705720872855,True,24.285714285714285,1.0
53,Q-Learning,V2,"(46, 33)",5.554594150573312,True,12.646713164636306,1.0
53,Q-Learning,V3,"(47, 93)",2.926321741624701,True,16.57366016959489,1.0
53,Q-Learning,V4,"(40, 100)",14.04010199264286,True,10.617798810543661,1.0
53,Q-Learning,V5,"(79, 63)",28.795861192907545,True,6.003332407921455,1.0
53,Q-Learning,V6,"(34, 82)",14.332011765034341,True,24.00498756211209,1.0
53,Q-Learning,V7,"(0, 18)",34.963187326303,True,9.381527307120109,1.0
53,Q-Learning,V8,"(60, 65)",18.047993445694317,False,0.0,12.0
53,Q-Learning,V9,"(88, 62)",8.864090219888269,True,5.230784942158408,1.0
53,Q-Learning,V10,"(44, 59)",1.0316877285470447,True,15.288094577086753,1.0
54,Greedy,V1,"(98, 18)",21.131819901132438,True,25.551932935136456,1.0
54,Greedy,V2,"(19, 85)",13.38734835288479,True,3.6510302057803052,1.0
54,Greedy,V3,"(71, 74)",11.372836329853591,True,5.860118402024554,1.0
54,Greedy,V4,"(24, 81)",3.0983509306439636,True,20.34995854037363,1.0
54,Greedy,V5,"(15, 4)",32.77830374620274,True,0.9201814499534251,1.0
54,Greedy,V6,"(23, 28)",22.43187984518223,True,15.335529974037321,1.0
54,Greedy,V7,"(68, 12)",37.55497239941607,True,6.323707257024282,1.0
54,Greedy,V8,"(4, 44)",0.031758708861609364,True,17.680004681646913,12.0
54,Greedy,V9,"(85, 73)",17.838500447278523,False,0.0,5.0
54,Greedy,V10,"(20, 66)",9.138659090581939,True,5.428571428571431,1.0
54,Auction,V1,"(47, 93)",24.681787266473336,True,21.697632740113804,1.0
54,Auction,V2,"(79, 63)",14.629680295985782,True,2.833333333333332,1.0
54,Auction,V3,"(44, 59)",0.08616507067178247,True,17.88495140687028,1.0
54,Auction,V4,"(48, 47)",4.657087046677219,True,19.211102550927976,1.0
54,Auction,V5,"(46, 33)",32.69182592048158,True,1.0066592756745827,1.0
54,Auction,V6,"(68, 38)",17.260217888446114,True,20.657066051117283,1.0
54,Auction,V7,"(0, 18)",26.8041072181369,True,17.074572438303456,1.0
54,Auction,V8,"(36, 3)",0.9591041169653636,True,5.752659273543159,1.0
54,Auction,V9,"(88, 62)",6.668710807979721,True,6.47216261298253,1.0
54,Auction,V10,"(52, 82)",1.0793183240992406,True,14.0025502074634,1.0
54,Q-Learning,V1,"(12, 0)",23.093705720872855,True,23.285714285714285,1.0
54,Q-Learning,V2,"(46, 33)",5.554594150573312,True,11.646713164636306,1.0
54,Q-Learning,V3,"(47, 93)",2.926321741624701,True,15.573660169594891,1.0
54,Q-Learning,V4,"(40, 100)",14.04010199264286,True,9.617798810543661,1.0
54,Q-Learning,V5,"(79, 63)",28.795861192907545,True,5.003332407921455,1.0
54,Q-Learning,V6,"(34, 82)",14.332011765034341,True,23.00498756211209,1.0
54,Q-Learning,V7,"(0, 18)",34.963187326303,True,8.381527307120109,1.0
54,Q-Learning,V8,"(60, 65)",18.047993445694317,False,0.0,13.0
54,Q-Learning,V9,"(88, 62)",8.864090219888269,True,4.230784942158408,1.0
54,Q-Learning,V10,"(44, 59)",1.0316877285470447,True,14.288094577086753,1.0
55,Greedy,V1,"(98, 18)",21.131819901132438,True,24.551932935136456,1.0
55,Greedy,V2,"(19, 85)",13.38734835288479,True,2.6510302057803052,1.0
55,Greedy,V3,"(71, 74)",11.372836329853591,True,4.860118402024554,1.0
55,Greedy,V4,"(24, 81)",3.0983509306439636,True,19.34995854037363,1.0
55,Greedy,V5,"(15, 4)",4.32050273328224,True,28.4578010129205,1.0
55,Greedy,V6,"(23, 28)",22.43187984518223,True,14.335529974037321,1.0
55,Greedy,V7,"(68, 12)",37.55497239941607,True,5.323707257024282,1.0
55,Greedy,V8,"(4, 44)",0.031758708861609364,True,16.680004681646913,12.0
55,Greedy,V9,"(85, 73)",17.838500447278523,False,0.0,6.0
55,Greedy,V10,"(20, 66)",9.138659090581939,True,4.428571428571431,1.0
55,Auction,V1,"(47, 93)",24.681787266473336,True,20.697632740113804,1.0
55,Auction,V2,"(79, 63)",14.629680295985782,True,1.8333333333333321,1.0
55,Auction,V3,"(44, 59)",0.08616507067178247,True,16.88495140687028,1.0
55,Auction,V4,"(48, 47)",4.657087046677219,True,18.211102550927976,1.0
55,Auction,V5,"(46, 33)",32.69182592048158,True,0.0066592756745826875,1.0
55,Auction,V6,"(68, 38)",17.260217888446114,True,19.657066051117283,1.0
55,Auction,V7,"(0, 18)",26.8041072181369,True,16.074572438303456,1.0
55,Auction,V8,"(36, 3)",0.9591041169653636,True,4.752659273543159,1.0
55,Auction,V9,"(88, 62)",6.668710807979721,True,5.47216261298253,1.0
55,Auction,V10,"(52, 82)",1.0793183240992406,True,13.0025502074634,1.0
55,Q-Learning,V1,"(12, 0)",23.093705720872855,True,22.285714285714285,1.0
55,Q-Learning,V2,"(46, 33)",5.554594150573312,True,10.646713164636306,1.0
55,Q-Learning,V3,"(47, 93)",2.926321741624701,True,14.573660169594891,1.0
55,Q-Learning,V4,"(40, 100)",14.04010199264286,True,8.617798810543661,1.0
55,Q-Learning,V5,"(79, 63)",28.795861192907545,True,4.003332407921455,1.0
55,Q-Learning,V6,"(34, 82)",14.332011765034341,True,22.00498756211209,1.0
55,Q-Learning,V7,"(0, 18)",34.963187326303,True,7.381527307120109,1.0
55,Q-Learning,V8,"(60, 65)",18.047993445694317,False,0.0,14.0
55,Q-Learning,V9,"(88, 62)",8.864090219888269,True,3.230784942158408,1.0
55,Q-Learning,V10,"(44, 59)",1.0316877285470447,True,13.288094577086753,1.0
56,Greedy,V1,"(98, 18)",21.131819901132438,True,23.551932935136456,1.0
56,Greedy,V2,"(19, 85)",13.38734835288479,True,1.6510302057803052,1.0
56,Greedy,V3,"(71, 74)",11.372836329853591,True,3.860118402024554,1.0
56,Greedy,V4,"(24, 81)",3.0983509306439636,True,18.34995854037363,1.0
56,Greedy,V5,"(15, 4)",4.32050273328224,True,27.4578010129205,1.0
56,Greedy,V6,"(23, 28)",22.43187984518223,True,13.335529974037321,1.0
56,Greedy,V7,"(68, 12)",37.55497239941607,True,4.323707257024282,1.0
56,Greedy,V8,"(4, 44)",0.031758708861609364,True,15.680004681646913,12.0
56,Greedy,V9,"(85, 73)",17.838500447278523,False,0.0,7.0
56,Greedy,V10,"(20, 66)",9.138659090581939,True,3.4285714285714306,1.0
56,Auction,V1,"(47, 93)",24.681787266473336,True,19.697632740113804,1.0
56,Auction,V2,"(79, 63)",14.629680295985782,True,0.8333333333333321,1.0
56,Auction,V3,"(44, 59)",0.08616507067178247,True,15.884951406870279,1.0
56,Auction,V4,"(48, 47)",4.657087046677219,True,17.211102550927976,1.0
56,Auction,V5,"(50, 40)",5.885600145651722,True,26.806225774829855,1.0
56,Auction,V6,"(68, 38)",17.260217888446114,True,18.657066051117283,1.0
56,Auction,V7,"(0, 18)",26.8041072181369,True,15.074572438303456,1.0
56,Auction,V8,"(36, 3)",0.9591041169653636,True,3.752659273543159,1.0
56,Auction,V9,"(88, 62)",6.668710807979721,True,4.47216261298253,1.0
56,Auction,V10,"(52, 82)",1.0793183240992406,True,12.0025502074634,1.0
56,Q-Learning,V1,"(12, 0)",23.093705720872855,True,21.285714285714285,1.0
56,Q-Learning,V2,"(46, 33)",5.554594150573312,True,9.646713164636306,1.0
56,Q-Learning,V3,"(47, 93)",2.926321741624701,True,13.573660169594891,1.0
56,Q-Learning,V4,"(40, 100)",14.04010199264286,True,7.617798810543661,1.0
56,Q-Learning,V5,"(79, 63)",28.795861192907545,True,3.003332407921455,1.0
56,Q-Learning,V6,"(34, 82)",14.332011765034341,True,21.00498756211209,1.0
56,Q-Learning,V7,"(0, 18)",34.963187326303,True,6.381527307120109,1.0
56,Q-Learning,V8,"(60, 65)",18.047993445694317,False,0.0,15.0
56,Q-Learning,V9,"(88, 62)",8.864090219888269,True,2.230784942158408,1.0
56,Q-Learning,V10,"(44, 59)",1.0316877285470447,True,12.288094577086753,1.0
57,Greedy,V1,"(98, 18)",21.131819901132438,True,22.551932935136456,1.0
57,Greedy,V2,"(19, 85)",13.38734835288479,True,0.6510302057803052,1.0
57,Greedy,V3,"(71, 74)",11.372836329853591,True,2.860118402024554,1.0
57,Greedy,V4,"(24, 81)",3.0983509306439636,True,17.34995854037363,1.0
57,Greedy,V5,"(15, 4)",4.32050273328224,True,26.4578010129205,1.0
57,Greedy,V6,"(23, 28)",22.43187984518223,True,12.335529974037321,1.0
57,Greedy,V7,"(68, 12)",37.55497239941607,True,3.3237072570242816,1.0
57,Greedy,V8,"(4, 44)",0.031758708861609364,True,14.680004681646913,12.0
57,Greedy,V9,"(85, 73)",17.838500447278523,False,0.0,8.0
57,Greedy,V10,"(20, 66)",9.138659090581939,True,2.4285714285714306,1.0
57,Auction,V1,"(47, 93)",24.681787266473336,True,18.697632740113804,1.0
57,Auction,V2,"(79, 63)",14.629680295985782,False,0.0,1.0
57,Auction,V3,"(44, 59)",0.08616507067178247,True,14.884951406870279,1.0
57,Auction,V4,"(48, 47)",4.657087046677219,True,16.211102550927976,1.0
57,Auction,V5,"(50, 40)",5.885600145651722,True,25.806225774829855,1.0
57,Auction,V6,"(68, 38)",17.260217888446114,True,17.657066051117283,1.0
57,Auction,V7,"(0, 18)",26.8041072181369,True,14.074572438303456,1.0
57,Auction,V8,"(36, 3)",0.9591041169653636,True,2.752659273543159,1.0
57,Auction,V9,"(88, 62)",6.668710807979721,True,3.4721626129825296,1.0
57,Auction,V10,"(52, 82)",1.0793183240992406,True,11.0025502074634,1.0
57,Q-Learning,V1,"(12, 0)",23.093705720872855,True,20.285714285714285,1.0
57,Q-Learning,V2,"(46, 33)",5.554594150573312,True,8.646713164636306,1.0
57,Q-Learning,V3,"(47, 93)",2.926321741624701,True,12.573660169594891,1.0
57,Q-Learning,V4,"(40, 100)",14.04010199264286,True,6.617798810543661,1.0
57,Q-Learning,V5,"(79, 63)",28.795861192907545,True,2.003332407921455,1.0
57,Q-Learning,V6,"(34, 82)",14.332011765034341,True,20.00498756211209,1.0
57,Q-Learning,V7,"(0, 18)",34.963187326303,True,5.381527307120109,1.0
57,Q-Learning,V8,"(60, 65)",18.047993445694317,False,0.0,16.0
57,Q-Learning,V9,"(88, 62)",8.864090219888269,True,1.230784942158408,1.0
57,Q-Learning,V10,"(44, 59)",1.0316877285470447,True,11.288094577086753,1.0
58,Greedy,V1,"(98, 18)",21.131819901132438,True,21.551932935136456,1.0
58,Greedy,V2,"(19, 85)",13.38734835288479,False,0.0,1.0
58,Greedy,V3,"(71, 74)",11.372836329853591,True,1.860118402024554,1.0
58,Greedy,V4,"(24, 81)",3.0983509306439636,True,16.34995854037363,1.0
58,Greedy,V5,"(15, 4)",4.32050273328224,True,25.4578010129205,1.0
58,Greedy,V6,"(23, 28)",22.43187984518223,True,11.335529974037321,1.0
58,Greedy,V7,"(68, 12)",37.55497239941607,True,2.3237072570242816,1.0
58,Greedy,V8,"(4, 44)",0.031758708861609364,True,13.680004681646913,12.0
58,Greedy,V9,"(85, 73)",17.838500447278523,False,0.0,9.0
58,Greedy,V10,"(20, 66)",9.138659090581939,True,1.4285714285714306,1.0
58,Auction,V1,"(47, 93)",24.681787266473336,True,17.697632740113804,1.0
58,Auction,V2,"(79, 63)",14.629680295985782,False,0.0,2.0
58,Auction,V3,"(44, 59)",0.08616507067178247,True,13.884951406870279,1.0
58,Auction,V4,"(48, 47)",4.657087046677219,True,15.211102550927976,1.0
58,Auction,V5,"(50, 40)",5.885600145651722,True,24.806225774829855,1.0
58,Auction,V6,"(68, 38)",17.260217888446114,True,16.657066051117283,1.0
58,Auction,V7,"(0, 18)",26.8041072181369,True,13.074572438303456,1.0
58,Auction,V8,"(36, 3)",0.9591041169653636,True,1.7526592735431592,1.0
58,Auction,V9,"(88, 62)",6.668710807979721,True,2.4721626129825296,1.0
58,Auction,V10,"(52, 82)",1.0793183240992406,True,10.0025502074634,1.0
58,Q-Learning,V1,"(12, 0)",23.093705720872855,True,19.285714285714285,1.0
58,Q-Learning,V2,"(46, 33)",5.554594150573312,True,7.6467131646363065,1.0
58,Q-Learning,V3,"(47, 93)",2.926321741624701,True,11.573660169594891,1.0
58,Q-Learning,V4,"(40, 100)",14.04010199264286,True,5.617798810543661,1.0
58,Q-Learning,V5,"(79, 63)",28.795861192907545,True,1.0033324079214552,1.0
58,Q-Learning,V6,"(34, 82)",14.332011765034341,True,19.00498756211209,1.0
58,Q-Learning,V7,"(0, 18)",34.963187326303,True,4.381527307120109,1.0
58,Q-Learning,V8,"(60, 65)",18.047993445694317,False,0.0,17.0
58,Q-Learning,V9,"(88, 62)",8.864090219888269,True,0.23078494215840806,1.0
58,Q-Learning,V10,"(44, 59)",1.0316877285470447,True,10.288094577086753,1.0
59,Greedy,V1,"(98, 18)",21.131819901132438,True,20.551932935136456,1.0
59,Greedy,V2,"(19, 85)",13.38734835288479,False,0.0,2.0
59,Greedy,V3,"(71, 74)",11.372836329853591,True,0.860118402024554,1.0
59,Greedy,V4,"(24, 81)",3.0983509306439636,True,15.349958540373631,1.0
59,Greedy,V5,"(15, 4)",4.32050273328224,True,24.4578010129205,1.0
59,Greedy,V6,"(23, 28)",22.43187984518223,True,10.335529974037321,1.0
59,Greedy,V7,"(68, 12)",37.55497239941607,True,1.3237072570242816,1.0
59,Greedy,V8,"(4, 44)",0.031758708861609364,True,12.680004681646913,12.0
59,Greedy,V9,"(85, 73)",17.838500447278523,False,0.0,10.0
59,Greedy,V10,"(20, 66)",9.138659090581939,True,0.4285714285714306,1.0
59,Auction,V1,"(47, 93)",24.681787266473336,True,16.697632740113804,1.0
59,Auction,V2,"(79, 63)",14.629680295985782,False,0.0,3.0
59,Auction,V3,"(44, 59)",0.08616507067178247,True,12.884951406870279,1.0
59,Auction,V4,"(48, 47)",4.657087046677219,True,14.211102550927976,1.0
59,Auction,V5,"(50, 40)",5.885600145651722,True,23.806225774829855,1.0
59,Auction,V6,"(68, 38)",17.260217888446114,True,15.657066051117283,1.0
59,Auction,V7,"(0, 18)",26.8041072181369,True,12.074572438303456,1.0
59,Auction,V8,"(36, 3)",0.9591041169653636,True,0.7526592735431592,1.0
59,Auction,V9,"(88, 62)",6.668710807979721,True,1.4721626129825296,1.0
59,Auction,V10,"(52, 82)",1.0793183240992406,True,9.0025502074634,1.0
59,Q-Learning,V1,"(12, 0)",23.093705720872855,True,18.285714285714285,1.0
59,Q-Learning,V2,"(46, 33)",5.554594150573312,True,6.6467131646363065,1.0
59,Q-Learning,V3,"(47, 93)",2.926321741624701,True,10.573660169594891,1.0
59,Q-Learning,V4,"(40, 100)",14.04010199264286,True,4.617798810543661,1.0
59,Q-Learning,V5,"(79, 63)",28.795861192907545,True,0.0033324079214551716,1.0
59,Q-Learning,V6,"(34, 82)",14.332011765034341,True,18.00498756211209,1.0
59,Q-Learning,V7,"(0, 18)",34.963187326303,True,3.381527307120109,1.0
59,Q-Learning,V8,"(60, 65)",18.047993445694317,False,0.0,18.0
59,Q-Learning,V9,"(88, 62)",8.864090219888269,False,0.0,1.0
59,Q-Learning,V10,"(44, 59)",1.0316877285470447,True,9.288094577086753,1.0
60,Greedy,V1,"(98, 18)",21.131819901132438,True,19.551932935136456,1.0
60,Greedy,V2,"(19, 85)",13.38734835288479,False,0.0,3.0
60,Greedy,V3,"(71, 74)",11.372836329853591,False,0.0,1.0
60,Greedy,V4,"(24, 81)",3.0983509306439636,True,14.349958540373631,1.0
60,Greedy,V5,"(15, 4)",4.32050273328224,True,23.4578010129205,1.0
60,Greedy,V6,"(23, 28)",22.43187984518223,True,9.335529974037321,1.0
60,Greedy,V7,"(68, 12)",37.55497239941607,True,0.3237072570242816,1.0
60,Greedy,V8,"(4, 44)",0.031758708861609364,True,11.680004681646913,12.0
60,Greedy,V9,"(85, 73)",17.838500447278523,False,0.0,11.0
60,Greedy,V10,"(20, 66)",9.138659090581939,False,0.0,1.0
60,Auction,V1,"(47, 93)",24.681787266473336,True,15.697632740113804,1.0
60,Auction,V2,"(79, 63)",14.629680295985782,False,0.0,4.0
60,Auction,V3,"(44, 59)",0.08616507067178247,True,11.884951406870279,1.0
60,Auction,V4,"(48, 47)",4.657087046677219,True,13.211102550927976,1.0
60,Auction,V5,"(50, 40)",5.885600145651722,True,22.806225774829855,1.0
60,Auction,V6,"(68, 38)",17.260217888446114,True,14.657066051117283,1.0
60,Auction,V7,"(0, 18)",26.8041072181369,True,11.074572438303456,1.0
60,Auction,V8,"(36, 3)",0.9591041169653636,False,0.0,1.0
60,Auction,V9,"(88, 62)",6.668710807979721,True,0.4721626129825296,1.0
60,Auction,V10,"(52, 82)",1.0793183240992406,True,8.0025502074634,1.0
60,Q-Learning,V1,"(12, 0)",23.093705720872855,True,17.285714285714285,1.0
60,Q-Learning,V2,"(46, 33)",5.554594150573312,True,5.6467131646363065,1.0
60,Q-Learning,V3,"(47, 93)",2.926321741624701,True,9.573660169594891,1.0
60,Q-Learning,V4,"(40, 100)",14.04010199264286,True,3.617798810543661,1.0
60,Q-Learning,V5,"(48, 47)",0.30730848440506264,True,28.488552708502482,1.0
60,Q-Learning,V6,"(34, 82)",14.332011765034341,True,17.00498756211209,1.0
60,Q-Learning,V7,"(0, 18)",34.963187326303,True,2.381527307120109,1.0
60,Q-Learning,V8,"(60, 65)",18.047993445694317,False,0.0,19.0
60,Q-Learning,V9,"(88, 62)",8.864090219888269,False,0.0,2.0
60,Q-Learning,V10,"(44, 59)",1.0316877285470447,True,8.288094577086753,1.0
61,Greedy,V1,"(98, 18)",21.131819901132438,True,18.551932935136456,1.0
61,Greedy,V2,"(19, 85)",13.38734835288479,False,0.0,4.0
61,Greedy,V3,"(71, 74)",11.372836329853591,False,0.0,2.0
61,Greedy,V4,"(24, 81)",3.0983509306439636,True,13.349958540373631,1.0
61,Greedy,V5,"(15, 4)",4.32050273328224,True,22.4578010129205,1.0
61,Greedy,V6,"(23, 28)",22.43187984518223,True,8.335529974037321,1.0
61,Greedy,V7,"(68, 12)",9.274681052890308,True,28.280291346525765,1.0
61,Greedy,V8,"(4, 44)",0.031758708861609364,True,10.680004681646913,12.0
61,Greedy,V9,"(85, 73)",17.838500447278523,False,0.0,12.0
61,Greedy,V10,"(20, 66)",9.138659090581939,False,0.0,2.0
61,Auction,V1,"(47, 93)",24.681787266473336,True,14.697632740113804,1.0
61,Auction,V2,"(79, 63)",14.629680295985782,False,0.0,5.0
61,Auction,V3,"(44, 59)",0.08616507067178247,True,10.884951406870279,1.0
61,Auction,V4,"(48, 47)",4.657087046677219,True,12.211102550927976,1.0
61,Auction,V5,"(50, 40)",5.885600145651722,True,21.806225774829855,1.0
61,Auction,V6,"(68, 38)",17.260217888446114,True,13.657066051117283,1.0
61,Auction,V7,"(0, 18)",26.8041072181369,True,10.074572438303456,1.0
61,Auction,V8,"(36, 3)",0.9591041169653636,False,0.0,2.0
61,Auction,V9,"(88, 62)",6.668710807979721,False,0.0,1.0
61,Auction,V10,"(52, 82)",1.0793183240992406,True,7.0025502074634005,1.0
61,Q-Learning,V1,"(12, 0)",23.093705720872855,True,16.285714285714285,1.0
61,Q-Learning,V2,"(46, 33)",5.554594150573312,True,4.6467131646363065,1.0
61,Q-Learning,V3,"(47, 93)",2.926321741624701,True,8.573660169594891,1.0
61,Q-Learning,V4,"(40, 100)",14.04010199264286,True,2.617798810543661,1.0
61,Q-Learning,V5,"(48, 47)",0.30730848440506264,True,27.488552708502482,1.0
61,Q-Learning,V6,"(34, 82)",14.332011765034341,True,16.00498756211209,1.0
61,Q-Learning,V7,"(0, 18)",34.963187326303,True,1.381527307120109,1.0
61,Q-Learning,V8,"(60, 65)",18.047993445694317,False,0.0,20.0
61,Q-Learning,V9,"(88, 62)",8.864090219888269,False,0.0,3.0
61,Q-Learning,V10,"(44, 59)",1.0316877285470447,True,7.288094577086753,1.0
62,Greedy,V1,"(98, 18)",21.131819901132438,True,17.551932935136456,1.0
62,Greedy,V2,"(19, 85)",13.38734835288479,False,0.0,5.0
62,Greedy,V3,"(71, 74)",11.372836329853591,False,0.0,3.0
62,Greedy,V4,"(24, 81)",3.0983509306439636,True,12.349958540373631,1.0
62,Greedy,V5,"(15, 4)",4.32050273328224,True,21.4578010129205,1.0
62,Greedy,V6,"(23, 28)",22.43187984518223,True,7.335529974037321,1.0
62,Greedy,V7,"(68, 12)",9.274681052890308,True,27.280291346525765,1.0
62,Greedy,V8,"(4, 44)",0.031758708861609364,True,9.680004681646913,12.0
62,Greedy,V9,"(85, 73)",17.838500447278523,False,0.0,13.0
62,Greedy,V10,"(20, 66)",9.138659090581939,False,0.0,3.0
62,Auction,V1,"(47, 93)",24.681787266473336,True,13.697632740113804,1.0
62,Auction,V2,"(79, 63)",14.629680295985782,False,0.0,6.0
62,Auction,V3,"(44, 59)",0.08616507067178247,True,9.884951406870279,1.0
62,Auction,V4,"(48, 47)",4.657087046677219,True,11.211102550927976,1.0
62,Auction,V5,"(50, 40)",5.885600145651722,True,20.806225774829855,1.0
62,Auction,V6,"(68, 38)",17.260217888446114,True,12.657066051117283,1.0
62,Auction,V7,"(0, 18)",26.8041072181369,True,9.074572438303456,1.0
62,Auction,V8,"(36, 3)",0.9591041169653636,False,0.0,3.0
62,Auction,V9,"(88, 62)",6.668710807979721,False,0.0,2.0
62,Auction,V10,"(52, 82)",1.0793183240992406,True,6.0025502074634005,1.0
62,Q-Learning,V1,"(12, 0)",23.093705720872855,True,15.285714285714285,1.0
62,Q-Learning,V2,"(46, 33)",5.554594150573312,True,3.6467131646363065,1.0
62,Q-Learning,V3,"(47, 93)",2.926321741624701,True,7.573660169594891,1.0
62,Q-Learning,V4,"(40, 100)",14.04010199264286,True,1.6177988105436611,1.0
62,Q-Learning,V5,"(48, 47)",0.30730848440506264,True,26.488552708502482,1.0
62,Q-Learning,V6,"(34, 82)",14.332011765034341,True,15.004987562112088,1.0
62,Q-Learning,V7,"(0, 18)",34.963187326303,True,0.38152730712010907,1.0
62,Q-Learning,V8,"(60, 65)",18.047993445694317,False,0.0,21.0
62,Q-Learning,V9,"(88, 62)",8.864090219888269,False,0.0,4.0
62,Q-Learning,V10,"(44, 59)",1.0316877285470447,True,6.288094577086753,1.0
63,Greedy,V1,"(98, 18)",21.131819901132438,True,16.551932935136456,1.0
63,Greedy,V2,"(19, 85)",13.38734835288479,False,0.0,6.0
63,Greedy,V3,"(71, 74)",11.372836329853591,False,0.0,4.0
63,Greedy,V4,"(24, 81)",3.0983509306439636,True,11.349958540373631,1.0
63,Greedy,V5,"(15, 4)",4.32050273328224,True,20.4578010129205,1.0
63,Greedy,V6,"(23, 28)",22.43187984518223,True,6.335529974037321,1.0
63,Greedy,V7,"(68, 12)",9.274681052890308,True,26.280291346525765,1.0
63,Greedy,V8,"(4, 44)",0.031758708861609364,True,8.680004681646913,12.0
63,Greedy,V9,"(85, 73)",17.838500447278523,False,0.0,14.0
63,Greedy,V10,"(20, 66)",9.138659090581939,False,0.0,4.0
63,Auction,V1,"(47, 93)",24.681787266473336,True,12.697632740113804,1.0
63,Auction,V2,"(79, 63)",14.629680295985782,False,0.0,7.0
63,Auction,V3,"(44, 59)",0.08616507067178247,True,8.884951406870279,1.0
63,Auction,V4,"(48, 47)",4.657087046677219,True,10.211102550927976,1.0
63,Auction,V5,"(50, 40)",5.885600145651722,True,19.806225774829855,1.0
63,Auction,V6,"(68, 38)",17.260217888446114,True,11.657066051117283,1.0
63,Auction,V7,"(0, 18)",26.8041072181369,True,8.074572438303456,1.0
63,Auction,V8,"(36, 3)",0.9591041169653636,False,0.0,4.0
63,Auction,V9,"(88, 62)",6.668710807979721,False,0.0,3.0
63,Auction,V10,"(52, 82)",1.0793183240992406,True,5.0025502074634005,1.0
63,Q-Learning,V1,"(12, 0)",23.093705720872855,True,14.285714285714285,1.0
63,Q-Learning,V2,"(46, 33)",5.554594150573312,True,2.6467131646363065,1.0
63,Q-Learning,V3,"(47, 93)",2.926321741624701,True,6.573660169594891,1.0
63,Q-Learning,V4,"(40, 100)",14.04010199264286,True,0.6177988105436611,1.0
63,Q-Learning,V5,"(48, 47)",0.30730848440506264,True,25.488552708502482,1.0
63,Q-Learning,V6,"(34, 82)",14.332011765034341,True,14.004987562112088,1.0
63,Q-Learning,V7,"(36, 3)",15.463187326303,True,19.5,1.0
63,Q-Learning,V8,"(60, 65)",18.047993445694317,False,0.0,22.0
63,Q-Learning,V9,"(88, 62)",8.864090219888269,False,0.0,5.0
63,Q-Learning,V10,"(44, 59)",1.0316877285470447,True,5.288094577086753,1.0
64,Greedy,V1,"(98, 18)",21.131819901132438,True,15.551932935136456,1.0
64,Greedy,V2,"(19, 85)",13.38734835288479,False,0.0,7.0
64,Greedy,V3,"(71, 74)",11.372836329853591,False,0.0,5.0
64,Greedy,V4,"(24, 81)",3.0983509306439636,True,10.349958540373631,1.0
64,Greedy,V5,"(15, 4)",4.32050273328224,True,19.4578010129205,1.0
64,Greedy,V6,"(23, 28)",22.43187984518223,True,5.335529974037321,1.0
64,Greedy,V7,"(68, 12)",9.274681052890308,True,25.280291346525765,1.0
64,Greedy,V8,"(4, 44)",0.031758708861609364,True,7.680004681646913,12.0
64,Greedy,V9,"(85, 73)",17.838500447278523,False,0.0,15.0
64,Greedy,V10,"(20, 66)",9.138659090581939,False,0.0,5.0
64,Auction,V1,"(47, 93)",24.681787266473336,True,11.697632740113804,1.0
64,Auction,V2,"(79, 63)",14.629680295985782,False,0.0,8.0
64,Auction,V3,"(44, 59)",0.08616507067178247,True,7.884951406870279,1.0
64,Auction,V4,"(48, 47)",4.657087046677219,True,9.211102550927976,1.0
64,Auction,V5,"(50, 40)",5.885600145651722,True,18.806225774829855,1.0
64,Auction,V6,"(68, 38)",17.260217888446114,True,10.657066051117283,1.0
64,Auction,V7,"(0, 18)",26.8041072181369,True,7.074572438303456,1.0
64,Auction,V8,"(36, 3)",0.9591041169653636,False,0.0,5.0
64,Auction,V9,"(88, 62)",6.668710807979721,False,0.0,4.0
64,Auction,V10,"(52, 82)",1.0793183240992406,True,4.0025502074634005,1.0
64,Q-Learning,V1,"(12, 0)",23.093705720872855,True,13.285714285714285,1.0
64,Q-Learning,V2,"(46, 33)",5.554594150573312,True,1.6467131646363065,1.0
64,Q-Learning,V3,"(47, 93)",2.926321741624701,True,5.573660169594891,1.0
64,Q-Learning,V4,"(40, 100)",14.04010199264286,False,0.0,1.0
64,Q-Learning,V5,"(48, 47)",0.30730848440506264,True,24.488552708502482,1.0
64,Q-Learning,V6,"(34, 82)",14.332011765034341,True,13.004987562112088,1.0
64,Q-Learning,V7,"(36, 3)",15.463187326303,True,18.5,1.0
64,Q-Learning,V8,"(60, 65)",18.047993445694317,False,0.0,23.0
64,Q-Learning,V9,"(88, 62)",8.864090219888269,False,0.0,6.0
64,Q-Learning,V10,"(44, 59)",1.0316877285470447,True,4.288094577086753,1.0
65,Greedy,V1,"(98, 18)",21.131819901132438,True,14.551932935136456,1.0
65,Greedy,V2,"(19, 85)",13.38734835288479,False,0.0,8.0
65,Greedy,V3,"(71, 74)",11.372836329853591,False,0.0,6.0
65,Greedy,V4,"(24, 81)",3.0983509306439636,True,9.349958540373631,1.0
65,Greedy,V5,"(15, 4)",4.32050273328224,True,18.4578010129205,1.0
65,Greedy,V6,"(23, 28)",22.43187984518223,True,4.335529974037321,1.0
65,Greedy,V7,"(68, 12)",9.274681052890308,True,24.280291346525765,1.0
65,Greedy,V8,"(4, 44)",0.031758708861609364,True,6.680004681646913,12.0
65,Greedy,V9,"(85, 73)",17.838500447278523,False,0.0,16.0
65,Greedy,V10,"(20, 66)",9.138659090581939,False,0.0,6.0
65,Auction,V1,"(47, 93)",24.681787266473336,True,10.697632740113804,1.0
65,Auction,V2,"(79, 63)",14.629680295985782,False,0.0,9.0
65,Auction,V3,"(44, 59)",0.08616507067178247,True,6.884951406870279,1.0
65,Auction,V4,"(48, 47)",4.657087046677219,True,8.211102550927976,1.0
65,Auction,V5,"(50, 40)",5.885600145651722,True,17.806225774829855,1.0
65,Auction,V6,"(68, 38)",17.260217888446114,True,9.657066051117283,1.0
65,Auction,V7,"(0, 18)",26.8041072181369,True,6.074572438303456,1.0
65,Auction,V8,"(36, 3)",0.9591041169653636,False,0.0,6.0
65,Auction,V9,"(88, 62)",6.668710807979721,False,0.0,5.0
65,Auction,V10,"(52, 82)",1.0793183240992406,True,3.0025502074634005,1.0
65,Q-Learning,V1,"(12, 0)",23.093705720872855,True,12.285714285714285,1.0
65,Q-Learning,V2,"(46, 33)",5.554594150573312,True,0.6467131646363065,1.0
65,Q-Learning,V3,"(47, 93)",2.926321741624701,True,4.573660169594891,1.0
65,Q-Learning,V4,"(40, 100)",14.04010199264286,False,0.0,2.0
65,Q-Learning,V5,"(48, 47)",0.30730848440506264,True,23.488552708502482,1.0
65,Q-Learning,V6,"(34, 82)",14.332011765034341,True,12.004987562112088,1.0
65,Q-Learning,V7,"(36, 3)",15.463187326303,True,17.5,1.0
65,Q-Learning,V8,"(60, 65)",18.047993445694317,False,0.0,24.0
65,Q-Learning,V9,"(88, 62)",8.864090219888269,False,0.0,7.0
65,Q-Learning,V10,"(44, 59)",1.0316877285470447,True,3.2880945770867527,1.0
66,Greedy,V1,"(98, 18)",21.131819901132438,True,13.551932935136456,1.0
66,Greedy,V2,"(19, 85)",13.38734835288479,False,0.0,9.0
66,Greedy,V3,"(71, 74)",11.372836329853591,False,0.0,7.0
66,Greedy,V4,"(24, 81)",3.0983509306439636,True,8.349958540373631,1.0
66,Greedy,V5,"(15, 4)",4.32050273328224,True,17.4578010129205,1.0
66,Greedy,V6,"(23, 28)",22.43187984518223,True,3.335529974037321,1.0
66,Greedy,V7,"(68, 12)",9.274681052890308,True,23.280291346525765,1.0
66,Greedy,V8,"(4, 44)",0.031758708861609364,True,5.680004681646913,12.0
66,Greedy,V9,"(85, 73)",17.838500447278523,False,0.0,17.0
66,Greedy,V10,"(20, 66)",9.138659090581939,False,0.0,7.0
66,Auction,V1,"(47, 93)",24.681787266473336,True,9.697632740113804,1.0
66,Auction,V2,"(79, 63)",14.629680295985782,False,0.0,10.0
66,Auction,V3,"(44, 59)",0.08616507067178247,True,5.884951406870279,1.0
66,Auction,V4,"(48, 47)",4.657087046677219,True,7.211102550927976,1.0
66,Auction,V5,"(50, 40)",5.885600145651722,True,16.806225774829855,1.0
66,Auction,V6,"(68, 38)",17.260217888446114,True,8.657066051117283,1.0
66,Auction,V7,"(0, 18)",26.8041072181369,True,5.074572438303456,1.0
66,Auction,V8,"(36, 3)",0.9591041169653636,False,0.0,7.0
66,Auction,V9,"(88, 62)",6.668710807979721,False,0.0,6.0
66,Auction,V10,"(52, 82)",1.0793183240992406,True,2.0025502074634005,1.0
66,Q-Learning,V1,"(12, 0)",23.093705720872855,True,11.285714285714285,1.0
66,Q-Learning,V2,"(46, 33)",5.554594150573312,False,0.0,1.0
66,Q-Learning,V3,"(47, 93)",2.926321741624701,True,3.5736601695948913,1.0
66,Q-Learning,V4,"(40, 100)",14.04010199264286,False,0.0,3.0
66,Q-Learning,V5,"(48, 47)",0.30730848440506264,True,22.488552708502482,1.0
66,Q-Learning,V6,"(34, 82)",14.332011765034341,True,11.004987562112088,1.0
66,Q-Learning,V7,"(36, 3)",15.463187326303,True,16.5,1.0
66,Q-Learning,V8,"(60, 65)",18.047993445694317,False,0.0,25.0
66,Q-Learning,V9,"(88, 62)",8.864090219888269,False,0.0,8.0
66,Q-Learning,V10,"(44, 59)",1.0316877285470447,True,2.2880945770867527,1.0
67,Greedy,V1,"(98, 18)",21.131819901132438,True,12.551932935136456,1.0
67,Greedy,V2,"(19, 85)",13.38734835288479,False,0.0,10.0
67,Greedy,V3,"(71, 74)",11.372836329853591,False,0.0,8.0
67,Greedy,V4,"(24, 81)",3.0983509306439636,True,7.349958540373631,1.0
67,Greedy,V5,"(15, 4)",4.32050273328224,True,16.4578010129205,1.0
67,Greedy,V6,"(23, 28)",22.43187984518223,True,2.335529974037321,1.0
67,Greedy,V7,"(68, 12)",9.274681052890308,True,22.280291346525765,1.0
67,Greedy,V8,"(4, 44)",0.031758708861609364,True,4.680004681646913,12.0
67,Greedy,V9,"(85, 73)",17.838500447278523,False,0.0,18.0
67,Greedy,V10,"(20, 66)",9.138659090581939,False,0.0,8.0
67,Auction,V1,"(47, 93)",24.681787266473336,True,8.697632740113804,1.0
67,Auction,V2,"(79, 63)",14.629680295985782,False,0.0,11.0
67,Auction,V3,"(44, 59)",0.08616507067178247,True,4.884951406870279,1.0
67,Auction,V4,"(48, 47)",4.657087046677219,True,6.211102550927976,1.0
67,Auction,V5,"(50, 40)",5.885600145651722,True,15.806225774829855,1.0
67,Auction,V6,"(68, 38)",17.260217888446114,True,7.657066051117283,1.0
67,Auction,V7,"(0, 18)",26.8041072181369,True,4.074572438303456,1.0
67,Auction,V8,"(36, 3)",0.9591041169653636,False,0.0,8.0
67,Auction,V9,"(88, 62)",6.668710807979721,False,0.0,7.0
67,Auction,V10,"(52, 82)",1.0793183240992406,True,1.0025502074634005,1.0
67,Q-Learning,V1,"(12, 0)",23.093705720872855,True,10.285714285714285,1.0
67,Q-Learning,V2,"(46, 33)",5.554594150573312,False,0.0,2.0
67,Q-Learning,V3,"(47, 93)",2.926321741624701,True,2.5736601695948913,1.0
67,Q-Learning,V4,"(40, 100)",14.04010199264286,False,0.0,4.0
67,Q-Learning,V5,"(48, 47)",0.30730848440506264,True,21.488552708502482,1.0
67,Q-Learning,V6,"(34, 82)",14.332011765034341,True,10.004987562112088,1.0
67,Q-Learning,V7,"(36, 3)",15.463187326303,True,15.5,1.0
67,Q-Learning,V8,"(60, 65)",18.047993445694317,False,0.0,26.0
67,Q-Learning,V9,"(88, 62)",8.864090219888269,False,0.0,9.0
67,Q-Learning,V10,"(44, 59)",1.0316877285470447,True,1.2880945770867527,1.0
68,Greedy,V1,"(98, 18)",21.131819901132438,True,11.551932935136456,1.0
68,Greedy,V2,"(19, 85)",13.38734835288479,False,0.0,11.0
68,Greedy,V3,"(71, 74)",11.372836329853591,False,0.0,9.0
68,Greedy,V4,"(24, 81)",3.0983509306439636,True,6.349958540373631,1.0
68,Greedy,V5,"(15, 4)",4.32050273328224,True,15.457801012920498,1.0
68,Greedy,V6,"(23, 28)",22.43187984518223,True,1.3355299740373212,1.0
68,Greedy,V7,"(68, 12)",9.274681052890308,True,21.280291346525765,1.0
68,Greedy,V8,"(4, 44)",0.031758708861609364,True,3.6800046816469134,12.0
68,Greedy,V9,"(85, 73)",17.838500447278523,False,0.0,19.0
68,Greedy,V10,"(20, 66)",9.138659090581939,False,0.0,9.0
68,Auction,V1,"(47, 93)",24.681787266473336,True,7.697632740113804,1.0
68,Auction,V2,"(79, 63)",14.629680295985782,False,0.0,12.0
68,Auction,V3,"(44, 59)",0.08616507067178247,True,3.884951406870279,1.0
68,Auction,V4,"(48, 47)",4.657087046677219,True,5.211102550927976,1.0
68,Auction,V5,"(50, 40)",5.885600145651722,True,14.806225774829855,1.0
68,Auction,V6,"(68, 38)",17.260217888446114,True,6.657066051117283,1.0
68,Auction,V7,"(0, 18)",26.8041072181369,True,3.0745724383034556,1.0
68,Auction,V8,"(36, 3)",0.9591041169653636,False,0.0,9.0
68,Auction,V9,"(88, 62)",6.668710807979721,False,0.0,8.0
68,Auction,V10,"(52, 82)",1.0793183240992406,True,0.002550207463400511,1.0
68,Q-Learning,V1,"(12, 0)",23.093705720872855,True,9.285714285714285,1.0
68,Q-Learning,V2,"(46, 33)",5.554594150573312,False,0.0,3.0
68,Q-Learning,V3,"(47, 93)",2.926321741624701,True,1.5736601695948913,1.0
68,Q-Learning,V4,"(40, 100)",14.04010199264286,False,0.0,5.0
68,Q-Learning,V5,"(48, 47)",0.30730848440506264,True,20.488552708502482,1.0
68,Q-Learning,V6,"(34, 82)",14.332011765034341,True,9.004987562112088,1.0
68,Q-Learning,V7,"(36, 3)",15.463187326303,True,14.5,1.0
68,Q-Learning,V8,"(60, 65)",18.047993445694317,False,0.0,27.0
68,Q-Learning,V9,"(88, 62)",8.864090219888269,False,0.0,10.0
68,Q-Learning,V10,"(44, 59)",1.0316877285470447,True,0.2880945770867527,1.0
69,Greedy,V1,"(98, 18)",21.131819901132438,True,10.551932935136456,1.0
69,Greedy,V2,"(19, 85)",13.38734835288479,False,0.0,12.0
69,Greedy,V3,"(71, 74)",11.372836329853591,False,0.0,10.0
69,Greedy,V4,"(24, 81)",3.0983509306439636,True,5.349958540373631,1.0
69,Greedy,V5,"(15, 4)",4.32050273328224,True,14.457801012920498,1.0
69,Greedy,V6,"(23, 28)",22.43187984518223,True,0.3355299740373212,1.0
69,Greedy,V7,"(68, 12)",9.274681052890308,True,20.280291346525765,1.0
69,Greedy,V8,"(4, 44)",0.031758708861609364,True,2.6800046816469134,12.0
69,Greedy,V9,"(85, 73)",17.838500447278523,False,0.0,20.0
69,Greedy,V10,"(20, 66)",9.138659090581939,False,0.0,10.0
69,Auction,V1,"(47, 93)",24.681787266473336,True,6.697632740113804,1.0
69,Auction,V2,"(79, 63)",14.629680295985782,False,0.0,13.0
69,Auction,V3,"(44, 59)",0.08616507067178247,True,2.884951406870279,1.0
69,Auction,V4,"(48, 47)",4.657087046677219,True,4.211102550927976,1.0
69,Auction,V5,"(50, 40)",5.885600145651722,True,13.806225774829855,1.0
69,Auction,V6,"(68, 38)",17.260217888446114,True,5.657066051117283,1.0
69,Auction,V7,"(0, 18)",26.8041072181369,True,2.0745724383034556,1.0
69,Auction,V8,"(36, 3)",0.9591041169653636,False,0.0,10.0
69,Auction,V9,"(88, 62)",6.668710807979721,False,0.0,9.0
69,Auction,V10,"(52, 82)",1.0793183240992406,False,0.0,1.0
69,Q-Learning,V1,"(12, 0)",23.093705720872855,True,8.285714285714285,1.0
69,Q-Learning,V2,"(46, 33)",5.554594150573312,False,0.0,4.0
69,Q-Learning,V3,"(47, 93)",2.926321741624701,True,0.5736601695948913,1.0
69,Q-Learning,V4,"(40, 100)",14.04010199264286,False,0.0,6.0
69,Q-Learning,V5,"(48, 47)",0.30730848440506264,True,19.488552708502482,1.0
69,Q-Learning,V6,"(34, 82)",14.332011765034341,True,8.004987562112088,1.0
69,Q-Learning,V7,"(36, 3)",15.463187326303,True,13.5,1.0
69,Q-Learning,V8,"(60, 65)",18.047993445694317,False,0.0,28.0
69,Q-Learning,V9,"(88, 62)",8.864090219888269,False,0.0,11.0
69,Q-Learning,V10,"(44, 59)",1.0316877285470447,False,0.0,1.0
70,Greedy,V1,"(98, 18)",21.131819901132438,True,9.551932935136456,1.0
70,Greedy,V2,"(19, 85)",13.38734835288479,False,0.0,13.0
70,Greedy,V3,"(71, 74)",11.372836329853591,False,0.0,11.0
70,Greedy,V4,"(24, 81)",3.0983509306439636,True,4.349958540373631,1.0
70,Greedy,V5,"(15, 4)",4.32050273328224,True,13.457801012920498,1.0
70,Greedy,V6,"(23, 28)",6.614079284461155,True,15.817800560721075,1.0
70,Greedy,V7,"(68, 12)",9.274681052890308,True,19.280291346525765,1.0
70,Greedy,V8,"(4, 44)",0.031758708861609364,True,1.6800046816469134,12.0
70,Greedy,V9,"(85, 73)",17.838500447278523,False,0.0,21.0
70,Greedy,V10,"(20, 66)",9.138659090581939,False,0.0,11.0
70,Auction,V1,"(47, 93)",24.681787266473336,True,5.697632740113804,1.0
70,Auction,V2,"(79, 63)",14.629680295985782,False,0.0,14.0
70,Auction,V3,"(44, 59)",0.08616507067178247,True,1.8849514068702788,1.0
70,Auction,V4,"(48, 47)",4.657087046677219,True,3.2111025509279756,1.0
70,Auction,V5,"(50, 40)",5.885600145651722,True,12.806225774829855,1.0
70,Auction,V6,"(68, 38)",17.260217888446114,True,4.657066051117283,1.0
70,Auction,V7,"(0, 18)",26.8041072181369,True,1.0745724383034556,1.0
70,Auction,V8,"(36, 3)",0.9591041169653636,False,0.0,11.0
70,Auction,V9,"(88, 62)",6.668710807979721,False,0.0,10.0
70,Auction,V10,"(52, 82)",1.0793183240992406,False,0.0,2.0
70,Q-Learning,V1,"(12, 0)",23.093705720872855,True,7.285714285714285,1.0
70,Q-Learning,V2,"(46, 33)",5.554594150573312,False,0.0,5.0
70,Q-Learning,V3,"(47, 93)",2.926321741624701,False,0.0,1.0
70,Q-Learning,V4,"(40, 100)",14.04010199264286,False,0.0,7.0
70,Q-Learning,V5,"(48, 47)",0.30730848440506264,True,18.488552708502482,1.0
70,Q-Learning,V6,"(34, 82)",14.332011765034341,True,7.004987562112088,1.0
70,Q-Learning,V7,"(36, 3)",15.463187326303,True,12.5,1.0
70,Q-Learning,V8,"(60, 65)",18.047993445694317,False,0.0,29.0
70,Q-Learning,V9,"(88, 62)",8.864090219888269,False,0.0,12.0
70,Q-Learning,V10,"(44, 59)",1.0316877285470447,False,0.0,2.0
71,Greedy,V1,"(98, 18)",21.131819901132438,True,8.551932935136456,1.0
71,Greedy,V2,"(19, 85)",13.38734835288479,False,0.0,14.0
71,Greedy,V3,"(71, 74)",11.372836329853591,False,0.0,12.0
71,Greedy,V4,"(24, 81)",3.0983509306439636,True,3.349958540373631,1.0
71,Greedy,V5,"(15, 4)",4.32050273328224,True,12.457801012920498,1.0
71,Greedy,V6,"(23, 28)",6.614079284461155,True,14.817800560721075,1.0
71,Greedy,V7,"(68, 12)",9.274681052890308,True,18.280291346525765,1.0
71,Greedy,V8,"(4, 44)",0.031758708861609364,True,0.6800046816469134,12.0
71,Greedy,V9,"(85, 73)",17.838500447278523,False,0.0,22.0
71,Greedy,V10,"(20, 66)",9.138659090581939,False,0.0,12.0
71,Auction,V1,"(47, 93)",24.681787266473336,True,4.697632740113804,1.0
71,Auction,V2,"(79, 63)",14.629680295985782,False,0.0,15.0
71,Auction,V3,"(44, 59)",0.08616507067178247,True,0.8849514068702788,1.0
71,Auction,V4,"(48, 47)",4.657087046677219,True,2.2111025509279756,1.0
71,Auction,V5,"(50, 40)",5.885600145651722,True,11.806225774829855,1.0
71,Auction,V6,"(68, 38)",17.260217888446114,True,3.6570660511172832,1.0
71,Auction,V7,"(0, 18)",26.8041072181369,True,0.07457243830345561,1.0
71,Auction,V8,"(36, 3)",0.9591041169653636,False,0.0,12.0
71,Auction,V9,"(88, 62)",6.668710807979721,False,0.0,11.0
71,Auction,V10,"(52, 82)",1.0793183240992406,False,0.0,3.0
71,Q-Learning,V1,"(12, 0)",23.093705720872855,True,6.285714285714285,1.0
71,Q-Learning,V2,"(46, 33)",5.554594150573312,False,0.0,6.0
71,Q-Learning,V3,"(47, 93)",2.926321741624701,False,0.0,2.0
71,Q-Learning,V4,"(40, 100)",14.04010199264286,False,0.0,8.0
71,Q-Learning,V5,"(48, 47)",0.30730848440506264,True,17.488552708502482,1.0
71,Q-Learning,V6,"(34, 82)",14.332011765034341,True,6.004987562112088,1.0
71,Q-Learning,V7,"(36, 3)",15.463187326303,True,11.5,1.0
71,Q-Learning,V8,"(60, 65)",18.047993445694317,False,0.0,30.0
71,Q-Learning,V9,"(88, 62)",8.864090219888269,False,0.0,13.0
71,Q-Learning,V10,"(44, 59)",1.0316877285470447,False,0.0,3.0
72,Greedy,V1,"(98, 18)",21.131819901132438,True,7.551932935136456,1.0
72,Greedy,V2,"(19, 85)",13.38734835288479,False,0.0,15.0
72,Greedy,V3,"(71, 74)",11.372836329853591,False,0.0,13.0
72,Greedy,V4,"(24, 81)",3.0983509306439636,True,2.349958540373631,1.0
72,Greedy,V5,"(15, 4)",4.32050273328224,True,11.457801012920498,1.0
72,Greedy,V6,"(23, 28)",6.614079284461155,True,13.817800560721075,1.0
72,Greedy,V7,"(68, 12)",9.274681052890308,True,17.280291346525765,1.0
72,Greedy,V8,"(4, 44)",0.031758708861609364,False,0.0,12.0
72,Greedy,V9,"(85, 73)",17.838500447278523,False,0.0,23.0
72,Greedy,V10,"(20, 66)",9.138659090581939,False,0.0,13.0
72,Auction,V1,"(47, 93)",24.681787266473336,True,3.6976327401138036,1.0
72,Auction,V2,"(79, 63)",14.629680295985782,False,0.0,16.0
72,Auction,V3,"(44, 59)",0.08616507067178247,False,0.0,1.0
72,Auction,V4,"(48, 47)",4.657087046677219,True,1.2111025509279756,1.0
72,Auction,V5,"(50, 40)",5.885600145651722,True,10.806225774829855,1.0
72,Auction,V6,"(68, 38)",17.260217888446114,True,2.6570660511172832,1.0
72,Auction,V7,"(32, 83)",0.7291100936835946,True,26.074997124453304,1.0
72,Auction,V8,"(36, 3)",0.9591041169653636,False,0.0,13.0
72,Auction,V9,"(88, 62)",6.668710807979721,False,0.0,12.0
72,Auction,V10,"(52, 82)",1.0793183240992406,False,0.0,4.0
72,Q-Learning,V1,"(12, 0)",23.093705720872855,True,5.285714285714285,1.0
72,Q-Learning,V2,"(46, 33)",5.554594150573312,False,0.0,7.0
72,Q-Learning,V3,"(47, 93)",2.926321741624701,False,0.0,3.0
72,Q-Learning,V4,"(40, 100)",14.04010199264286,False,0.0,9.0
72,Q-Learning,V5,"(48, 47)",0.30730848440506264,True,16.488552708502482,1.0
72,Q-Learning,V6,"(34, 82)",14.332011765034341,True,5.004987562112088,1.0
72,Q-Learning,V7,"(36, 3)",15.463187326303,True,10.5,1.0
72,Q-Learning,V8,"(60, 65)",18.047993445694317,False,0.0,31.0
72,Q-Learning,V9,"(88, 62)",8.864090219888269,False,0.0,14.0
72,Q-Learning,V10,"(44, 59)",1.0316877285470447,False,0.0,4.0
73,Greedy,V1,"(98, 18)",21.131819901132438,True,6.551932935136456,1.0
73,Greedy,V2,"(19, 85)",13.38734835288479,False,0.0,16.0
73,Greedy,V3,"(71, 74)",11.372836329853591,False,0.0,14.0
73,Greedy,V4,"(24, 81)",3.0983509306439636,True,1.3499585403736312,1.0
73,Greedy,V5,"(15, 4)",4.32050273328224,True,10.457801012920498,1.0
73,Greedy,V6,"(23, 28)",6.614079284461155,True,12.817800560721075,1.0
73,Greedy,V7,"(68, 12)",9.274681052890308,True,16.280291346525765,1.0
73,Greedy,V8,"(4, 44)",0.031758708861609364,False,0.0,13.0
73,Greedy,V9,"(85, 73)",0.5558081722882697,True,17.282692274990254,24.0
73,Greedy,V10,"(20, 66)",9.138659090581939,False,0.0,14.0
73,Auction,V1,"(47, 93)",24.681787266473336,True,2.6976327401138036,1.0
73,Auction,V2,"(79, 63)",14.629680295985782,False,0.0,17.0
73,Auction,V3,"(44, 59)",0.08616507067178247,False,0.0,2.0
73,Auction,V4,"(48, 47)",4.657087046677219,True,0.21110255092797559,1.0
73,Auction,V5,"(50, 40)",5.885600145651722,True,9.806225774829855,1.0
73,Auction,V6,"(68, 38)",17.260217888446114,True,1.6570660511172832,1.0
73,Auction,V7,"(32, 83)",0.7291100936835946,True,25.074997124453304,1.0
73,Auction,V8,"(36, 3)",0.9591041169653636,False,0.0,14.0
73,Auction,V9,"(88, 62)",6.668710807979721,False,0.0,13.0
73,Auction,V10,"(52, 82)",1.0793183240992406,False,0.0,5.0
73,Q-Learning,V1,"(12, 0)",23.093705720872855,True,4.285714285714285,1.0
73,Q-Learning,V2,"(46, 33)",5.554594150573312,False,0.0,8.0
73,Q-Learning,V3,"(47, 93)",2.926321741624701,False,0.0,4.0
73,Q-Learning,V4,"(40, 100)",14.04010199264286,False,0.0,10.0
73,Q-Learning,V5,"(48, 47)",0.30730848440506264,True,15.488552708502482,1.0
73,Q-Learning,V6,"(34, 82)",14.332011765034341,True,4.004987562112088,1.0
73,Q-Learning,V7,"(36, 3)",15.463187326303,True,9.5,1.0
73,Q-Learning,V8,"(50, 87)",1.0064704588970308,True,17.041522986797286,32.0
73,Q-Learning,V9,"(88, 62)",8.864090219888269,False,0.0,15.0
73,Q-Learning,V10,"(44, 59)",1.0316877285470447,False,0.0,5.0
74,Greedy,V1,"(98, 18)",21.131819901132438,True,5.551932935136456,1.0
74,Greedy,V2,"(19, 85)",13.38734835288479,False,0.0,17.0
74,Greedy,V3,"(71, 74)",11.372836329853591,False,0.0,15.0
74,Greedy,V4,"(24, 81)",3.0983509306439636,True,0.34995854037363117,1.0
74,Greedy,V5,"(15, 4)",4.32050273328224,True,9.457801012920498,1.0
74,Greedy,V6,"(23, 28)",6.614079284461155,True,11.817800560721075,1.0
74,Greedy,V7,"(68, 12)",9.274681052890308,True,15.280291346525765,1.0
74,Greedy,V8,"(4, 44)",0.031758708861609364,False,0.0,14.0
74,Greedy,V9,"(85, 73)",0.5558081722882697,True,16.282692274990254,24.0
74,Greedy,V10,"(20, 66)",9.138659090581939,False,0.0,15.0
74,Auction,V1,"(47, 93)",24.681787266473336,True,1.6976327401138036,1.0
74,Auction,V2,"(79, 63)",14.629680295985782,False,0.0,18.0
74,Auction,V3,"(44, 59)",0.08616507067178247,False,0.0,3.0
74,Auction,V4,"(48, 47)",4.657087046677219,False,0.0,1.0
74,Auction,V5,"(50, 40)",5.885600145651722,True,8.806225774829855,1.0
74,Auction,V6,"(68, 38)",17.260217888446114,True,0.6570660511172832,1.0
74,Auction,V7,"(32, 83)",0.7291100936835946,True,24.074997124453304,1.0
74,Auction,V8,"(36, 3)",0.9591041169653636,False,0.0,15.0
74,Auction,V9,"(88, 62)",6.668710807979721,False,0.0,14.0
74,Auction,V10,"(52, 82)",1.0793183240992406,False,0.0,6.0
74,Q-Learning,V1,"(12, 0)",23.093705720872855,True,3.2857142857142847,1.0
74,Q-Learning,V2,"(46, 33)",5.554594150573312,False,0.0,9.0
74,Q-Learning,V3,"(47, 93)",2.926321741624701,False,0.0,5.0
74,Q-Learning,V4,"(40, 100)",14.04010199264286,False,0.0,11.0
74,Q-Learning,V5,"(48, 47)",0.30730848440506264,True,14.488552708502482,1.0
74,Q-Learning,V6,"(34, 82)",14.332011765034341,True,3.0049875621120883,1.0
74,Q-Learning,V7,"(36, 3)",15.463187326303,True,8.5,1.0
74,Q-Learning,V8,"(50, 87)",1.0064704588970308,True,16.041522986797286,32.0
74,Q-Learning,V9,"(88, 62)",8.864090219888269,False,0.0,16.0
74,Q-Learning,V10,"(44, 59)",1.0316877285470447,False,0.0,6.0
75,Greedy,V1,"(98, 18)",21.131819901132438,True,4.551932935136456,1.0
75,Greedy,V2,"(19, 85)",13.38734835288479,False,0.0,18.0
75,Greedy,V3,"(71, 74)",11.372836329853591,False,0.0,16.0
75,Greedy,V4,"(24, 81)",3.0983509306439636,False,0.0,1.0
75,Greedy,V5,"(15, 4)",4.32050273328224,True,8.457801012920498,1.0
75,Greedy,V6,"(23, 28)",6.614079284461155,True,10.817800560721075,1.0
75,Greedy,V7,"(68, 12)",9.274681052890308,True,14.280291346525765,1.0
75,Greedy,V8,"(4, 44)",0.031758708861609364,False,0.0,15.0
75,Greedy,V9,"(85, 73)",0.5558081722882697,True,15.282692274990254,24.0
75,Greedy,V10,"(20, 66)",9.138659090581939,False,0.0,16.0
75,Auction,V1,"(47, 93)",24.681787266473336,True,0.6976327401138036,1.0
75,Auction,V2,"(79, 63)",14.629680295985782,False,0.0,19.0
75,Auction,V3,"(44, 59)",0.08616507067178247,False,0.0,4.0
75,Auction,V4,"(48, 47)",4.657087046677219,False,0.0,2.0
75,Auction,V5,"(50, 40)",5.885600145651722,True,7.806225774829855,1.0
75,Auction,V6,"(73, 16)",0.004115053910417998,True,17.256102834535696,1.0
75,Auction,V7,"(32, 83)",0.7291100936835946,True,23.074997124453304,1.0
75,Auction,V8,"(36, 3)",0.9591041169653636,False,0.0,16.0
75,Auction,V9,"(88, 62)",6.668710807979721,False,0.0,15.0
75,Auction,V10,"(52, 82)",1.0793183240992406,False,0.0,7.0
75,Q-Learning,V1,"(12, 0)",23.093705720872855,True,2.2857142857142847,1.0
75,Q-Learning,V2,"(46, 33)",5.554594150573312,False,0.0,10.0
75,Q-Learning,V3,"(47, 93)",2.926321741624701,False,0.0,6.0
75,Q-Learning,V4,"(40, 100)",14.04010199264286,False,0.0,12.0
75,Q-Learning,V5,"(48, 47)",0.30730848440506264,True,13.488552708502482,1.0
75,Q-Learning,V6,"(34, 82)",14.332011765034341,True,2.0049875621120883,1.0
75,Q-Learning,V7,"(36, 3)",15.463187326303,True,7.5,1.0
75,Q-Learning,V8,"(50, 87)",1.0064704588970308,True,15.041522986797286,32.0
75,Q-Learning,V9,"(88, 62)",8.864090219888269,False,0.0,17.0
75,Q-Learning,V10,"(44, 59)",1.0316877285470447,False,0.0,7.0
76,Greedy,V1,"(98, 18)",21.131819901132438,True,3.551932935136456,1.0
76,Greedy,V2,"(19, 85)",13.38734835288479,False,0.0,19.0
76,Greedy,V3,"(71, 74)",11.372836329853591,False,0.0,17.0
76,Greedy,V4,"(24, 81)",3.0983509306439636,False,0.0,2.0
76,Greedy,V5,"(15, 4)",4.32050273328224,True,7.457801012920498,1.0
76,Greedy,V6,"(23, 28)",6.614079284461155,True,9.817800560721075,1.0
76,Greedy,V7,"(68, 12)",9.274681052890308,True,13.280291346525765,1.0
76,Greedy,V8,"(4, 44)",0.031758708861609364,False,0.0,16.0
76,Greedy,V9,"(85, 73)",0.5558081722882697,True,14.282692274990254,24.0
76,Greedy,V10,"(20, 66)",9.138659090581939,False,0.0,17.0
76,Auction,V1,"(78, 85)",4.1081270968784445,True,20.57366016959489,1.0
76,Auction,V2,"(79, 63)",14.629680295985782,False,0.0,20.0
76,Auction,V3,"(44, 59)",0.08616507067178247,False,0.0,5.0
76,Auction,V4,"(48, 47)",4.657087046677219,False,0.0,3.0
76,Auction,V5,"(50, 40)",5.885600145651722,True,6.806225774829855,1.0
76,Auction,V6,"(73, 16)",0.004115053910417998,True,16.256102834535696,1.0
76,Auction,V7,"(32, 83)",0.7291100936835946,True,22.074997124453304,1.0
76,Auction,V8,"(36, 3)",0.9591041169653636,False,0.0,17.0
76,Auction,V9,"(88, 62)",6.668710807979721,False,0.0,16.0
76,Auction,V10,"(52, 82)",1.0793183240992406,False,0.0,8.0
76,Q-Learning,V1,"(12, 0)",23.093705720872855,True,1.2857142857142847,1.0
76,Q-Learning,V2,"(46, 33)",5.554594150573312,False,0.0,11.0
76,Q-Learning,V3,"(47, 93)",2.926321741624701,False,0.0,7.0
76,Q-Learning,V4,"(40, 100)",14.04010199264286,False,0.0,13.0
76,Q-Learning,V5,"(48, 47)",0.30730848440506264,True,12.488552708502482,1.0
76,Q-Learning,V6,"(34, 82)",14.332011765034341,True,1.0049875621120883,1.0
76,Q-Learning,V7,"(36, 3)",15.463187326303,True,6.5,1.0
76,Q-Learning,V8,"(50, 87)",1.0064704588970308,True,14.041522986797286,32.0
76,Q-Learning,V9,"(88, 62)",8.864090219888269,False,0.0,18.0
76,Q-Learning,V10,"(44, 59)",1.0316877285470447,False,0.0,8.0
77,Greedy,V1,"(98, 18)",21.131819901132438,True,2.551932935136456,1.0
77,Greedy,V2,"(19, 85)",13.38734835288479,False,0.0,20.0
77,Greedy,V3,"(71, 74)",11.372836329853591,False,0.0,18.0
77,Greedy,V4,"(24, 81)",3.0983509306439636,False,0.0,3.0
77,Greedy,V5,"(15, 4)",4.32050273328224,True,6.457801012920498,1.0
77,Greedy,V6,"(23, 28)",6.614079284461155,True,8.817800560721075,1.0
77,Greedy,V7,"(68, 12)",9.274681052890308,True,12.280291346525765,1.0
77,Greedy,V8,"(4, 44)",0.031758708861609364,False,0.0,17.0
77,Greedy,V9,"(85, 73)",0.5558081722882697,True,13.282692274990254,24.0
77,Greedy,V10,"(20, 66)",9.138659090581939,False,0.0,18.0
77,Auction,V1,"(78, 85)",4.1081270968784445,True,19.57366016959489,1.0
77,Auction,V2,"(79, 63)",14.629680295985782,False,0.0,21.0
77,Auction,V3,"(44, 59)",0.08616507067178247,False,0.0,6.0
77,Auction,V4,"(48, 47)",4.657087046677219,False,0.0,4.0
77,Auction,V5,"(50, 40)",5.885600145651722,True,5.806225774829855,1.0
77,Auction,V6,"(73, 16)",0.004115053910417998,True,15.256102834535696,1.0
77,Auction,V7,"(32, 83)",0.7291100936835946,True,21.074997124453304,1.0
77,Auction,V8,"(36, 3)",0.9591041169653636,False,0.0,18.0
77,Auction,V9,"(88, 62)",6.668710807979721,False,0.0,17.0
77,Auction,V10,"(52, 82)",1.0793183240992406,False,0.0,9.0
77,Q-Learning,V1,"(12, 0)",23.093705720872855,True,0.2857142857142847,1.0
77,Q-Learning,V2,"(46, 33)",5.554594150573312,False,0.0,12.0
77,Q-Learning,V3,"(47, 93)",2.926321741624701,False,0.0,8.0
77,Q-Learning,V4,"(40, 100)",14.04010199264286,False,0.0,14.0
77,Q-Learning,V5,"(48, 47)",0.30730848440506264,True,11.488552708502482,1.0
77,Q-Learning,V6,"(34, 82)",14.332011765034341,True,0.004987562112088284,1.0
77,Q-Learning,V7,"(36, 3)",15.463187326303,True,5.5,1.0
77,Q-Learning,V8,"(50, 87)",1.0064704588970308,True,13.041522986797286,32.0
77,Q-Learning,V9,"(88, 62)",8.864090219888269,False,0.0,19.0
77,Q-Learning,V10,"(44, 59)",1.0316877285470447,False,0.0,9.0
78,Greedy,V1,"(98, 18)",21.131819901132438,True,1.5519329351364561,1.0
78,Greedy,V2,"(19, 85)",13.38734835288479,False,0.0,21.0
78,Greedy,V3,"(71, 74)",11.372836329853591,False,0.0,19.0
78,Greedy,V4,"(24, 81)",3.0983509306439636,False,0.0,4.0
78,Greedy,V5,"(15, 4)",4.32050273328224,True,5.457801012920498,1.0
78,Greedy,V6,"(23, 28)",6.614079284461155,True,7.817800560721075,1.0
78,Greedy,V7,"(68, 12)",9.274681052890308,True,11.280291346525765,1.0
78,Greedy,V8,"(4, 44)",0.031758708861609364,False,0.0,18.0
78,Greedy,V9,"(85, 73)",0.5558081722882697,True,12.282692274990254,24.0
78,Greedy,V10,"(20, 66)",9.138659090581939,False,0.0,19.0
78,Auction,V1,"(78, 85)",4.1081270968784445,True,18.57366016959489,1.0
78,Auction,V2,"(79, 63)",14.629680295985782,False,0.0,22.0
78,Auction,V3,"(44, 59)",0.08616507067178247,False,0.0,7.0
78,Auction,V4,"(48, 47)",4.657087046677219,False,0.0,5.0
78,Auction,V5,"(50, 40)",5.885600145651722,True,4.806225774829855,1.0
78,Auction,V6,"(73, 16)",0.004115053910417998,True,14.256102834535696,1.0
78,Auction,V7,"(32, 83)",0.7291100936835946,True,20.074997124453304,1.0
78,Auction,V8,"(36, 3)",0.9591041169653636,False,0.0,19.0
78,Auction,V9,"(88, 62)",6.668710807979721,False,0.0,18.0
78,Auction,V10,"(52, 82)",1.0793183240992406,False,0.0,10.0
78,Q-Learning,V1,"(93, 15)",0.3255369628048683,True,22.768168758067986,1.0
78,Q-Learning,V2,"(46, 33)",5.554594150573312,False,0.0,13.0
78,Q-Learning,V3,"(47, 93)",2.926321741624701,False,0.0,9.0
78,Q-Learning,V4,"(40, 100)",14.04010199264286,False,0.0,15.0
78,Q-Learning,V5,"(48, 47)",0.30730848440506264,True,10.488552708502482,1.0
78,Q-Learning,V6,"(34, 82)",14.332011765034341,False,0.0,1.0
78,Q-Learning,V7,"(36, 3)",15.463187326303,True,4.5,1.0
78,Q-Learning,V8,"(50, 87)",1.0064704588970308,True,12.041522986797286,32.0
78,Q-Learning,V9,"(88, 62)",8.864090219888269,False,0.0,20.0
78,Q-Learning,V10,"(44, 59)",1.0316877285470447,False,0.0,10.0
79,Greedy,V1,"(98, 18)",21.131819901132438,True,0.5519329351364561,1.0
79,Greedy,V2,"(19, 85)",13.38734835288479,False,0.0,22.0
79,Greedy,V3,"(71, 74)",11.372836329853591,False,0.0,20.0
79,Greedy,V4,"(24, 81)",3.0983509306439636,False,0.0,5.0
79,Greedy,V5,"(15, 4)",4.32050273328224,True,4.457801012920498,1.0
79,Greedy,V6,"(23, 28)",6.614079284461155,True,6.817800560721075,1.0
79,Greedy,V7,"(68, 12)",9.274681052890308,True,10.280291346525765,1.0
79,Greedy,V8,"(4, 44)",0.031758708861609364,False,0.0,19.0
79,Greedy,V9,"(85, 73)",0.5558081722882697,True,11.282692274990254,24.0
79,Greedy,V10,"(20, 66)",9.138659090581939,False,0.0,20.0
79,Auction,V1,"(78, 85)",4.1081270968784445,True,17.57366016959489,1.0
79,Auction,V2,"(79, 63)",14.629680295985782,False,0.0,23.0
79,Auction,V3,"(44, 59)",0.08616507067178247,False,0.0,8.0
79,Auction,V4,"(48, 47)",4.657087046677219,False,0.0,6.0
79,Auction,V5,"(50, 40)",5.885600145651722,True,3.806225774829855,1.0
79,Auction,V6,"(73, 16)",0.004115053910417998,True,13.256102834535696,1.0
79,Auction,V7,"(32, 83)",0.7291100936835946,True,19.074997124453304,1.0
79,Auction,V8,"(36, 3)",0.9591041169653636,False,0.0,20.0
79,Auction,V9,"(88, 62)",6.668710807979721,False,0.0,19.0
79,Auction,V10,"(52, 82)",1.0793183240992406,False,0.0,11.0
79,Q-Learning,V1,"(93, 15)",0.3255369628048683,True,21.768168758067986,1.0
79,Q-Learning,V2,"(46, 33)",5.554594150573312,False,0.0,14.0
79,Q-Learning,V3,"(47, 93)",2.926321741624701,False,0.0,10.0
79,Q-Learning,V4,"(40, 100)",14.04010199264286,False,0.0,16.0
79,Q-Learning,V5,"(48, 47)",0.30730848440506264,True,9.488552708502482,1.0
79,Q-Learning,V6,"(32, 83)",0.108404967284363,True,14.223606797749978,2.0
79,Q-Learning,V7,"(36, 3)",15.463187326303,True,3.5,1.0
79,Q-Learning,V8,"(50, 87)",1.0064704588970308,True,11.041522986797286,32.0
79,Q-Learning,V9,"(88, 62)",8.864090219888269,False,0.0,21.0
79,Q-Learning,V10,"(44, 59)",1.0316877285470447,False,0.0,11.0
80,Greedy,V1,"(98, 18)",9.298826773297396,True,11.832993127835042,1.0
80,Greedy,V2,"(19, 85)",13.38734835288479,False,0.0,23.0
80,Greedy,V3,"(71, 74)",11.372836329853591,False,0.0,21.0
80,Greedy,V4,"(24, 81)",3.0983509306439636,False,0.0,6.0
80,Greedy,V5,"(15, 4)",4.32050273328224,True,3.4578010129204984,1.0
80,Greedy,V6,"(23, 28)",6.614079284461155,True,5.817800560721075,1.0
80,Greedy,V7,"(68, 12)",9.274681052890308,True,9.280291346525765,1.0
80,Greedy,V8,"(4, 44)",0.031758708861609364,False,0.0,20.0
80,Greedy,V9,"(85, 73)",0.5558081722882697,True,10.282692274990254,24.0
80,Greedy,V10,"(20, 66)",9.138659090581939,False,0.0,21.0
80,Auction,V1,"(78, 85)",4.1081270968784445,True,16.57366016959489,1.0
80,Auction,V2,"(79, 63)",14.629680295985782,False,0.0,24.0
80,Auction,V3,"(44, 59)",0.08616507067178247,False,0.0,9.0
80,Auction,V4,"(48, 47)",4.657087046677219,False,0.0,7.0
80,Auction,V5,"(50, 40)",5.885600145651722,True,2.806225774829855,1.0
80,Auction,V6,"(73, 16)",0.004115053910417998,True,12.256102834535696,1.0
80,Auction,V7,"(32, 83)",0.7291100936835946,True,18.074997124453304,1.0
80,Auction,V8,"(36, 3)",0.9591041169653636,False,0.0,21.0
80,Auction,V9,"(88, 62)",6.668710807979721,False,0.0,20.0
80,Auction,V10,"(52, 82)",1.0793183240992406,False,0.0,12.0
80,Q-Learning,V1,"(93, 15)",0.3255369628048683,True,20.768168758067986,1.0
80,Q-Learning,V2,"(46, 33)",5.554594150573312,False,0.0,15.0
80,Q-Learning,V3,"(47, 93)",2.926321741624701,False,0.0,11.0
80,Q-Learning,V4,"(40, 100)",14.04010199264286,False,0.0,17.0
80,Q-Learning,V5,"(48, 47)",0.30730848440506264,True,8.488552708502482,1.0
80,Q-Learning,V6,"(32, 83)",0.108404967284363,True,13.223606797749978,2.0
80,Q-Learning,V7,"(36, 3)",15.463187326303,True,2.5,1.0
80,Q-Learning,V8,"(50, 87)",1.0064704588970308,True,10.041522986797286,32.0
80,Q-Learning,V9,"(88, 62)",8.864090219888269,False,0.0,22.0
80,Q-Learning,V10,"(44, 59)",1.0316877285470447,False,0.0,12.0
81,Greedy,V1,"(98, 18)",9.298826773297396,True,10.832993127835042,1.0
81,Greedy,V2,"(19, 85)",13.38734835288479,False,0.0,24.0
81,Greedy,V3,"(71, 74)",11.372836329853591,False,0.0,22.0
81,Greedy,V4,"(24, 81)",3.0983509306439636,False,0.0,7.0
81,Greedy,V5,"(15, 4)",4.32050273328224,True,2.4578010129204984,1.0
81,Greedy,V6,"(23, 28)",6.614079284461155,True,4.817800560721075,1.0
81,Greedy,V7,"(68, 12)",9.274681052890308,True,8.280291346525765,1.0
81,Greedy,V8,"(4, 44)",0.031758708861609364,False,0.0,21.0
81,Greedy,V9,"(85, 73)",0.5558081722882697,True,9.282692274990254,24.0
81,Greedy,V10,"(20, 66)",9.138659090581939,False,0.0,22.0
81,Auction,V1,"(78, 85)",4.1081270968784445,True,15.573660169594891,1.0
81,Auction,V2,"(79, 63)",14.629680295985782,False,0.0,25.0
81,Auction,V3,"(44, 59)",0.08616507067178247,False,0.0,10.0
81,Auction,V4,"(48, 47)",4.657087046677219,False,0.0,8.0
81,Auction,V5,"(50, 40)",5.885600145651722,True,1.806225774829855,1.0
81,Auction,V6,"(73, 16)",0.004115053910417998,True,11.256102834535696,1.0
81,Auction,V7,"(32, 83)",0.7291100936835946,True,17.074997124453304,1.0
81,Auction,V8,"(36, 3)",0.9591041169653636,False,0.0,22.0
81,Auction,V9,"(88, 62)",6.668710807979721,False,0.0,21.0
81,Auction,V10,"(52, 82)",1.0793183240992406,False,0.0,13.0
81,Q-Learning,V1,"(93, 15)",0.3255369628048683,True,19.768168758067986,1.0
81,Q-Learning,V2,"(46, 33)",5.554594150573312,False,0.0,16.0
81,Q-Learning,V3,"(47, 93)",2.926321741624701,False,0.0,12.0
81,Q-Learning,V4,"(40, 100)",14.04010199264286,False,0.0,18.0
81,Q-Learning,V5,"(48, 47)",0.30730848440506264,True,7.488552708502482,1.0
81,Q-Learning,V6,"(32, 83)",0.108404967284363,True,12.223606797749978,2.0
81,Q-Learning,V7,"(36, 3)",15.463187326303,True,1.5,1.0
81,Q-Learning,V8,"(50, 87)",1.0064704588970308,True,9.041522986797286,32.0
81,Q-Learning,V9,"(88, 62)",8.864090219888269,False,0.0,23.0
81,Q-Learning,V10,"(44, 59)",1.0316877285470447,False,0.0,13.0
82,Greedy,V1,"(98, 18)",9.298826773297396,True,9.832993127835042,1.0
82,Greedy,V2,"(19, 85)",13.38734835288479,False,0.0,25.0
82,Greedy,V3,"(71, 74)",11.372836329853591,False,0.0,23.0
82,Greedy,V4,"(24, 81)",3.0983509306439636,False,0.0,8.0
82,Greedy,V5,"(15, 4)",4.32050273328224,True,1.4578010129204984,1.0
82,Greedy,V6,"(23, 28)",6.614079284461155,True,3.817800560721075,1.0
82,Greedy,V7,"(68, 12)",9.274681052890308,True,7.280291346525765,1.0
82,Greedy,V8,"(4, 44)",0.031758708861609364,False,0.0,22.0
82,Greedy,V9,"(85, 73)",0.5558081722882697,True,8.282692274990254,24.0
82,Greedy,V10,"(20, 66)",9.138659090581939,False,0.0,23.0
82,Auction,V1,"(78, 85)",4.1081270968784445,True,14.573660169594891,1.0
82,Auction,V2,"(79, 63)",14.629680295985782,False,0.0,26.0
82,Auction,V3,"(44, 59)",0.08616507067178247,False,0.0,11.0
82,Auction,V4,"(48, 47)",4.657087046677219,False,0.0,9.0
82,Auction,V5,"(50, 40)",5.885600145651722,True,0.8062257748298549,1.0
82,Auction,V6,"(73, 16)",0.004115053910417998,True,10.256102834535696,1.0
82,Auction,V7,"(32, 83)",0.7291100936835946,True,16.074997124453304,1.0
82,Auction,V8,"(36, 3)",0.9591041169653636,False,0.0,23.0
82,Auction,V9,"(88, 62)",6.668710807979721,False,0.0,22.0
82,Auction,V10,"(52, 82)",1.0793183240992406,False,0.0,14.0
82,Q-Learning,V1,"(93, 15)",0.3255369628048683,True,18.768168758067986,1.0
82,Q-Learning,V2,"(46, 33)",5.554594150573312,False,0.0,17.0
82,Q-Learning,V3,"(47, 93)",2.926321741624701,False,0.0,13.0
82,Q-Learning,V4,"(40, 100)",14.04010199264286,False,0.0,19.0
82,Q-Learning,V5,"(48, 47)",0.30730848440506264,True,6.488552708502482,1.0
82,Q-Learning,V6,"(32, 83)",0.108404967284363,True,11.223606797749978,2.0
82,Q-Learning,V7,"(36, 3)",15.463187326303,True,0.5,1.0
82,Q-Learning,V8,"(50, 87)",1.0064704588970308,True,8.041522986797286,32.0
82,Q-Learning,V9,"(88, 62)",8.864090219888269,False,0.0,24.0
82,Q-Learning,V10,"(44, 59)",1.0316877285470447,False,0.0,14.0
83,Greedy,V1,"(98, 18)",9.298826773297396,True,8.832993127835042,1.0
83,Greedy,V2,"(19, 85)",13.38734835288479,False,0.0,26.0
83,Greedy,V3,"(71, 74)",11.372836329853591,False,0.0,24.0
83,Greedy,V4,"(24, 81)",3.0983509306439636,False,0.0,9.0
83,Greedy,V5,"(15, 4)",4.32050273328224,True,0.45780101292049835,1.0
83,Greedy,V6,"(23, 28)",6.614079284461155,True,2.817800560721075,1.0
83,Greedy,V7,"(68, 12)",9.274681052890308,True,6.280291346525765,1.0
83,Greedy,V8,"(4, 44)",0.031758708861609364,False,0.0,23.0
83,Greedy,V9,"(85, 73)",0.5558081722882697,True,7.282692274990254,24.0
83,Greedy,V10,"(20, 66)",9.138659090581939,False,0.0,24.0
83,Auction,V1,"(78, 85)",4.1081270968784445,True,13.573660169594891,1.0
83,Auction,V2,"(79, 63)",14.629680295985782,False,0.0,27.0
83,Auction,V3,"(44, 59)",0.08616507067178247,False,0.0,12.0
83,Auction,V4,"(48, 47)",4.657087046677219,False,0.0,10.0
83,Auction,V5,"(50, 40)",5.885600145651722,False,0.0,1.0
83,Auction,V6,"(73, 16)",0.004115053910417998,True,9.256102834535696,1.0
83,Auction,V7,"(32, 83)",0.7291100936835946,True,15.074997124453304,1.0
83,Auction,V8,"(36, 3)",0.9591041169653636,False,0.0,24.0
83,Auction,V9,"(88, 62)",6.668710807979721,False,0.0,23.0
83,Auction,V10,"(52, 82)",1.0793183240992406,False,0.0,15.0
83,Q-Learning,V1,"(93, 15)",0.3255369628048683,True,17.768168758067986,1.0
83,Q-Learning,V2,"(46, 33)",5.554594150573312,False,0.0,18.0
83,Q-Learning,V3,"(47, 93)",2.926321741624701,False,0.0,14.0
83,Q-Learning,V4,"(40, 100)",14.04010199264286,False,0.0,20.0
83,Q-Learning,V5,"(48, 47)",0.30730848440506264,True,5.488552708502482,1.0
83,Q-Learning,V6,"(32, 83)",0.108404967284363,True,10.223606797749978,2.0
83,Q-Learning,V7,"(36, 3)",15.463187326303,False,0.0,1.0
83,Q-Learning,V8,"(50, 87)",1.0064704588970308,True,7.041522986797286,32.0
83,Q-Learning,V9,"(88, 62)",8.864090219888269,False,0.0,25.0
83,Q-Learning,V10,"(44, 59)",1.0316877285470447,False,0.0,15.0
84,Greedy,V1,"(98, 18)",9.298826773297396,True,7.832993127835042,1.0
84,Greedy,V2,"(19, 85)",13.38734835288479,False,0.0,27.0
84,Greedy,V3,"(71, 74)",11.372836329853591,False,0.0,25.0
84,Greedy,V4,"(24, 81)",3.0983509306439636,False,0.0,10.0
84,Greedy,V5,"(15, 4)",4.32050273328224,False,0.0,1.0
84,Greedy,V6,"(23, 28)",6.614079284461155,True,1.817800560721075,1.0
84,Greedy,V7,"(68, 12)",9.274681052890308,True,5.280291346525765,1.0
84,Greedy,V8,"(4, 44)",0.031758708861609364,False,0.0,24.0
84,Greedy,V9,"(85, 73)",0.5558081722882697,True,6.282692274990254,24.0
84,Greedy,V10,"(20, 66)",9.138659090581939,False,0.0,25.0
84,Auction,V1,"(78, 85)",4.1081270968784445,True,12.573660169594891,1.0
84,Auction,V2,"(79, 63)",14.629680295985782,False,0.0,28.0
84,Auction,V3,"(44, 59)",0.08616507067178247,False,0.0,13.0
84,Auction,V4,"(48, 47)",4.657087046677219,False,0.0,11.0
84,Auction,V5,"(50, 40)",5.885600145651722,False,0.0,2.0
84,Auction,V6,"(73, 16)",0.004115053910417998,True,8.256102834535696,1.0
84,Auction,V7,"(32, 83)",0.7291100936835946,True,14.074997124453304,1.0
84,Auction,V8,"(36, 3)",0.9591041169653636,False,0.0,25.0
84,Auction,V9,"(88, 62)",6.668710807979721,False,0.0,24.0
84,Auction,V10,"(52, 82)",1.0793183240992406,False,0.0,16.0
84,Q-Learning,V1,"(93, 15)",0.3255369628048683,True,16.768168758067986,1.0
84,Q-Learning,V2,"(46, 33)",5.554594150573312,False,0.0,19.0
84,Q-Learning,V3,"(47, 93)",2.926321741624701,False,0.0,15.0
84,Q-Learning,V4,"(40, 100)",14.04010199264286,False,0.0,21.0
84,Q-Learning,V5,"(48, 47)",0.30730848440506264,True,4.488552708502482,1.0
84,Q-Learning,V6,"(32, 83)",0.108404967284363,True,9.223606797749978,2.0
84,Q-Learning,V7,"(36, 3)",15.463187326303,False,0.0,2.0
84,Q-Learning,V8,"(50, 87)",1.0064704588970308,True,6.041522986797286,32.0
84,Q-Learning,V9,"(88, 62)",8.864090219888269,False,0.0,26.0
84,Q-Learning,V10,"(44, 59)",1.0316877285470447,False,0.0,16.0
85,Greedy,V1,"(98, 18)",9.298826773297396,True,6.832993127835042,1.0
85,Greedy,V2,"(19, 85)",13.38734835288479,False,0.0,28.0
85,Greedy,V3,"(71, 74)",11.372836329853591,False,0.0,26.0
85,Greedy,V4,"(24, 81)",3.0983509306439636,False,0.0,11.0
85,Greedy,V5,"(15, 4)",4.32050273328224,False,0.0,2.0
85,Greedy,V6,"(23, 28)",6.614079284461155,True,0.817800560721075,1.0
85,Greedy,V7,"(68, 12)",9.274681052890308,True,4.280291346525765,1.0
85,Greedy,V8,"(4, 44)",0.031758708861609364,False,0.0,25.0
85,Greedy,V9,"(85, 73)",0.5558081722882697,True,5.282692274990254,24.0
85,Greedy,V10,"(20, 66)",9.138659090581939,False,0.0,26.0
85,Auction,V1,"(78, 85)",4.1081270968784445,True,11.573660169594891,1.0
85,Auction,V2,"(79, 63)",14.629680295985782,False,0.0,29.0
85,Auction,V3,"(44, 59)",0.08616507067178247,False,0.0,14.0
85,Auction,V4,"(48, 47)",4.657087046677219,False,0.0,12.0
85,Auction,V5,"(50, 40)",5.885600145651722,False,0.0,3.0
85,Auction,V6,"(73, 16)",0.004115053910417998,True,7.256102834535696,1.0
85,Auction,V7,"(32, 83)",0.7291100936835946,True,13.074997124453304,1.0
85,Auction,V8,"(36, 3)",0.9591041169653636,False,0.0,26.0
85,Auction,V9,"(88, 62)",6.668710807979721,False,0.0,25.0
85,Auction,V10,"(52, 82)",1.0793183240992406,False,0.0,17.0
85,Q-Learning,V1,"(93, 15)",0.3255369628048683,True,15.768168758067986,1.0
85,Q-Learning,V2,"(46, 33)",5.554594150573312,False,0.0,20.0
85,Q-Learning,V3,"(47, 93)",2.926321741624701,False,0.0,16.0
85,Q-Learning,V4,"(40, 100)",14.04010199264286,False,0.0,22.0
85,Q-Learning,V5,"(48, 47)",0.30730848440506264,True,3.488552708502482,1.0
85,Q-Learning,V6,"(32, 83)",0.108404967284363,True,8.223606797749978,2.0
85,Q-Learning,V7,"(36, 3)",15.463187326303,False,0.0,3.0
85,Q-Learning,V8,"(50, 87)",1.0064704588970308,True,5.041522986797286,32.0
85,Q-Learning,V9,"(88, 62)",8.864090219888269,False,0.0,27.0
85,Q-Learning,V10,"(44, 59)",1.0316877285470447,False,0.0,17.0
86,Greedy,V1,"(98, 18)",9.298826773297396,True,5.832993127835042,1.0
86,Greedy,V2,"(19, 85)",13.38734835288479,False,0.0,29.0
86,Greedy,V3,"(71, 74)",11.372836329853591,False,0.0,27.0
86,Greedy,V4,"(24, 81)",3.0983509306439636,False,0.0,12.0
86,Greedy,V5,"(15, 4)",4.32050273328224,False,0.0,3.0
86,Greedy,V6,"(23, 28)",6.614079284461155,False,0.0,1.0
86,Greedy,V7,"(68, 12)",9.274681052890308,True,3.2802913465257646,1.0
86,Greedy,V8,"(4, 44)",0.031758708861609364,False,0.0,26.0
86,Greedy,V9,"(85, 73)",0.5558081722882697,True,4.282692274990254,24.0
86,Greedy,V10,"(20, 66)",9.138659090581939,False,0.0,27.0
86,Auction,V1,"(78, 85)",4.1081270968784445,True,10.573660169594891,1.0
86,Auction,V2,"(59, 64)",1.2921828969023181,True,13.337497399083464,30.0
86,Auction,V3,"(44, 59)",0.08616507067178247,False,0.0,15.0
86,Auction,V4,"(48, 47)",4.657087046677219,False,0.0,13.0
86,Auction,V5,"(50, 40)",5.885600145651722,False,0.0,4.0
86,Auction,V6,"(73, 16)",0.004115053910417998,True,6.256102834535696,1.0
86,Auction,V7,"(32, 83)",0.7291100936835946,True,12.074997124453304,1.0
86,Auction,V8,"(36, 3)",0.9591041169653636,False,0.0,27.0
86,Auction,V9,"(88, 62)",6.668710807979721,False,0.0,26.0
86,Auction,V10,"(52, 82)",1.0793183240992406,False,0.0,18.0
86,Q-Learning,V1,"(93, 15)",0.3255369628048683,True,14.768168758067986,1.0
86,Q-Learning,V2,"(46, 33)",5.554594150573312,False,0.0,21.0
86,Q-Learning,V3,"(47, 93)",2.926321741624701,False,0.0,17.0
86,Q-Learning,V4,"(40, 100)",14.04010199264286,False,0.0,23.0
86,Q-Learning,V5,"(48, 47)",0.30730848440506264,True,2.488552708502482,1.0
86,Q-Learning,V6,"(32, 83)",0.108404967284363,True,7.223606797749978,2.0
86,Q-Learning,V7,"(36, 3)",15.463187326303,False,0.0,4.0
86,Q-Learning,V8,"(50, 87)",1.0064704588970308,True,4.041522986797286,32.0
86,Q-Learning,V9,"(88, 62)",8.864090219888269,False,0.0,28.0
86,Q-Learning,V10,"(44, 59)",1.0316877285470447,False,0.0,18.0
87,Greedy,V1,"(98, 18)",9.298826773297396,True,4.832993127835042,1.0
87,Greedy,V2,"(19, 85)",13.38734835288479,False,0.0,30.0
87,Greedy,V3,"(71, 74)",11.372836329853591,False,0.0,28.0
87,Greedy,V4,"(24, 81)",3.0983509306439636,False,0.0,13.0
87,Greedy,V5,"(15, 4)",4.32050273328224,False,0.0,4.0
87,Greedy,V6,"(23, 28)",6.614079284461155,False,0.0,2.0
87,Greedy,V7,"(68, 12)",9.274681052890308,True,2.2802913465257646,1.0
87,Greedy,V8,"(4, 44)",0.031758708861609364,False,0.0,27.0
87,Greedy,V9,"(85, 73)",0.5558081722882697,True,3.2826922749902536,24.0
87,Greedy,V10,"(20, 66)",9.138659090581939,False,0.0,28.0
87,Auction,V1,"(78, 85)",4.1081270968784445,True,9.573660169594891,1.0
87,Auction,V2,"(59, 64)",1.2921828969023181,True,12.337497399083464,30.0
87,Auction,V3,"(44, 59)",0.08616507067178247,False,0.0,16.0
87,Auction,V4,"(48, 47)",4.657087046677219,False,0.0,14.0
87,Auction,V5,"(50, 40)",5.885600145651722,False,0.0,5.0
87,Auction,V6,"(73, 16)",0.004115053910417998,True,5.256102834535696,1.0
87,Auction,V7,"(32, 83)",0.7291100936835946,True,11.074997124453304,1.0
87,Auction,V8,"(36, 3)",0.9591041169653636,False,0.0,28.0
87,Auction,V9,"(88, 62)",6.668710807979721,False,0.0,27.0
87,Auction,V10,"(52, 82)",1.0793183240992406,False,0.0,19.0
87,Q-Learning,V1,"(93, 15)",0.3255369628048683,True,13.768168758067986,1.0
87,Q-Learning,V2,"(46, 33)",5.554594150573312,False,0.0,22.0
87,Q-Learning,V3,"(47, 93)",2.926321741624701,False,0.0,18.0
87,Q-Learning,V4,"(40, 100)",14.04010199264286,False,0.0,24.0
87,Q-Learning,V5,"(48, 47)",0.30730848440506264,True,1.488552708502482,1.0
87,Q-Learning,V6,"(32, 83)",0.108404967284363,True,6.223606797749978,2.0
87,Q-Learning,V7,"(36, 3)",15.463187326303,False,0.0,5.0
87,Q-Learning,V8,"(50, 87)",1.0064704588970308,True,3.041522986797286,32.0
87,Q-Learning,V9,"(88, 62)",8.864090219888269,False,0.0,29.0
87,Q-Learning,V10,"(44, 59)",1.0316877285470447,False,0.0,19.0
88,Greedy,V1,"(98, 18)",9.298826773297396,True,3.832993127835042,1.0
88,Greedy,V2,"(19, 85)",13.38734835288479,False,0.0,31.0
88,Greedy,V3,"(71, 74)",11.372836329853591,False,0.0,29.0
88,Greedy,V4,"(24, 81)",3.0983509306439636,False,0.0,14.0
88,Greedy,V5,"(15, 4)",4.32050273328224,False,0.0,5.0
88,Greedy,V6,"(23, 28)",6.614079284461155,False,0.0,3.0
88,Greedy,V7,"(68, 12)",9.274681052890308,True,1.2802913465257646,1.0
88,Greedy,V8,"(4, 44)",0.031758708861609364,False,0.0,28.0
88,Greedy,V9,"(85, 73)",0.5558081722882697,True,2.2826922749902536,24.0
88,Greedy,V10,"(20, 66)",9.138659090581939,False,0.0,29.0
88,Auction,V1,"(78, 85)",4.1081270968784445,True,8.573660169594891,1.0
88,Auction,V2,"(59, 64)",1.2921828969023181,True,11.337497399083464,30.0
88,Auction,V3,"(44, 59)",0.08616507067178247,False,0.0,17.0
88,Auction,V4,"(48, 47)",4.657087046677219,False,0.0,15.0
88,Auction,V5,"(50, 40)",5.885600145651722,False,0.0,6.0
88,Auction,V6,"(73, 16)",0.004115053910417998,True,4.256102834535696,1.0
88,Auction,V7,"(32, 83)",0.7291100936835946,True,10.074997124453304,1.0
88,Auction,V8,"(36, 3)",0.9591041169653636,False,0.0,29.0
88,Auction,V9,"(88, 62)",6.668710807979721,False,0.0,28.0
88,Auction,V10,"(52, 82)",1.0793183240992406,False,0.0,20.0
88,Q-Learning,V1,"(93, 15)",0.3255369628048683,True,12.768168758067986,1.0
88,Q-Learning,V2,"(46, 33)",5.554594150573312,False,0.0,23.0
88,Q-Learning,V3,"(47, 93)",2.926321741624701,False,0.0,19.0
88,Q-Learning,V4,"(40, 100)",14.04010199264286,False,0.0,25.0
88,Q-Learning,V5,"(48, 47)",0.30730848440506264,True,0.4885527085024819,1.0
88,Q-Learning,V6,"(32, 83)",0.108404967284363,True,5.223606797749978,2.0
88,Q-Learning,V7,"(36, 3)",15.463187326303,False,0.0,6.0
88,Q-Learning,V8,"(50, 87)",1.0064704588970308,True,2.041522986797286,32.0
88,Q-Learning,V9,"(88, 62)",8.864090219888269,False,0.0,30.0
88,Q-Learning,V10,"(44, 59)",1.0316877285470447,False,0.0,20.0
89,Greedy,V1,"(98, 18)",9.298826773297396,True,2.832993127835042,1.0
89,Greedy,V2,"(19, 85)",13.38734835288479,False,0.0,32.0
89,Greedy,V3,"(71, 74)",11.372836329853591,False,0.0,30.0
89,Greedy,V4,"(24, 81)",3.0983509306439636,False,0.0,15.0
89,Greedy,V5,"(15, 4)",4.32050273328224,False,0.0,6.0
89,Greedy,V6,"(23, 28)",6.614079284461155,False,0.0,4.0
89,Greedy,V7,"(68, 12)",9.274681052890308,True,0.2802913465257646,1.0
89,Greedy,V8,"(4, 44)",0.031758708861609364,False,0.0,29.0
89,Greedy,V9,"(85, 73)",0.5558081722882697,True,1.2826922749902536,24.0
89,Greedy,V10,"(20, 66)",9.138659090581939,False,0.0,30.0
89,Auction,V1,"(78, 85)",4.1081270968784445,True,7.573660169594891,1.0
89,Auction,V2,"(59, 64)",1.2921828969023181,True,10.337497399083464,30.0
89,Auction,V3,"(44, 59)",0.08616507067178247,False,0.0,18.0
89,Auction,V4,"(48, 47)",4.657087046677219,False,0.0,16.0
89,Auction,V5,"(50, 40)",5.885600145651722,False,0.0,7.0
89,Auction,V6,"(73, 16)",0.004115053910417998,True,3.256102834535696,1.0
89,Auction,V7,"(32, 83)",0.7291100936835946,True,9.074997124453304,1.0
89,Auction,V8,"(36, 3)",0.9591041169653636,False,0.0,30.0
89,Auction,V9,"(88, 62)",6.668710807979721,False,0.0,29.0
89,Auction,V10,"(52, 82)",1.0793183240992406,False,0.0,21.0
89,Q-Learning,V1,"(93, 15)",0.3255369628048683,True,11.768168758067986,1.0
89,Q-Learning,V2,"(46, 33)",5.554594150573312,False,0.0,24.0
89,Q-Learning,V3,"(47, 93)",2.926321741624701,False,0.0,20.0
89,Q-Learning,V4,"(40, 100)",14.04010199264286,False,0.0,26.0
89,Q-Learning,V5,"(48, 47)",0.30730848440506264,False,0.0,1.0
89,Q-Learning,V6,"(32, 83)",0.108404967284363,True,4.223606797749978,2.0
89,Q-Learning,V7,"(36, 3)",15.463187326303,False,0.0,7.0
89,Q-Learning,V8,"(50, 87)",1.0064704588970308,True,1.0415229867972862,32.0
89,Q-Learning,V9,"(88, 62)",8.864090219888269,False,0.0,31.0
89,Q-Learning,V10,"(44, 59)",1.0316877285470447,False,0.0,21.0
90,Greedy,V1,"(98, 18)",9.298826773297396,True,1.8329931278350422,1.0
90,Greedy,V2,"(19, 85)",13.38734835288479,False,0.0,33.0
90,Greedy,V3,"(71, 74)",11.372836329853591,False,0.0,31.0
90,Greedy,V4,"(24, 81)",3.0983509306439636,False,0.0,16.0
90,Greedy,V5,"(15, 4)",4.32050273328224,False,0.0,7.0
90,Greedy,V6,"(23, 28)",6.614079284461155,False,0.0,5.0
90,Greedy,V7,"(68, 12)",9.274681052890308,False,0.0,1.0
90,Greedy,V8,"(4, 44)",0.031758708861609364,False,0.0,30.0
90,Greedy,V9,"(85, 73)",0.5558081722882697,True,0.2826922749902536,24.0
90,Greedy,V10,"(20, 66)",9.138659090581939,False,0.0,31.0
90,Auction,V1,"(78, 85)",4.1081270968784445,True,6.573660169594891,1.0
90,Auction,V2,"(59, 64)",1.2921828969023181,True,9.337497399083464,30.0
90,Auction,V3,"(44, 59)",0.08616507067178247,False,0.0,19.0
90,Auction,V4,"(48, 47)",4.657087046677219,False,0.0,17.0
90,Auction,V5,"(50, 40)",5.885600145651722,False,0.0,8.0
90,Auction,V6,"(73, 16)",0.004115053910417998,True,2.256102834535696,1.0
90,Auction,V7,"(32, 83)",0.7291100936835946,True,8.074997124453304,1.0
90,Auction,V8,"(36, 3)",0.9591041169653636,False,0.0,31.0
90,Auction,V9,"(88, 62)",6.668710807979721,False,0.0,30.0
90,Auction,V10,"(52, 82)",1.0793183240992406,False,0.0,22.0
90,Q-Learning,V1,"(93, 15)",0.3255369628048683,True,10.768168758067986,1.0
90,Q-Learning,V2,"(46, 33)",5.554594150573312,False,0.0,25.0
90,Q-Learning,V3,"(47, 93)",2.926321741624701,False,0.0,21.0
90,Q-Learning,V4,"(40, 100)",14.04010199264286,False,0.0,27.0
90,Q-Learning,V5,"(48, 47)",0.30730848440506264,False,0.0,2.0
90,Q-Learning,V6,"(32, 83)",0.108404967284363,True,3.2236067977499783,2.0
90,Q-Learning,V7,"(36, 3)",15.463187326303,False,0.0,8.0
90,Q-Learning,V8,"(50, 87)",1.0064704588970308,True,0.041522986797286165,32.0
90,Q-Learning,V9,"(88, 62)",8.864090219888269,False,0.0,32.0
90,Q-Learning,V10,"(44, 59)",1.0316877285470447,False,0.0,22.0
91,Greedy,V1,"(98, 18)",9.298826773297396,True,0.8329931278350422,1.0
91,Greedy,V2,"(19, 85)",13.38734835288479,False,0.0,34.0
91,Greedy,V3,"(71, 74)",11.372836329853591,False,0.0,32.0
91,Greedy,V4,"(24, 81)",3.0983509306439636,False,0.0,17.0
91,Greedy,V5,"(15, 4)",4.32050273328224,False,0.0,8.0
91,Greedy,V6,"(23, 28)",6.614079284461155,False,0.0,6.0
91,Greedy,V7,"(68, 12)",9.274681052890308,False,0.0,2.0
91,Greedy,V8,"(4, 44)",0.031758708861609364,False,0.0,31.0
91,Greedy,V9,"(85, 73)",0.5558081722882697,False,0.0,24.0
91,Greedy,V10,"(20, 66)",9.138659090581939,False,0.0,32.0
91,Auction,V1,"(78, 85)",4.1081270968784445,True,5.573660169594891,1.0
91,Auction,V2,"(59, 64)",1.2921828969023181,True,8.337497399083464,30.0
91,Auction,V3,"(44, 59)",0.08616507067178247,False,0.0,20.0
91,Auction,V4,"(48, 47)",4.657087046677219,False,0.0,18.0
91,Auction,V5,"(50, 40)",5.885600145651722,False,0.0,9.0
91,Auction,V6,"(73, 16)",0.004115053910417998,True,1.256102834535696,1.0
91,Auction,V7,"(32, 83)",0.7291100936835946,True,7.074997124453304,1.0
91,Auction,V8,"(36, 3)",0.9591041169653636,False,0.0,32.0
91,Auction,V9,"(88, 62)",6.668710807979721,False,0.0,31.0
91,Auction,V10,"(52, 82)",1.0793183240992406,False,0.0,23.0
91,Q-Learning,V1,"(93, 15)",0.3255369628048683,True,9.768168758067986,1.0
91,Q-Learning,V2,"(46, 33)",5.554594150573312,False,0.0,26.0
91,Q-Learning,V3,"(47, 93)",2.926321741624701,False,0.0,22.0
91,Q-Learning,V4,"(40, 100)",14.04010199264286,False,0.0,28.0
91,Q-Learning,V5,"(48, 47)",0.30730848440506264,False,0.0,3.0
91,Q-Learning,V6,"(32, 83)",0.108404967284363,True,2.2236067977499783,2.0
91,Q-Learning,V7,"(36, 3)",15.463187326303,False,0.0,9.0
91,Q-Learning,V8,"(50, 87)",1.0064704588970308,False,0.0,32.0
91,Q-Learning,V9,"(88, 62)",8.864090219888269,False,0.0,33.0
91,Q-Learning,V10,"(44, 59)",1.0316877285470447,False,0.0,23.0
92,Greedy,V1,"(98, 18)",9.298826773297396,False,0.0,1.0
92,Greedy,V2,"(19, 85)",13.38734835288479,False,0.0,35.0
92,Greedy,V3,"(71, 74)",11.372836329853591,False,0.0,33.0
92,Greedy,V4,"(24, 81)",3.0983509306439636,False,0.0,18.0
92,Greedy,V5,"(15, 4)",4.32050273328224,False,0.0,9.0
92,Greedy,V6,"(23, 28)",6.614079284461155,False,0.0,7.0
92,Greedy,V7,"(68, 12)",9.274681052890308,False,0.0,3.0
92,Greedy,V8,"(4, 44)",0.031758708861609364,False,0.0,32.0
92,Greedy,V9,"(85, 73)",0.5558081722882697,False,0.0,25.0
92,Greedy,V10,"(20, 66)",9.138659090581939,False,0.0,33.0
92,Auction,V1,"(78, 85)",4.1081270968784445,True,4.573660169594891,1.0
92,Auction,V2,"(59, 64)",1.2921828969023181,True,7.337497399083464,30.0
92,Auction,V3,"(44, 59)",0.08616507067178247,False,0.0,21.0
92,Auction,V4,"(48, 47)",4.657087046677219,False,0.0,19.0
92,Auction,V5,"(50, 40)",5.885600145651722,False,0.0,10.0
92,Auction,V6,"(73, 16)",0.004115053910417998,True,0.25610283453569593,1.0
92,Auction,V7,"(32, 83)",0.7291100936835946,True,6.074997124453304,1.0
92,Auction,V8,"(36, 3)",0.9591041169653636,False,0.0,33.0
92,Auction,V9,"(88, 62)",6.668710807979721,False,0.0,32.0
92,Auction,V10,"(52, 82)",1.0793183240992406,False,0.0,24.0
92,Q-Learning,V1,"(93, 15)",0.3255369628048683,True,8.768168758067986,1.0
92,Q-Learning,V2,"(46, 33)",5.554594150573312,False,0.0,27.0
92,Q-Learning,V3,"(47, 93)",2.926321741624701,False,0.0,23.0
92,Q-Learning,V4,"(40, 100)",14.04010199264286,False,0.0,29.0
92,Q-Learning,V5,"(48, 47)",0.30730848440506264,False,0.0,4.0
92,Q-Learning,V6,"(32, 83)",0.108404967284363,True,1.2236067977499783,2.0
92,Q-Learning,V7,"(36, 3)",15.463187326303,False,0.0,10.0
92,Q-Learning,V8,"(50, 87)",1.0064704588970308,False,0.0,33.0
92,Q-Learning,V9,"(88, 62)",8.864090219888269,False,0.0,34.0
92,Q-Learning,V10,"(44, 59)",1.0316877285470447,False,0.0,24.0
93,Greedy,V1,"(98, 18)",9.298826773297396,False,0.0,2.0
93,Greedy,V2,"(19, 85)",13.38734835288479,False,0.0,36.0
93,Greedy,V3,"(71, 74)",11.372836329853591,False,0.0,34.0
93,Greedy,V4,"(24, 81)",3.0983509306439636,False,0.0,19.0
93,Greedy,V5,"(15, 4)",4.32050273328224,False,0.0,10.0
93,Greedy,V6,"(23, 28)",6.614079284461155,False,0.0,8.0
93,Greedy,V7,"(68, 12)",9.274681052890308,False,0.0,4.0
93,Greedy,V8,"(4, 44)",0.031758708861609364,False,0.0,33.0
93,Greedy,V9,"(85, 73)",0.5558081722882697,False,0.0,26.0
93,Greedy,V10,"(20, 66)",9.138659090581939,False,0.0,34.0
93,Auction,V1,"(78, 85)",4.1081270968784445,True,3.5736601695948913,1.0
93,Auction,V2,"(59, 64)",1.2921828969023181,True,6.337497399083464,30.0
93,Auction,V3,"(44, 59)",0.08616507067178247,False,0.0,22.0
93,Auction,V4,"(48, 47)",4.657087046677219,False,0.0,20.0
93,Auction,V5,"(50, 40)",5.885600145651722,False,0.0,11.0
93,Auction,V6,"(73, 16)",0.004115053910417998,False,0.0,1.0
93,Auction,V7,"(32, 83)",0.7291100936835946,True,5.074997124453304,1.0
93,Auction,V8,"(36, 3)",0.9591041169653636,False,0.0,34.0
93,Auction,V9,"(88, 62)",6.668710807979721,False,0.0,33.0
93,Auction,V10,"(52, 82)",1.0793183240992406,False,0.0,25.0
93,Q-Learning,V1,"(93, 15)",0.3255369628048683,True,7.768168758067986,1.0
93,Q-Learning,V2,"(46, 33)",5.554594150573312,False,0.0,28.0
93,Q-Learning,V3,"(47, 93)",2.926321741624701,False,0.0,24.0
93,Q-Learning,V4,"(40, 100)",14.04010199264286,False,0.0,30.0
93,Q-Learning,V5,"(48, 47)",0.30730848440506264,False,0.0,5.0
93,Q-Learning,V6,"(32, 83)",0.108404967284363,True,0.22360679774997827,2.0
93,Q-Learning,V7,"(36, 3)",15.463187326303,False,0.0,11.0
93,Q-Learning,V8,"(50, 87)",1.0064704588970308,False,0.0,34.0
93,Q-Learning,V9,"(88, 62)",8.864090219888269,False,0.0,35.0
93,Q-Learning,V10,"(44, 59)",1.0316877285470447,False,0.0,25.0
94,Greedy,V1,"(98, 18)",9.298826773297396,False,0.0,3.0
94,Greedy,V2,"(19, 85)",13.38734835288479,False,0.0,37.0
94,Greedy,V3,"(71, 74)",11.372836329853591,False,0.0,35.0
94,Greedy,V4,"(24, 81)",3.0983509306439636,False,0.0,20.0
94,Greedy,V5,"(15, 4)",4.32050273328224,False,0.0,11.0
94,Greedy,V6,"(23, 28)",6.614079284461155,False,0.0,9.0
94,Greedy,V7,"(68, 12)",9.274681052890308,False,0.0,5.0
94,Greedy,V8,"(4, 44)",0.031758708861609364,False,0.0,34.0
94,Greedy,V9,"(85, 73)",0.5558081722882697,False,0.0,27.0
94,Greedy,V10,"(20, 66)",9.138659090581939,False,0.0,35.0
94,Auction,V1,"(78, 85)",4.1081270968784445,True,2.5736601695948913,1.0
94,Auction,V2,"(59, 64)",1.2921828969023181,True,5.337497399083464,30.0
94,Auction,V3,"(44, 59)",0.08616507067178247,False,0.0,23.0
94,Auction,V4,"(48, 47)",4.657087046677219,False,0.0,21.0
94,Auction,V5,"(50, 40)",5.885600145651722,False,0.0,12.0
94,Auction,V6,"(73, 16)",0.004115053910417998,False,0.0,2.0
94,Auction,V7,"(32, 83)",0.7291100936835946,True,4.074997124453304,1.0
94,Auction,V8,"(36, 3)",0.9591041169653636,False,0.0,35.0
94,Auction,V9,"(88, 62)",6.668710807979721,False,0.0,34.0
94,Auction,V10,"(52, 82)",1.0793183240992406,False,0.0,26.0
94,Q-Learning,V1,"(93, 15)",0.3255369628048683,True,6.768168758067986,1.0
94,Q-Learning,V2,"(46, 33)",5.554594150573312,False,0.0,29.0
94,Q-Learning,V3,"(47, 93)",2.926321741624701,False,0.0,25.0
94,Q-Learning,V4,"(40, 100)",14.04010199264286,False,0.0,31.0
94,Q-Learning,V5,"(48, 47)",0.30730848440506264,False,0.0,6.0
94,Q-Learning,V6,"(32, 83)",0.108404967284363,False,0.0,2.0
94,Q-Learning,V7,"(36, 3)",15.463187326303,False,0.0,12.0
94,Q-Learning,V8,"(50, 87)",1.0064704588970308,False,0.0,35.0
94,Q-Learning,V9,"(88, 62)",8.864090219888269,False,0.0,36.0
94,Q-Learning,V10,"(44, 59)",1.0316877285470447,False,0.0,26.0
95,Greedy,V1,"(98, 18)",9.298826773297396,False,0.0,4.0
95,Greedy,V2,"(19, 85)",13.38734835288479,False,0.0,38.0
95,Greedy,V3,"(71, 74)",11.372836329853591,False,0.0,36.0
95,Greedy,V4,"(24, 81)",3.0983509306439636,False,0.0,21.0
95,Greedy,V5,"(15, 4)",4.32050273328224,False,0.0,12.0
95,Greedy,V6,"(23, 28)",6.614079284461155,False,0.0,10.0
95,Greedy,V7,"(68, 12)",9.274681052890308,False,0.0,6.0
95,Greedy,V8,"(4, 44)",0.031758708861609364,False,0.0,35.0
95,Greedy,V9,"(85, 73)",0.5558081722882697,False,0.0,28.0
95,Greedy,V10,"(20, 66)",9.138659090581939,False,0.0,36.0
95,Auction,V1,"(78, 85)",4.1081270968784445,True,1.5736601695948913,1.0
95,Auction,V2,"(59, 64)",1.2921828969023181,True,4.337497399083464,30.0
95,Auction,V3,"(44, 59)",0.08616507067178247,False,0.0,24.0
95,Auction,V4,"(48, 47)",4.657087046677219,False,0.0,22.0
95,Auction,V5,"(50, 40)",5.885600145651722,False,0.0,13.0
95,Auction,V6,"(73, 16)",0.004115053910417998,False,0.0,3.0
95,Auction,V7,"(32, 83)",0.7291100936835946,True,3.0749971244533043,1.0
95,Auction,V8,"(36, 3)",0.9591041169653636,False,0.0,36.0
95,Auction,V9,"(88, 62)",6.668710807979721,False,0.0,35.0
95,Auction,V10,"(52, 82)",1.0793183240992406,False,0.0,27.0
95,Q-Learning,V1,"(93, 15)",0.3255369628048683,True,5.768168758067986,1.0
95,Q-Learning,V2,"(46, 33)",5.554594150573312,False,0.0,30.0
95,Q-Learning,V3,"(47, 93)",2.926321741624701,False,0.0,26.0
95,Q-Learning,V4,"(40, 100)",14.04010199264286,False,0.0,32.0
95,Q-Learning,V5,"(48, 47)",0.30730848440506264,False,0.0,7.0
95,Q-Learning,V6,"(32, 83)",0.108404967284363,False,0.0,3.0
95,Q-Learning,V7,"(36, 3)",15.463187326303,False,0.0,13.0
95,Q-Learning,V8,"(50, 87)",1.0064704588970308,False,0.0,36.0
95,Q-Learning,V9,"(88, 62)",8.864090219888269,False,0.0,37.0
95,Q-Learning,V10,"(44, 59)",1.0316877285470447,False,0.0,27.0
96,Greedy,V1,"(98, 18)",9.298826773297396,False,0.0,5.0
96,Greedy,V2,"(19, 85)",13.38734835288479,False,0.0,39.0
96,Greedy,V3,"(71, 74)",11.372836329853591,False,0.0,37.0
96,Greedy,V4,"(24, 81)",3.0983509306439636,False,0.0,22.0
96,Greedy,V5,"(15, 4)",4.32050273328224,False,0.0,13.0
96,Greedy,V6,"(23, 28)",6.614079284461155,False,0.0,11.0
96,Greedy,V7,"(68, 12)",9.274681052890308,False,0.0,7.0
96,Greedy,V8,"(4, 44)",0.031758708861609364,False,0.0,36.0
96,Greedy,V9,"(85, 73)",0.5558081722882697,False,0.0,29.0
96,Greedy,V10,"(20, 66)",9.138659090581939,False,0.0,37.0
96,Auction,V1,"(78, 85)",4.1081270968784445,True,0.5736601695948913,1.0
96,Auction,V2,"(59, 64)",1.2921828969023181,True,3.337497399083464,30.0
96,Auction,V3,"(44, 59)",0.08616507067178247,False,0.0,25.0
96,Auction,V4,"(48, 47)",4.657087046677219,False,0.0,23.0
96,Auction,V5,"(50, 40)",5.885600145651722,False,0.0,14.0
96,Auction,V6,"(73, 16)",0.004115053910417998,False,0.0,4.0
96,Auction,V7,"(32, 83)",0.7291100936835946,True,2.0749971244533043,1.0
96,Auction,V8,"(36, 3)",0.9591041169653636,False,0.0,37.0
96,Auction,V9,"(88, 62)",6.668710807979721,False,0.0,36.0
96,Auction,V10,"(52, 82)",1.0793183240992406,False,0.0,28.0
96,Q-Learning,V1,"(93, 15)",0.3255369628048683,True,4.768168758067986,1.0
96,Q-Learning,V2,"(46, 33)",5.554594150573312,False,0.0,31.0
96,Q-Learning,V3,"(47, 93)",2.926321741624701,False,0.0,27.0
96,Q-Learning,V4,"(40, 100)",14.04010199264286,False,0.0,33.0
96,Q-Learning,V5,"(48, 47)",0.30730848440506264,False,0.0,8.0
96,Q-Learning,V6,"(32, 83)",0.108404967284363,False,0.0,4.0
96,Q-Learning,V7,"(36, 3)",15.463187326303,False,0.0,14.0
96,Q-Learning,V8,"(50, 87)",1.0064704588970308,False,0.0,37.0
96,Q-Learning,V9,"(88, 62)",8.864090219888269,False,0.0,38.0
96,Q-Learning,V10,"(44, 59)",1.0316877285470447,False,0.0,28.0
97,Greedy,V1,"(98, 18)",9.298826773297396,False,0.0,6.0
97,Greedy,V2,"(19, 85)",13.38734835288479,False,0.0,40.0
97,Greedy,V3,"(71, 74)",11.372836329853591,False,0.0,38.0
97,Greedy,V4,"(24, 81)",3.0983509306439636,False,0.0,23.0
97,Greedy,V5,"(15, 4)",4.32050273328224,False,0.0,14.0
97,Greedy,V6,"(23, 28)",6.614079284461155,False,0.0,12.0
97,Greedy,V7,"(68, 12)",9.274681052890308,False,0.0,8.0
97,Greedy,V8,"(4, 44)",0.031758708861609364,False,0.0,37.0
97,Greedy,V9,"(85, 73)",0.5558081722882697,False,0.0,30.0
97,Greedy,V10,"(20, 66)",9.138659090581939,False,0.0,38.0
97,Auction,V1,"(78, 85)",4.1081270968784445,False,0.0,1.0
97,Auction,V2,"(59, 64)",1.2921828969023181,True,2.337497399083464,30.0
97,Auction,V3,"(44, 59)",0.08616507067178247,False,0.0,26.0
97,Auction,V4,"(48, 47)",4.657087046677219,False,0.0,24.0
97,Auction,V5,"(50, 40)",5.885600145651722,False,0.0,15.0
97,Auction,V6,"(73, 16)",0.004115053910417998,False,0.0,5.0
97,Auction,V7,"(32, 83)",0.7291100936835946,True,1.0749971244533043,1.0
97,Auction,V8,"(36, 3)",0.9591041169653636,False,0.0,38.0
97,Auction,V9,"(88, 62)",6.668710807979721,False,0.0,37.0
97,Auction,V10,"(52, 82)",1.0793183240992406,False,0.0,29.0
97,Q-Learning,V1,"(93, 15)",0.3255369628048683,True,3.7681687580679863,1.0
97,Q-Learning,V2,"(46, 33)",5.554594150573312,False,0.0,32.0
97,Q-Learning,V3,"(47, 93)",2.926321741624701,False,0.0,28.0
97,Q-Learning,V4,"(40, 100)",14.04010199264286,False,0.0,34.0
97,Q-Learning,V5,"(48, 47)",0.30730848440506264,False,0.0,9.0
97,Q-Learning,V6,"(32, 83)",0.108404967284363,False,0.0,5.0
97,Q-Learning,V7,"(36, 3)",15.463187326303,False,0.0,15.0
97,Q-Learning,V8,"(50, 87)",1.0064704588970308,False,0.0,38.0
97,Q-Learning,V9,"(88, 62)",8.864090219888269,False,0.0,39.0
97,Q-Learning,V10,"(44, 59)",1.0316877285470447,False,0.0,29.0
98,Greedy,V1,"(98, 18)",9.298826773297396,False,0.0,7.0
98,Greedy,V2,"(19, 85)",13.38734835288479,False,0.0,41.0
98,Greedy,V3,"(71, 74)",11.372836329853591,False,0.0,39.0
98,Greedy,V4,"(24, 81)",3.0983509306439636,False,0.0,24.0
98,Greedy,V5,"(15, 4)",4.32050273328224,False,0.0,15.0
98,Greedy,V6,"(23, 28)",6.614079284461155,False,0.0,13.0
98,Greedy,V7,"(68, 12)",9.274681052890308,False,0.0,9.0
98,Greedy,V8,"(4, 44)",0.031758708861609364,False,0.0,38.0
98,Greedy,V9,"(85, 73)",0.5558081722882697,False,0.0,31.0
98,Greedy,V10,"(20, 66)",9.138659090581939,False,0.0,39.0
98,Auction,V1,"(78, 85)",4.1081270968784445,False,0.0,2.0
98,Auction,V2,"(59, 64)",1.2921828969023181,True,1.337497399083464,30.0
98,Auction,V3,"(44, 59)",0.08616507067178247,False,0.0,27.0
98,Auction,V4,"(48, 47)",4.657087046677219,False,0.0,25.0
98,Auction,V5,"(50, 40)",5.885600145651722,False,0.0,16.0
98,Auction,V6,"(73, 16)",0.004115053910417998,False,0.0,6.0
98,Auction,V7,"(32, 83)",0.7291100936835946,True,0.07499712445330431,1.0
98,Auction,V8,"(36, 3)",0.9591041169653636,False,0.0,39.0
98,Auction,V9,"(88, 62)",6.668710807979721,False,0.0,38.0
98,Auction,V10,"(52, 82)",1.0793183240992406,False,0.0,30.0
98,Q-Learning,V1,"(93, 15)",0.3255369628048683,True,2.7681687580679863,1.0
98,Q-Learning,V2,"(46, 33)",5.554594150573312,False,0.0,33.0
98,Q-Learning,V3,"(47, 93)",2.926321741624701,False,0.0,29.0
98,Q-Learning,V4,"(40, 100)",14.04010199264286,False,0.0,35.0
98,Q-Learning,V5,"(48, 47)",0.30730848440506264,False,0.0,10.0
98,Q-Learning,V6,"(32, 83)",0.108404967284363,False,0.0,6.0
98,Q-Learning,V7,"(36, 3)",15.463187326303,False,0.0,16.0
98,Q-Learning,V8,"(50, 87)",1.0064704588970308,False,0.0,39.0
98,Q-Learning,V9,"(88, 62)",8.864090219888269,False,0.0,40.0
98,Q-Learning,V10,"(44, 59)",1.0316877285470447,False,0.0,30.0
99,Greedy,V1,"(98, 18)",9.298826773297396,False,0.0,8.0
99,Greedy,V2,"(19, 85)",13.38734835288479,False,0.0,42.0
99,Greedy,V3,"(71, 74)",11.372836329853591,False,0.0,40.0
99,Greedy,V4,"(24, 81)",3.0983509306439636,False,0.0,25.0
99,Greedy,V5,"(15, 4)",4.32050273328224,False,0.0,16.0
99,Greedy,V6,"(23, 28)",6.614079284461155,False,0.0,14.0
99,Greedy,V7,"(68, 12)",9.274681052890308,False,0.0,10.0
99,Greedy,V8,"(4, 44)",0.031758708861609364,False,0.0,39.0
99,Greedy,V9,"(85, 73)",0.5558081722882697,False,0.0,32.0
99,Greedy,V10,"(20, 66)",9.138659090581939,False,0.0,40.0
99,Auction,V1,"(78, 85)",4.1081270968784445,False,0.0,3.0
99,Auction,V2,"(59, 64)",1.2921828969023181,True,0.337497399083464,30.0
99,Auction,V3,"(44, 59)",0.08616507067178247,False,0.0,28.0
99,Auction,V4,"(48, 47)",4.657087046677219,False,0.0,26.0
99,Auction,V5,"(50, 40)",5.885600145651722,False,0.0,17.0
99,Auction,V6,"(73, 16)",0.004115053910417998,False,0.0,7.0
99,Auction,V7,"(32, 83)",0.7291100936835946,False,0.0,1.0
99,Auction,V8,"(36, 3)",0.9591041169653636,False,0.0,40.0
99,Auction,V9,"(88, 62)",6.668710807979721,False,0.0,39.0
99,Auction,V10,"(52, 82)",1.0793183240992406,False,0.0,31.0
99,Q-Learning,V1,"(93, 15)",0.3255369628048683,True,1.7681687580679863,1.0
99,Q-Learning,V2,"(46, 33)",5.554594150573312,False,0.0,34.0
99,Q-Learning,V3,"(47, 93)",2.926321741624701,False,0.0,30.0
99,Q-Learning,V4,"(40, 100)",14.04010199264286,False,0.0,36.0
99,Q-Learning,V5,"(48, 47)",0.30730848440506264,False,0.0,11.0
99,Q-Learning,V6,"(32, 83)",0.108404967284363,False,0.0,7.0
99,Q-Learning,V7,"(36, 3)",15.463187326303,False,0.0,17.0
99,Q-Learning,V8,"(50, 87)",1.0064704588970308,False,0.0,40.0
99,Q-Learning,V9,"(88, 62)",8.864090219888269,False,0.0,41.0
99,Q-Learning,V10,"(44, 59)",1.0316877285470447,False,0.0,31.0
