time_step,method,task_id,position,urgency,duration
0,Greedy,T1,"(27, 2)",9,25.0
0,Greedy,T2,"(3, 38)",10,23.0
0,Greedy,T3,"(10, 78)",3,26.0
0,Greedy,T4,"(65, 46)",7,11.0
0,Greedy,T5,"(89, 15)",9,11.0
0,Greedy,T6,"(20, 27)",2,24.0
0,Greedy,T7,"(91, 17)",5,19.0
0,Greedy,T8,"(77, 71)",9,10.0
0,Greedy,T9,"(86, 25)",1,16.0
0,Greedy,T10,"(59, 49)",5,23.0
0,Auction,T1,"(27, 2)",9,25.0
0,Auction,T2,"(3, 38)",10,23.0
0,Auction,T3,"(10, 78)",3,26.0
0,Auction,T4,"(65, 46)",7,11.0
0,Auction,T5,"(89, 15)",9,11.0
0,Auction,T6,"(20, 27)",2,24.0
0,Auction,T7,"(91, 17)",5,19.0
0,Auction,T8,"(77, 71)",9,10.0
0,Auction,T9,"(86, 25)",1,16.0
0,Auction,T10,"(59, 49)",5,23.0
0,Q-Learning,T1,"(27, 2)",9,25.0
0,Q-Learning,T2,"(3, 38)",10,23.0
0,Q-Learning,T3,"(10, 78)",3,26.0
0,Q-Learning,T4,"(65, 46)",7,11.0
0,Q-Learning,T5,"(89, 15)",9,11.0
0,Q-Learning,T6,"(20, 27)",2,24.0
0,Q-Learning,T7,"(91, 17)",5,19.0
0,Q-Learning,T8,"(77, 71)",9,10.0
0,Q-Learning,T9,"(86, 25)",1,16.0
0,Q-Learning,T10,"(59, 49)",5,23.0
1,Greedy,T9,"(86, 25)",2,16.0
1,Auction,T9,"(86, 25)",2,16.0
1,Q-Learning,T1,"(27, 2)",10,25.0
1,Q-Learning,T3,"(10, 78)",4,26.0
1,Q-Learning,T4,"(65, 46)",8,11.0
1,Q-Learning,T8,"(77, 71)",10,10.0
1,Q-Learning,T9,"(86, 25)",2,16.0
1,Q-Learning,T10,"(59, 49)",6,23.0
2,Greedy,T9,"(86, 25)",3,16.0
2,Greedy,E2,"(76, 79)",9,21.0
2,Auction,T9,"(86, 25)",3,16.0
2,Auction,E2,"(76, 79)",9,21.0
2,Q-Learning,T3,"(10, 78)",5,26.0
2,Q-Learning,T4,"(65, 46)",9,11.0
2,Q-Learning,T9,"(86, 25)",3,16.0
2,Q-Learning,T10,"(59, 49)",7,23.0
2,Q-Learning,E2,"(76, 79)",9,21.0
3,Greedy,T9,"(86, 25)",4,16.0
3,Greedy,E2,"(76, 79)",10,21.0
3,Auction,T9,"(86, 25)",4,16.0
3,Auction,E2,"(76, 79)",10,21.0
3,Q-Learning,T3,"(10, 78)",6,26.0
3,Q-Learning,T9,"(86, 25)",4,16.0
3,Q-Learning,T10,"(59, 49)",8,23.0
4,Greedy,T9,"(86, 25)",5,16.0
4,Greedy,E2,"(76, 79)",11,21.0
4,Greedy,E3,"(98, 71)",2,20.0
4,Auction,T9,"(86, 25)",5,16.0
4,Auction,E2,"(76, 79)",11,21.0
4,Auction,E3,"(98, 71)",2,20.0
4,Q-Learning,T3,"(10, 78)",7,26.0
4,Q-Learning,T9,"(86, 25)",5,16.0
4,Q-Learning,E3,"(98, 71)",2,20.0
5,Greedy,T9,"(86, 25)",6,16.0
5,Greedy,E2,"(76, 79)",12,21.0
5,Greedy,E3,"(98, 71)",3,20.0
5,Greedy,E4,"(33, 95)",6,11.0
5,Auction,T9,"(86, 25)",6,16.0
5,Auction,E2,"(76, 79)",12,21.0
5,Auction,E3,"(98, 71)",3,20.0
5,Auction,E4,"(33, 95)",6,11.0
5,Q-Learning,T3,"(10, 78)",8,26.0
5,Q-Learning,T9,"(86, 25)",6,16.0
5,Q-Learning,E3,"(98, 71)",3,20.0
5,Q-Learning,E4,"(33, 95)",6,11.0
6,Greedy,T9,"(86, 25)",7,16.0
6,Greedy,E2,"(76, 79)",13,21.0
6,Greedy,E3,"(98, 71)",4,20.0
6,Greedy,E4,"(33, 95)",7,11.0
6,Greedy,E5,"(88, 36)",1,15.0
6,Auction,T9,"(86, 25)",7,16.0
6,Auction,E2,"(76, 79)",13,21.0
6,Auction,E3,"(98, 71)",4,20.0
6,Auction,E4,"(33, 95)",7,11.0
6,Auction,E5,"(88, 36)",1,15.0
6,Q-Learning,T3,"(10, 78)",9,26.0
6,Q-Learning,T9,"(86, 25)",7,16.0
6,Q-Learning,E3,"(98, 71)",4,20.0
6,Q-Learning,E4,"(33, 95)",7,11.0
6,Q-Learning,E5,"(88, 36)",1,15.0
7,Greedy,T9,"(86, 25)",8,16.0
7,Greedy,E2,"(76, 79)",14,21.0
7,Greedy,E3,"(98, 71)",5,20.0
7,Greedy,E4,"(33, 95)",8,11.0
7,Greedy,E5,"(88, 36)",2,15.0
7,Greedy,E6,"(22, 89)",7,14.0
7,Auction,T9,"(86, 25)",8,16.0
7,Auction,E2,"(76, 79)",14,21.0
7,Auction,E3,"(98, 71)",5,20.0
7,Auction,E4,"(33, 95)",8,11.0
7,Auction,E5,"(88, 36)",2,15.0
7,Auction,E6,"(22, 89)",7,14.0
7,Q-Learning,T3,"(10, 78)",10,26.0
7,Q-Learning,T9,"(86, 25)",8,16.0
7,Q-Learning,E3,"(98, 71)",5,20.0
7,Q-Learning,E4,"(33, 95)",8,11.0
7,Q-Learning,E5,"(88, 36)",2,15.0
7,Q-Learning,E6,"(22, 89)",7,14.0
8,Greedy,T9,"(86, 25)",9,16.0
8,Greedy,E2,"(76, 79)",15,21.0
8,Greedy,E3,"(98, 71)",6,20.0
8,Greedy,E4,"(33, 95)",9,11.0
8,Greedy,E5,"(88, 36)",3,15.0
8,Greedy,E6,"(22, 89)",8,14.0
8,Auction,T9,"(86, 25)",9,16.0
8,Auction,E2,"(76, 79)",15,21.0
8,Auction,E3,"(98, 71)",6,20.0
8,Auction,E4,"(33, 95)",9,11.0
8,Auction,E5,"(88, 36)",3,15.0
8,Auction,E6,"(22, 89)",8,14.0
8,Q-Learning,T3,"(10, 78)",11,26.0
8,Q-Learning,T9,"(86, 25)",9,16.0
8,Q-Learning,E3,"(98, 71)",6,20.0
8,Q-Learning,E4,"(33, 95)",9,11.0
8,Q-Learning,E5,"(88, 36)",3,15.0
8,Q-Learning,E6,"(22, 89)",8,14.0
9,Greedy,T9,"(86, 25)",10,16.0
9,Greedy,E2,"(76, 79)",16,21.0
9,Greedy,E3,"(98, 71)",7,20.0
9,Greedy,E4,"(33, 95)",10,11.0
9,Greedy,E5,"(88, 36)",4,15.0
9,Greedy,E6,"(22, 89)",9,14.0
9,Greedy,E7,"(78, 84)",1,25.0
9,Auction,T9,"(86, 25)",10,16.0
9,Auction,E2,"(76, 79)",16,21.0
9,Auction,E3,"(98, 71)",7,20.0
9,Auction,E4,"(33, 95)",10,11.0
9,Auction,E5,"(88, 36)",4,15.0
9,Auction,E6,"(22, 89)",9,14.0
9,Auction,E7,"(78, 84)",1,25.0
9,Q-Learning,T3,"(10, 78)",12,26.0
9,Q-Learning,T9,"(86, 25)",10,16.0
9,Q-Learning,E3,"(98, 71)",7,20.0
9,Q-Learning,E4,"(33, 95)",10,11.0
9,Q-Learning,E5,"(88, 36)",4,15.0
9,Q-Learning,E6,"(22, 89)",9,14.0
9,Q-Learning,E7,"(78, 84)",1,25.0
10,Greedy,T9,"(86, 25)",11,16.0
10,Greedy,E2,"(76, 79)",17,21.0
10,Greedy,E3,"(98, 71)",8,20.0
10,Greedy,E4,"(33, 95)",11,11.0
10,Greedy,E5,"(88, 36)",5,15.0
10,Greedy,E6,"(22, 89)",10,14.0
10,Greedy,E7,"(78, 84)",2,25.0
10,Greedy,E8,"(45, 25)",3,23.0
10,Auction,T9,"(86, 25)",11,16.0
10,Auction,E2,"(76, 79)",17,21.0
10,Auction,E3,"(98, 71)",8,20.0
10,Auction,E4,"(33, 95)",11,11.0
10,Auction,E5,"(88, 36)",5,15.0
10,Auction,E6,"(22, 89)",10,14.0
10,Auction,E7,"(78, 84)",2,25.0
10,Auction,E8,"(45, 25)",3,23.0
10,Q-Learning,T3,"(10, 78)",13,26.0
10,Q-Learning,T9,"(86, 25)",11,16.0
10,Q-Learning,E3,"(98, 71)",8,20.0
10,Q-Learning,E4,"(33, 95)",11,11.0
10,Q-Learning,E5,"(88, 36)",5,15.0
10,Q-Learning,E6,"(22, 89)",10,14.0
10,Q-Learning,E7,"(78, 84)",2,25.0
10,Q-Learning,E8,"(45, 25)",3,23.0
11,Greedy,T9,"(86, 25)",12,16.0
11,Greedy,E2,"(76, 79)",18,21.0
11,Greedy,E3,"(98, 71)",9,20.0
11,Greedy,E4,"(33, 95)",12,11.0
11,Greedy,E5,"(88, 36)",6,15.0
11,Greedy,E6,"(22, 89)",11,14.0
11,Greedy,E7,"(78, 84)",3,25.0
11,Greedy,E8,"(45, 25)",4,23.0
11,Auction,T9,"(86, 25)",12,16.0
11,Auction,E2,"(76, 79)",18,21.0
11,Auction,E3,"(98, 71)",9,20.0
11,Auction,E4,"(33, 95)",12,11.0
11,Auction,E5,"(88, 36)",6,15.0
11,Auction,E6,"(22, 89)",11,14.0
11,Auction,E7,"(78, 84)",3,25.0
11,Auction,E8,"(45, 25)",4,23.0
11,Q-Learning,T3,"(10, 78)",14,26.0
11,Q-Learning,T9,"(86, 25)",12,16.0
11,Q-Learning,E3,"(98, 71)",9,20.0
11,Q-Learning,E4,"(33, 95)",12,11.0
11,Q-Learning,E5,"(88, 36)",6,15.0
11,Q-Learning,E6,"(22, 89)",11,14.0
11,Q-Learning,E7,"(78, 84)",3,25.0
11,Q-Learning,E8,"(45, 25)",4,23.0
12,Greedy,T9,"(86, 25)",13,16.0
12,Greedy,E2,"(76, 79)",19,21.0
12,Greedy,E3,"(98, 71)",10,20.0
12,Greedy,E4,"(33, 95)",13,11.0
12,Greedy,E5,"(88, 36)",7,15.0
12,Greedy,E6,"(22, 89)",12,14.0
12,Greedy,E7,"(78, 84)",4,25.0
12,Greedy,E8,"(45, 25)",5,23.0
12,Auction,T9,"(86, 25)",13,16.0
12,Auction,E2,"(76, 79)",19,21.0
12,Auction,E3,"(98, 71)",10,20.0
12,Auction,E4,"(33, 95)",13,11.0
12,Auction,E5,"(88, 36)",7,15.0
12,Auction,E6,"(22, 89)",12,14.0
12,Auction,E7,"(78, 84)",4,25.0
12,Auction,E8,"(45, 25)",5,23.0
12,Q-Learning,T3,"(10, 78)",15,26.0
12,Q-Learning,T9,"(86, 25)",13,16.0
12,Q-Learning,E3,"(98, 71)",10,20.0
12,Q-Learning,E4,"(33, 95)",13,11.0
12,Q-Learning,E5,"(88, 36)",7,15.0
12,Q-Learning,E6,"(22, 89)",12,14.0
12,Q-Learning,E7,"(78, 84)",4,25.0
12,Q-Learning,E8,"(45, 25)",5,23.0
13,Greedy,T9,"(86, 25)",14,16.0
13,Greedy,E3,"(98, 71)",11,20.0
13,Greedy,E4,"(33, 95)",14,11.0
13,Greedy,E5,"(88, 36)",8,15.0
13,Greedy,E6,"(22, 89)",13,14.0
13,Greedy,E7,"(78, 84)",5,25.0
13,Greedy,E8,"(45, 25)",6,23.0
13,Auction,T9,"(86, 25)",14,16.0
13,Auction,E3,"(98, 71)",11,20.0
13,Auction,E5,"(88, 36)",8,15.0
13,Auction,E6,"(22, 89)",13,14.0
13,Auction,E7,"(78, 84)",5,25.0
13,Auction,E8,"(45, 25)",6,23.0
13,Q-Learning,T9,"(86, 25)",14,16.0
13,Q-Learning,E3,"(98, 71)",11,20.0
13,Q-Learning,E4,"(33, 95)",14,11.0
13,Q-Learning,E5,"(88, 36)",8,15.0
13,Q-Learning,E6,"(22, 89)",13,14.0
13,Q-Learning,E7,"(78, 84)",5,25.0
13,Q-Learning,E8,"(45, 25)",6,23.0
14,Greedy,E3,"(98, 71)",12,20.0
14,Greedy,E4,"(33, 95)",15,11.0
14,Greedy,E5,"(88, 36)",9,15.0
14,Greedy,E6,"(22, 89)",14,14.0
14,Greedy,E7,"(78, 84)",6,25.0
14,Greedy,E8,"(45, 25)",7,23.0
14,Greedy,E9,"(47, 49)",4,26.0
14,Auction,T9,"(86, 25)",15,16.0
14,Auction,E3,"(98, 71)",12,20.0
14,Auction,E5,"(88, 36)",9,15.0
14,Auction,E6,"(22, 89)",14,14.0
14,Auction,E7,"(78, 84)",6,25.0
14,Auction,E8,"(45, 25)",7,23.0
14,Auction,E9,"(47, 49)",4,26.0
14,Q-Learning,T9,"(86, 25)",15,16.0
14,Q-Learning,E3,"(98, 71)",12,20.0
14,Q-Learning,E4,"(33, 95)",15,11.0
14,Q-Learning,E5,"(88, 36)",9,15.0
14,Q-Learning,E6,"(22, 89)",14,14.0
14,Q-Learning,E7,"(78, 84)",6,25.0
14,Q-Learning,E8,"(45, 25)",7,23.0
14,Q-Learning,E9,"(47, 49)",4,26.0
15,Greedy,E3,"(98, 71)",13,20.0
15,Greedy,E5,"(88, 36)",10,15.0
15,Greedy,E6,"(22, 89)",15,14.0
15,Greedy,E7,"(78, 84)",7,25.0
15,Greedy,E8,"(45, 25)",8,23.0
15,Greedy,E9,"(47, 49)",5,26.0
15,Auction,E3,"(98, 71)",13,20.0
15,Auction,E5,"(88, 36)",10,15.0
15,Auction,E6,"(22, 89)",15,14.0
15,Auction,E7,"(78, 84)",7,25.0
15,Auction,E8,"(45, 25)",8,23.0
15,Auction,E9,"(47, 49)",5,26.0
15,Q-Learning,T9,"(86, 25)",16,16.0
15,Q-Learning,E3,"(98, 71)",13,20.0
15,Q-Learning,E4,"(33, 95)",16,11.0
15,Q-Learning,E5,"(88, 36)",10,15.0
15,Q-Learning,E6,"(22, 89)",15,14.0
15,Q-Learning,E8,"(45, 25)",8,23.0
15,Q-Learning,E9,"(47, 49)",5,26.0
16,Greedy,E3,"(98, 71)",14,20.0
16,Greedy,E5,"(88, 36)",11,15.0
16,Greedy,E7,"(78, 84)",8,25.0
16,Greedy,E8,"(45, 25)",9,23.0
16,Greedy,E9,"(47, 49)",6,26.0
16,Greedy,E10,"(32, 51)",3,11.0
16,Auction,E3,"(98, 71)",14,20.0
16,Auction,E5,"(88, 36)",11,15.0
16,Auction,E6,"(22, 89)",16,14.0
16,Auction,E7,"(78, 84)",8,25.0
16,Auction,E8,"(45, 25)",9,23.0
16,Auction,E9,"(47, 49)",6,26.0
16,Auction,E10,"(32, 51)",3,11.0
16,Q-Learning,T9,"(86, 25)",17,16.0
16,Q-Learning,E3,"(98, 71)",14,20.0
16,Q-Learning,E4,"(33, 95)",17,11.0
16,Q-Learning,E5,"(88, 36)",11,15.0
16,Q-Learning,E6,"(22, 89)",16,14.0
16,Q-Learning,E8,"(45, 25)",9,23.0
16,Q-Learning,E9,"(47, 49)",6,26.0
16,Q-Learning,E10,"(32, 51)",3,11.0
17,Greedy,E3,"(98, 71)",15,20.0
17,Greedy,E5,"(88, 36)",12,15.0
17,Greedy,E7,"(78, 84)",9,25.0
17,Greedy,E8,"(45, 25)",10,23.0
17,Greedy,E9,"(47, 49)",7,26.0
17,Greedy,E10,"(32, 51)",4,11.0
17,Greedy,E11,"(50, 92)",4,12.0
17,Auction,E3,"(98, 71)",15,20.0
17,Auction,E5,"(88, 36)",12,15.0
17,Auction,E6,"(22, 89)",17,14.0
17,Auction,E7,"(78, 84)",9,25.0
17,Auction,E8,"(45, 25)",10,23.0
17,Auction,E9,"(47, 49)",7,26.0
17,Auction,E10,"(32, 51)",4,11.0
17,Auction,E11,"(50, 92)",4,12.0
17,Q-Learning,T9,"(86, 25)",18,16.0
17,Q-Learning,E3,"(98, 71)",15,20.0
17,Q-Learning,E4,"(33, 95)",18,11.0
17,Q-Learning,E5,"(88, 36)",12,15.0
17,Q-Learning,E6,"(22, 89)",17,14.0
17,Q-Learning,E8,"(45, 25)",10,23.0
17,Q-Learning,E9,"(47, 49)",7,26.0
17,Q-Learning,E10,"(32, 51)",4,11.0
17,Q-Learning,E11,"(50, 92)",4,12.0
18,Greedy,E3,"(98, 71)",16,20.0
18,Greedy,E5,"(88, 36)",13,15.0
18,Greedy,E7,"(78, 84)",10,25.0
18,Greedy,E8,"(45, 25)",11,23.0
18,Greedy,E9,"(47, 49)",8,26.0
18,Greedy,E10,"(32, 51)",5,11.0
18,Greedy,E11,"(50, 92)",5,12.0
18,Auction,E3,"(98, 71)",16,20.0
18,Auction,E5,"(88, 36)",13,15.0
18,Auction,E6,"(22, 89)",18,14.0
18,Auction,E7,"(78, 84)",10,25.0
18,Auction,E8,"(45, 25)",11,23.0
18,Auction,E9,"(47, 49)",8,26.0
18,Auction,E10,"(32, 51)",5,11.0
18,Auction,E11,"(50, 92)",5,12.0
18,Q-Learning,E3,"(98, 71)",16,20.0
18,Q-Learning,E4,"(33, 95)",19,11.0
18,Q-Learning,E5,"(88, 36)",13,15.0
18,Q-Learning,E6,"(22, 89)",18,14.0
18,Q-Learning,E8,"(45, 25)",11,23.0
18,Q-Learning,E9,"(47, 49)",8,26.0
18,Q-Learning,E10,"(32, 51)",5,11.0
18,Q-Learning,E11,"(50, 92)",5,12.0
19,Greedy,E3,"(98, 71)",17,20.0
19,Greedy,E5,"(88, 36)",14,15.0
19,Greedy,E7,"(78, 84)",11,25.0
19,Greedy,E8,"(45, 25)",12,23.0
19,Greedy,E9,"(47, 49)",9,26.0
19,Greedy,E10,"(32, 51)",6,11.0
19,Greedy,E11,"(50, 92)",6,12.0
19,Greedy,E12,"(19, 46)",3,20.0
19,Auction,E3,"(98, 71)",17,20.0
19,Auction,E5,"(88, 36)",14,15.0
19,Auction,E6,"(22, 89)",19,14.0
19,Auction,E7,"(78, 84)",11,25.0
19,Auction,E8,"(45, 25)",12,23.0
19,Auction,E9,"(47, 49)",9,26.0
19,Auction,E10,"(32, 51)",6,11.0
19,Auction,E11,"(50, 92)",6,12.0
19,Auction,E12,"(19, 46)",3,20.0
19,Q-Learning,E3,"(98, 71)",17,20.0
19,Q-Learning,E5,"(88, 36)",14,15.0
19,Q-Learning,E6,"(22, 89)",19,14.0
19,Q-Learning,E8,"(45, 25)",12,23.0
19,Q-Learning,E9,"(47, 49)",9,26.0
19,Q-Learning,E10,"(32, 51)",6,11.0
19,Q-Learning,E11,"(50, 92)",6,12.0
19,Q-Learning,E12,"(19, 46)",3,20.0
20,Greedy,E3,"(98, 71)",18,20.0
20,Greedy,E5,"(88, 36)",15,15.0
20,Greedy,E7,"(78, 84)",12,25.0
20,Greedy,E8,"(45, 25)",13,23.0
20,Greedy,E9,"(47, 49)",10,26.0
20,Greedy,E10,"(32, 51)",7,11.0
20,Greedy,E11,"(50, 92)",7,12.0
20,Greedy,E12,"(19, 46)",4,20.0
20,Auction,E3,"(98, 71)",18,20.0
20,Auction,E5,"(88, 36)",15,15.0
20,Auction,E6,"(22, 89)",20,14.0
20,Auction,E7,"(78, 84)",12,25.0
20,Auction,E8,"(45, 25)",13,23.0
20,Auction,E9,"(47, 49)",10,26.0
20,Auction,E10,"(32, 51)",7,11.0
20,Auction,E11,"(50, 92)",7,12.0
20,Auction,E12,"(19, 46)",4,20.0
20,Q-Learning,E3,"(98, 71)",18,20.0
20,Q-Learning,E5,"(88, 36)",15,15.0
20,Q-Learning,E6,"(22, 89)",20,14.0
20,Q-Learning,E8,"(45, 25)",13,23.0
20,Q-Learning,E9,"(47, 49)",10,26.0
20,Q-Learning,E10,"(32, 51)",7,11.0
20,Q-Learning,E11,"(50, 92)",7,12.0
20,Q-Learning,E12,"(19, 46)",4,20.0
21,Greedy,E3,"(98, 71)",19,20.0
21,Greedy,E5,"(88, 36)",16,15.0
21,Greedy,E7,"(78, 84)",13,25.0
21,Greedy,E8,"(45, 25)",14,23.0
21,Greedy,E9,"(47, 49)",11,26.0
21,Greedy,E10,"(32, 51)",8,11.0
21,Greedy,E11,"(50, 92)",8,12.0
21,Greedy,E12,"(19, 46)",5,20.0
21,Auction,E3,"(98, 71)",19,20.0
21,Auction,E5,"(88, 36)",16,15.0
21,Auction,E6,"(22, 89)",21,14.0
21,Auction,E7,"(78, 84)",13,25.0
21,Auction,E8,"(45, 25)",14,23.0
21,Auction,E9,"(47, 49)",11,26.0
21,Auction,E10,"(32, 51)",8,11.0
21,Auction,E11,"(50, 92)",8,12.0
21,Auction,E12,"(19, 46)",5,20.0
21,Q-Learning,E3,"(98, 71)",19,20.0
21,Q-Learning,E5,"(88, 36)",16,15.0
21,Q-Learning,E6,"(22, 89)",21,14.0
21,Q-Learning,E8,"(45, 25)",14,23.0
21,Q-Learning,E9,"(47, 49)",11,26.0
21,Q-Learning,E10,"(32, 51)",8,11.0
21,Q-Learning,E11,"(50, 92)",8,12.0
21,Q-Learning,E12,"(19, 46)",5,20.0
22,Greedy,E3,"(98, 71)",20,20.0
22,Greedy,E5,"(88, 36)",17,15.0
22,Greedy,E7,"(78, 84)",14,25.0
22,Greedy,E8,"(45, 25)",15,23.0
22,Greedy,E9,"(47, 49)",12,26.0
22,Greedy,E10,"(32, 51)",9,11.0
22,Greedy,E11,"(50, 92)",9,12.0
22,Greedy,E12,"(19, 46)",6,20.0
22,Greedy,E13,"(75, 25)",1,28.0
22,Auction,E3,"(98, 71)",20,20.0
22,Auction,E5,"(88, 36)",17,15.0
22,Auction,E6,"(22, 89)",22,14.0
22,Auction,E7,"(78, 84)",14,25.0
22,Auction,E8,"(45, 25)",15,23.0
22,Auction,E9,"(47, 49)",12,26.0
22,Auction,E10,"(32, 51)",9,11.0
22,Auction,E11,"(50, 92)",9,12.0
22,Auction,E12,"(19, 46)",6,20.0
22,Auction,E13,"(75, 25)",1,28.0
22,Q-Learning,E3,"(98, 71)",20,20.0
22,Q-Learning,E5,"(88, 36)",17,15.0
22,Q-Learning,E6,"(22, 89)",22,14.0
22,Q-Learning,E8,"(45, 25)",15,23.0
22,Q-Learning,E9,"(47, 49)",12,26.0
22,Q-Learning,E10,"(32, 51)",9,11.0
22,Q-Learning,E11,"(50, 92)",9,12.0
22,Q-Learning,E12,"(19, 46)",6,20.0
22,Q-Learning,E13,"(75, 25)",1,28.0
23,Greedy,E3,"(98, 71)",21,20.0
23,Greedy,E5,"(88, 36)",18,15.0
23,Greedy,E7,"(78, 84)",15,25.0
23,Greedy,E8,"(45, 25)",16,23.0
23,Greedy,E9,"(47, 49)",13,26.0
23,Greedy,E10,"(32, 51)",10,11.0
23,Greedy,E11,"(50, 92)",10,12.0
23,Greedy,E12,"(19, 46)",7,20.0
23,Greedy,E13,"(75, 25)",2,28.0
23,Greedy,E14,"(29, 96)",6,19.0
23,Auction,E3,"(98, 71)",21,20.0
23,Auction,E5,"(88, 36)",18,15.0
23,Auction,E6,"(22, 89)",23,14.0
23,Auction,E7,"(78, 84)",15,25.0
23,Auction,E8,"(45, 25)",16,23.0
23,Auction,E9,"(47, 49)",13,26.0
23,Auction,E10,"(32, 51)",10,11.0
23,Auction,E11,"(50, 92)",10,12.0
23,Auction,E12,"(19, 46)",7,20.0
23,Auction,E13,"(75, 25)",2,28.0
23,Auction,E14,"(29, 96)",6,19.0
23,Q-Learning,E3,"(98, 71)",21,20.0
23,Q-Learning,E5,"(88, 36)",18,15.0
23,Q-Learning,E6,"(22, 89)",23,14.0
23,Q-Learning,E8,"(45, 25)",16,23.0
23,Q-Learning,E9,"(47, 49)",13,26.0
23,Q-Learning,E10,"(32, 51)",10,11.0
23,Q-Learning,E11,"(50, 92)",10,12.0
23,Q-Learning,E12,"(19, 46)",7,20.0
23,Q-Learning,E14,"(29, 96)",6,19.0
24,Greedy,E3,"(98, 71)",22,20.0
24,Greedy,E5,"(88, 36)",19,15.0
24,Greedy,E7,"(78, 84)",16,25.0
24,Greedy,E8,"(45, 25)",17,23.0
24,Greedy,E9,"(47, 49)",14,26.0
24,Greedy,E10,"(32, 51)",11,11.0
24,Greedy,E11,"(50, 92)",11,12.0
24,Greedy,E12,"(19, 46)",8,20.0
24,Greedy,E13,"(75, 25)",3,28.0
24,Greedy,E14,"(29, 96)",7,19.0
24,Greedy,E15,"(60, 61)",2,14.0
24,Auction,E3,"(98, 71)",22,20.0
24,Auction,E5,"(88, 36)",19,15.0
24,Auction,E6,"(22, 89)",24,14.0
24,Auction,E7,"(78, 84)",16,25.0
24,Auction,E8,"(45, 25)",17,23.0
24,Auction,E9,"(47, 49)",14,26.0
24,Auction,E10,"(32, 51)",11,11.0
24,Auction,E11,"(50, 92)",11,12.0
24,Auction,E12,"(19, 46)",8,20.0
24,Auction,E13,"(75, 25)",3,28.0
24,Auction,E14,"(29, 96)",7,19.0
24,Auction,E15,"(60, 61)",2,14.0
24,Q-Learning,E3,"(98, 71)",22,20.0
24,Q-Learning,E5,"(88, 36)",19,15.0
24,Q-Learning,E6,"(22, 89)",24,14.0
24,Q-Learning,E8,"(45, 25)",17,23.0
24,Q-Learning,E9,"(47, 49)",14,26.0
24,Q-Learning,E10,"(32, 51)",11,11.0
24,Q-Learning,E11,"(50, 92)",11,12.0
24,Q-Learning,E12,"(19, 46)",8,20.0
24,Q-Learning,E14,"(29, 96)",7,19.0
24,Q-Learning,E15,"(60, 61)",2,14.0
25,Greedy,E3,"(98, 71)",23,20.0
25,Greedy,E5,"(88, 36)",20,15.0
25,Greedy,E7,"(78, 84)",17,25.0
25,Greedy,E8,"(45, 25)",18,23.0
25,Greedy,E9,"(47, 49)",15,26.0
25,Greedy,E10,"(32, 51)",12,11.0
25,Greedy,E11,"(50, 92)",12,12.0
25,Greedy,E12,"(19, 46)",9,20.0
25,Greedy,E13,"(75, 25)",4,28.0
25,Greedy,E14,"(29, 96)",8,19.0
25,Greedy,E15,"(60, 61)",3,14.0
25,Greedy,E16,"(20, 41)",2,22.0
25,Auction,E3,"(98, 71)",23,20.0
25,Auction,E5,"(88, 36)",20,15.0
25,Auction,E6,"(22, 89)",25,14.0
25,Auction,E8,"(45, 25)",18,23.0
25,Auction,E9,"(47, 49)",15,26.0
25,Auction,E10,"(32, 51)",12,11.0
25,Auction,E11,"(50, 92)",12,12.0
25,Auction,E12,"(19, 46)",9,20.0
25,Auction,E13,"(75, 25)",4,28.0
25,Auction,E14,"(29, 96)",8,19.0
25,Auction,E15,"(60, 61)",3,14.0
25,Auction,E16,"(20, 41)",2,22.0
25,Q-Learning,E3,"(98, 71)",23,20.0
25,Q-Learning,E5,"(88, 36)",20,15.0
25,Q-Learning,E6,"(22, 89)",25,14.0
25,Q-Learning,E8,"(45, 25)",18,23.0
25,Q-Learning,E9,"(47, 49)",15,26.0
25,Q-Learning,E10,"(32, 51)",12,11.0
25,Q-Learning,E11,"(50, 92)",12,12.0
25,Q-Learning,E12,"(19, 46)",9,20.0
25,Q-Learning,E14,"(29, 96)",8,19.0
25,Q-Learning,E15,"(60, 61)",3,14.0
25,Q-Learning,E16,"(20, 41)",2,22.0
26,Greedy,E3,"(98, 71)",24,20.0
26,Greedy,E5,"(88, 36)",21,15.0
26,Greedy,E7,"(78, 84)",18,25.0
26,Greedy,E8,"(45, 25)",19,23.0
26,Greedy,E9,"(47, 49)",16,26.0
26,Greedy,E10,"(32, 51)",13,11.0
26,Greedy,E11,"(50, 92)",13,12.0
26,Greedy,E12,"(19, 46)",10,20.0
26,Greedy,E13,"(75, 25)",5,28.0
26,Greedy,E14,"(29, 96)",9,19.0
26,Greedy,E15,"(60, 61)",4,14.0
26,Greedy,E16,"(20, 41)",3,22.0
26,Auction,E3,"(98, 71)",24,20.0
26,Auction,E5,"(88, 36)",21,15.0
26,Auction,E6,"(22, 89)",26,14.0
26,Auction,E8,"(45, 25)",19,23.0
26,Auction,E9,"(47, 49)",16,26.0
26,Auction,E10,"(32, 51)",13,11.0
26,Auction,E11,"(50, 92)",13,12.0
26,Auction,E12,"(19, 46)",10,20.0
26,Auction,E13,"(75, 25)",5,28.0
26,Auction,E14,"(29, 96)",9,19.0
26,Auction,E15,"(60, 61)",4,14.0
26,Auction,E16,"(20, 41)",3,22.0
26,Q-Learning,E3,"(98, 71)",24,20.0
26,Q-Learning,E5,"(88, 36)",21,15.0
26,Q-Learning,E6,"(22, 89)",26,14.0
26,Q-Learning,E8,"(45, 25)",19,23.0
26,Q-Learning,E9,"(47, 49)",16,26.0
26,Q-Learning,E10,"(32, 51)",13,11.0
26,Q-Learning,E11,"(50, 92)",13,12.0
26,Q-Learning,E12,"(19, 46)",10,20.0
26,Q-Learning,E14,"(29, 96)",9,19.0
26,Q-Learning,E15,"(60, 61)",4,14.0
26,Q-Learning,E16,"(20, 41)",3,22.0
27,Greedy,E7,"(78, 84)",19,25.0
27,Greedy,E8,"(45, 25)",20,23.0
27,Greedy,E9,"(47, 49)",17,26.0
27,Greedy,E10,"(32, 51)",14,11.0
27,Greedy,E11,"(50, 92)",14,12.0
27,Greedy,E12,"(19, 46)",11,20.0
27,Greedy,E13,"(75, 25)",6,28.0
27,Greedy,E14,"(29, 96)",10,19.0
27,Greedy,E15,"(60, 61)",5,14.0
27,Greedy,E16,"(20, 41)",4,22.0
27,Auction,E3,"(98, 71)",25,20.0
27,Auction,E6,"(22, 89)",27,14.0
27,Auction,E8,"(45, 25)",20,23.0
27,Auction,E9,"(47, 49)",17,26.0
27,Auction,E11,"(50, 92)",14,12.0
27,Auction,E12,"(19, 46)",11,20.0
27,Auction,E13,"(75, 25)",6,28.0
27,Auction,E14,"(29, 96)",10,19.0
27,Auction,E15,"(60, 61)",5,14.0
27,Auction,E16,"(20, 41)",4,22.0
27,Q-Learning,E3,"(98, 71)",25,20.0
27,Q-Learning,E5,"(88, 36)",22,15.0
27,Q-Learning,E6,"(22, 89)",27,14.0
27,Q-Learning,E8,"(45, 25)",20,23.0
27,Q-Learning,E9,"(47, 49)",17,26.0
27,Q-Learning,E10,"(32, 51)",14,11.0
27,Q-Learning,E11,"(50, 92)",14,12.0
27,Q-Learning,E12,"(19, 46)",11,20.0
27,Q-Learning,E14,"(29, 96)",10,19.0
27,Q-Learning,E15,"(60, 61)",5,14.0
28,Greedy,E7,"(78, 84)",20,25.0
28,Greedy,E9,"(47, 49)",18,26.0
28,Greedy,E10,"(32, 51)",15,11.0
28,Greedy,E11,"(50, 92)",15,12.0
28,Greedy,E12,"(19, 46)",12,20.0
28,Greedy,E13,"(75, 25)",7,28.0
28,Greedy,E14,"(29, 96)",11,19.0
28,Greedy,E15,"(60, 61)",6,14.0
28,Greedy,E16,"(20, 41)",5,22.0
28,Auction,E3,"(98, 71)",26,20.0
28,Auction,E6,"(22, 89)",28,14.0
28,Auction,E11,"(50, 92)",15,12.0
28,Auction,E12,"(19, 46)",12,20.0
28,Auction,E13,"(75, 25)",7,28.0
28,Auction,E15,"(60, 61)",6,14.0
28,Auction,E16,"(20, 41)",5,22.0
28,Q-Learning,E3,"(98, 71)",26,20.0
28,Q-Learning,E5,"(88, 36)",23,15.0
28,Q-Learning,E6,"(22, 89)",28,14.0
28,Q-Learning,E8,"(45, 25)",21,23.0
28,Q-Learning,E9,"(47, 49)",18,26.0
28,Q-Learning,E10,"(32, 51)",15,11.0
28,Q-Learning,E11,"(50, 92)",15,12.0
28,Q-Learning,E12,"(19, 46)",12,20.0
28,Q-Learning,E14,"(29, 96)",11,19.0
28,Q-Learning,E15,"(60, 61)",6,14.0
29,Greedy,E7,"(78, 84)",21,25.0
29,Greedy,E9,"(47, 49)",19,26.0
29,Greedy,E11,"(50, 92)",16,12.0
29,Greedy,E12,"(19, 46)",13,20.0
29,Greedy,E13,"(75, 25)",8,28.0
29,Greedy,E14,"(29, 96)",12,19.0
29,Greedy,E15,"(60, 61)",7,14.0
29,Greedy,E16,"(20, 41)",6,22.0
29,Greedy,E17,"(48, 61)",7,14.0
29,Auction,E3,"(98, 71)",27,20.0
29,Auction,E6,"(22, 89)",29,14.0
29,Auction,E11,"(50, 92)",16,12.0
29,Auction,E12,"(19, 46)",13,20.0
29,Auction,E13,"(75, 25)",8,28.0
29,Auction,E15,"(60, 61)",7,14.0
29,Auction,E16,"(20, 41)",6,22.0
29,Auction,E17,"(48, 61)",7,14.0
29,Q-Learning,E3,"(98, 71)",27,20.0
29,Q-Learning,E5,"(88, 36)",24,15.0
29,Q-Learning,E8,"(45, 25)",22,23.0
29,Q-Learning,E9,"(47, 49)",19,26.0
29,Q-Learning,E10,"(32, 51)",16,11.0
29,Q-Learning,E11,"(50, 92)",16,12.0
29,Q-Learning,E12,"(19, 46)",13,20.0
29,Q-Learning,E14,"(29, 96)",12,19.0
29,Q-Learning,E15,"(60, 61)",7,14.0
29,Q-Learning,E17,"(48, 61)",7,14.0
30,Greedy,E7,"(78, 84)",22,25.0
30,Greedy,E9,"(47, 49)",20,26.0
30,Greedy,E11,"(50, 92)",17,12.0
30,Greedy,E12,"(19, 46)",14,20.0
30,Greedy,E13,"(75, 25)",9,28.0
30,Greedy,E14,"(29, 96)",13,19.0
30,Greedy,E15,"(60, 61)",8,14.0
30,Greedy,E16,"(20, 41)",7,22.0
30,Greedy,E17,"(48, 61)",8,14.0
30,Auction,E3,"(98, 71)",28,20.0
30,Auction,E6,"(22, 89)",30,14.0
30,Auction,E11,"(50, 92)",17,12.0
30,Auction,E12,"(19, 46)",14,20.0
30,Auction,E13,"(75, 25)",9,28.0
30,Auction,E15,"(60, 61)",8,14.0
30,Auction,E16,"(20, 41)",7,22.0
30,Auction,E17,"(48, 61)",8,14.0
30,Q-Learning,E5,"(88, 36)",25,15.0
30,Q-Learning,E8,"(45, 25)",23,23.0
30,Q-Learning,E9,"(47, 49)",20,26.0
30,Q-Learning,E10,"(32, 51)",17,11.0
30,Q-Learning,E11,"(50, 92)",17,12.0
30,Q-Learning,E12,"(19, 46)",14,20.0
30,Q-Learning,E14,"(29, 96)",13,19.0
30,Q-Learning,E15,"(60, 61)",8,14.0
30,Q-Learning,E17,"(48, 61)",8,14.0
31,Greedy,E7,"(78, 84)",23,25.0
31,Greedy,E9,"(47, 49)",21,26.0
31,Greedy,E11,"(50, 92)",18,12.0
31,Greedy,E12,"(19, 46)",15,20.0
31,Greedy,E13,"(75, 25)",10,28.0
31,Greedy,E14,"(29, 96)",14,19.0
31,Greedy,E15,"(60, 61)",9,14.0
31,Greedy,E16,"(20, 41)",8,22.0
31,Greedy,E17,"(48, 61)",9,14.0
31,Greedy,E18,"(59, 84)",10,30.0
31,Auction,E3,"(98, 71)",29,20.0
31,Auction,E6,"(22, 89)",31,14.0
31,Auction,E11,"(50, 92)",18,12.0
31,Auction,E12,"(19, 46)",15,20.0
31,Auction,E13,"(75, 25)",10,28.0
31,Auction,E15,"(60, 61)",9,14.0
31,Auction,E16,"(20, 41)",8,22.0
31,Auction,E17,"(48, 61)",9,14.0
31,Auction,E18,"(59, 84)",10,30.0
31,Q-Learning,E5,"(88, 36)",26,15.0
31,Q-Learning,E8,"(45, 25)",24,23.0
31,Q-Learning,E9,"(47, 49)",21,26.0
31,Q-Learning,E10,"(32, 51)",18,11.0
31,Q-Learning,E11,"(50, 92)",18,12.0
31,Q-Learning,E12,"(19, 46)",15,20.0
31,Q-Learning,E14,"(29, 96)",14,19.0
31,Q-Learning,E15,"(60, 61)",9,14.0
31,Q-Learning,E17,"(48, 61)",9,14.0
31,Q-Learning,E18,"(59, 84)",10,30.0
32,Greedy,E9,"(47, 49)",22,26.0
32,Greedy,E11,"(50, 92)",19,12.0
32,Greedy,E12,"(19, 46)",16,20.0
32,Greedy,E13,"(75, 25)",11,28.0
32,Greedy,E14,"(29, 96)",15,19.0
32,Greedy,E15,"(60, 61)",10,14.0
32,Greedy,E16,"(20, 41)",9,22.0
32,Greedy,E17,"(48, 61)",10,14.0
32,Greedy,E18,"(59, 84)",11,30.0
32,Greedy,E19,"(23, 19)",9,18.0
32,Auction,E3,"(98, 71)",30,20.0
32,Auction,E6,"(22, 89)",32,14.0
32,Auction,E11,"(50, 92)",19,12.0
32,Auction,E12,"(19, 46)",16,20.0
32,Auction,E13,"(75, 25)",11,28.0
32,Auction,E15,"(60, 61)",10,14.0
32,Auction,E16,"(20, 41)",9,22.0
32,Auction,E17,"(48, 61)",10,14.0
32,Auction,E18,"(59, 84)",11,30.0
32,Auction,E19,"(23, 19)",9,18.0
32,Q-Learning,E5,"(88, 36)",27,15.0
32,Q-Learning,E8,"(45, 25)",25,23.0
32,Q-Learning,E9,"(47, 49)",22,26.0
32,Q-Learning,E10,"(32, 51)",19,11.0
32,Q-Learning,E11,"(50, 92)",19,12.0
32,Q-Learning,E12,"(19, 46)",16,20.0
32,Q-Learning,E14,"(29, 96)",15,19.0
32,Q-Learning,E15,"(60, 61)",10,14.0
32,Q-Learning,E17,"(48, 61)",10,14.0
32,Q-Learning,E18,"(59, 84)",11,30.0
32,Q-Learning,E19,"(23, 19)",9,18.0
33,Greedy,E12,"(19, 46)",17,20.0
33,Greedy,E13,"(75, 25)",12,28.0
33,Greedy,E14,"(29, 96)",16,19.0
33,Greedy,E15,"(60, 61)",11,14.0
33,Greedy,E16,"(20, 41)",10,22.0
33,Greedy,E17,"(48, 61)",11,14.0
33,Greedy,E18,"(59, 84)",12,30.0
33,Greedy,E19,"(23, 19)",10,18.0
33,Greedy,E20,"(47, 24)",3,16.0
33,Auction,E3,"(98, 71)",31,20.0
33,Auction,E11,"(50, 92)",20,12.0
33,Auction,E12,"(19, 46)",17,20.0
33,Auction,E13,"(75, 25)",12,28.0
33,Auction,E15,"(60, 61)",11,14.0
33,Auction,E16,"(20, 41)",10,22.0
33,Auction,E17,"(48, 61)",11,14.0
33,Auction,E18,"(59, 84)",12,30.0
33,Auction,E19,"(23, 19)",10,18.0
33,Auction,E20,"(47, 24)",3,16.0
33,Q-Learning,E5,"(88, 36)",28,15.0
33,Q-Learning,E8,"(45, 25)",26,23.0
33,Q-Learning,E9,"(47, 49)",23,26.0
33,Q-Learning,E10,"(32, 51)",20,11.0
33,Q-Learning,E11,"(50, 92)",20,12.0
33,Q-Learning,E12,"(19, 46)",17,20.0
33,Q-Learning,E14,"(29, 96)",16,19.0
33,Q-Learning,E15,"(60, 61)",11,14.0
33,Q-Learning,E17,"(48, 61)",11,14.0
33,Q-Learning,E18,"(59, 84)",12,30.0
33,Q-Learning,E19,"(23, 19)",10,18.0
33,Q-Learning,E20,"(47, 24)",3,16.0
34,Greedy,E12,"(19, 46)",18,20.0
34,Greedy,E13,"(75, 25)",13,28.0
34,Greedy,E14,"(29, 96)",17,19.0
34,Greedy,E15,"(60, 61)",12,14.0
34,Greedy,E16,"(20, 41)",11,22.0
34,Greedy,E17,"(48, 61)",12,14.0
34,Greedy,E18,"(59, 84)",13,30.0
34,Greedy,E19,"(23, 19)",11,18.0
34,Greedy,E20,"(47, 24)",4,16.0
34,Greedy,E21,"(94, 79)",5,20.0
34,Auction,E11,"(50, 92)",21,12.0
34,Auction,E12,"(19, 46)",18,20.0
34,Auction,E13,"(75, 25)",13,28.0
34,Auction,E15,"(60, 61)",12,14.0
34,Auction,E16,"(20, 41)",11,22.0
34,Auction,E17,"(48, 61)",12,14.0
34,Auction,E18,"(59, 84)",13,30.0
34,Auction,E19,"(23, 19)",11,18.0
34,Auction,E20,"(47, 24)",4,16.0
34,Auction,E21,"(94, 79)",5,20.0
34,Q-Learning,E5,"(88, 36)",29,15.0
34,Q-Learning,E8,"(45, 25)",27,23.0
34,Q-Learning,E9,"(47, 49)",24,26.0
34,Q-Learning,E10,"(32, 51)",21,11.0
34,Q-Learning,E11,"(50, 92)",21,12.0
34,Q-Learning,E12,"(19, 46)",18,20.0
34,Q-Learning,E14,"(29, 96)",17,19.0
34,Q-Learning,E15,"(60, 61)",12,14.0
34,Q-Learning,E17,"(48, 61)",12,14.0
34,Q-Learning,E18,"(59, 84)",13,30.0
34,Q-Learning,E19,"(23, 19)",11,18.0
34,Q-Learning,E20,"(47, 24)",4,16.0
34,Q-Learning,E21,"(94, 79)",5,20.0
35,Greedy,E12,"(19, 46)",19,20.0
35,Greedy,E13,"(75, 25)",14,28.0
35,Greedy,E14,"(29, 96)",18,19.0
35,Greedy,E15,"(60, 61)",13,14.0
35,Greedy,E16,"(20, 41)",12,22.0
35,Greedy,E17,"(48, 61)",13,14.0
35,Greedy,E18,"(59, 84)",14,30.0
35,Greedy,E19,"(23, 19)",12,18.0
35,Greedy,E20,"(47, 24)",5,16.0
35,Greedy,E21,"(94, 79)",6,20.0
35,Greedy,E22,"(2, 29)",9,26.0
35,Auction,E11,"(50, 92)",22,12.0
35,Auction,E12,"(19, 46)",19,20.0
35,Auction,E13,"(75, 25)",14,28.0
35,Auction,E15,"(60, 61)",13,14.0
35,Auction,E16,"(20, 41)",12,22.0
35,Auction,E17,"(48, 61)",13,14.0
35,Auction,E18,"(59, 84)",14,30.0
35,Auction,E19,"(23, 19)",12,18.0
35,Auction,E20,"(47, 24)",5,16.0
35,Auction,E21,"(94, 79)",6,20.0
35,Auction,E22,"(2, 29)",9,26.0
35,Q-Learning,E8,"(45, 25)",28,23.0
35,Q-Learning,E9,"(47, 49)",25,26.0
35,Q-Learning,E10,"(32, 51)",22,11.0
35,Q-Learning,E11,"(50, 92)",22,12.0
35,Q-Learning,E12,"(19, 46)",19,20.0
35,Q-Learning,E14,"(29, 96)",18,19.0
35,Q-Learning,E15,"(60, 61)",13,14.0
35,Q-Learning,E17,"(48, 61)",13,14.0
35,Q-Learning,E18,"(59, 84)",14,30.0
35,Q-Learning,E19,"(23, 19)",12,18.0
35,Q-Learning,E20,"(47, 24)",5,16.0
35,Q-Learning,E21,"(94, 79)",6,20.0
35,Q-Learning,E22,"(2, 29)",9,26.0
36,Greedy,E13,"(75, 25)",15,28.0
36,Greedy,E14,"(29, 96)",19,19.0
36,Greedy,E15,"(60, 61)",14,14.0
36,Greedy,E16,"(20, 41)",13,22.0
36,Greedy,E17,"(48, 61)",14,14.0
36,Greedy,E18,"(59, 84)",15,30.0
36,Greedy,E19,"(23, 19)",13,18.0
36,Greedy,E20,"(47, 24)",6,16.0
36,Greedy,E21,"(94, 79)",7,20.0
36,Greedy,E22,"(2, 29)",10,26.0
36,Auction,E11,"(50, 92)",23,12.0
36,Auction,E12,"(19, 46)",20,20.0
36,Auction,E13,"(75, 25)",15,28.0
36,Auction,E15,"(60, 61)",14,14.0
36,Auction,E16,"(20, 41)",13,22.0
36,Auction,E17,"(48, 61)",14,14.0
36,Auction,E18,"(59, 84)",15,30.0
36,Auction,E19,"(23, 19)",13,18.0
36,Auction,E20,"(47, 24)",6,16.0
36,Auction,E21,"(94, 79)",7,20.0
36,Auction,E22,"(2, 29)",10,26.0
36,Q-Learning,E8,"(45, 25)",29,23.0
36,Q-Learning,E9,"(47, 49)",26,26.0
36,Q-Learning,E10,"(32, 51)",23,11.0
36,Q-Learning,E11,"(50, 92)",23,12.0
36,Q-Learning,E12,"(19, 46)",20,20.0
36,Q-Learning,E14,"(29, 96)",19,19.0
36,Q-Learning,E15,"(60, 61)",14,14.0
36,Q-Learning,E17,"(48, 61)",14,14.0
36,Q-Learning,E18,"(59, 84)",15,30.0
36,Q-Learning,E19,"(23, 19)",13,18.0
36,Q-Learning,E20,"(47, 24)",6,16.0
36,Q-Learning,E21,"(94, 79)",7,20.0
36,Q-Learning,E22,"(2, 29)",10,26.0
37,Greedy,E13,"(75, 25)",16,28.0
37,Greedy,E14,"(29, 96)",20,19.0
37,Greedy,E15,"(60, 61)",15,14.0
37,Greedy,E16,"(20, 41)",14,22.0
37,Greedy,E17,"(48, 61)",15,14.0
37,Greedy,E18,"(59, 84)",16,30.0
37,Greedy,E19,"(23, 19)",14,18.0
37,Greedy,E20,"(47, 24)",7,16.0
37,Greedy,E21,"(94, 79)",8,20.0
37,Greedy,E22,"(2, 29)",11,26.0
37,Auction,E11,"(50, 92)",24,12.0
37,Auction,E12,"(19, 46)",21,20.0
37,Auction,E13,"(75, 25)",16,28.0
37,Auction,E15,"(60, 61)",15,14.0
37,Auction,E16,"(20, 41)",14,22.0
37,Auction,E17,"(48, 61)",15,14.0
37,Auction,E18,"(59, 84)",16,30.0
37,Auction,E19,"(23, 19)",14,18.0
37,Auction,E20,"(47, 24)",7,16.0
37,Auction,E21,"(94, 79)",8,20.0
37,Auction,E22,"(2, 29)",11,26.0
37,Q-Learning,E9,"(47, 49)",27,26.0
37,Q-Learning,E10,"(32, 51)",24,11.0
37,Q-Learning,E11,"(50, 92)",24,12.0
37,Q-Learning,E12,"(19, 46)",21,20.0
37,Q-Learning,E14,"(29, 96)",20,19.0
37,Q-Learning,E15,"(60, 61)",15,14.0
37,Q-Learning,E17,"(48, 61)",15,14.0
37,Q-Learning,E18,"(59, 84)",16,30.0
37,Q-Learning,E19,"(23, 19)",14,18.0
37,Q-Learning,E20,"(47, 24)",7,16.0
37,Q-Learning,E21,"(94, 79)",8,20.0
37,Q-Learning,E22,"(2, 29)",11,26.0
38,Greedy,E13,"(75, 25)",17,28.0
38,Greedy,E14,"(29, 96)",21,19.0
38,Greedy,E15,"(60, 61)",16,14.0
38,Greedy,E16,"(20, 41)",15,22.0
38,Greedy,E17,"(48, 61)",16,14.0
38,Greedy,E18,"(59, 84)",17,30.0
38,Greedy,E19,"(23, 19)",15,18.0
38,Greedy,E20,"(47, 24)",8,16.0
38,Greedy,E21,"(94, 79)",9,20.0
38,Greedy,E22,"(2, 29)",12,26.0
38,Auction,E12,"(19, 46)",22,20.0
38,Auction,E13,"(75, 25)",17,28.0
38,Auction,E15,"(60, 61)",16,14.0
38,Auction,E16,"(20, 41)",15,22.0
38,Auction,E17,"(48, 61)",16,14.0
38,Auction,E18,"(59, 84)",17,30.0
38,Auction,E19,"(23, 19)",15,18.0
38,Auction,E20,"(47, 24)",8,16.0
38,Auction,E21,"(94, 79)",9,20.0
38,Auction,E22,"(2, 29)",12,26.0
38,Q-Learning,E10,"(32, 51)",25,11.0
38,Q-Learning,E11,"(50, 92)",25,12.0
38,Q-Learning,E12,"(19, 46)",22,20.0
38,Q-Learning,E14,"(29, 96)",21,19.0
38,Q-Learning,E15,"(60, 61)",16,14.0
38,Q-Learning,E17,"(48, 61)",16,14.0
38,Q-Learning,E18,"(59, 84)",17,30.0
38,Q-Learning,E19,"(23, 19)",15,18.0
38,Q-Learning,E20,"(47, 24)",8,16.0
38,Q-Learning,E21,"(94, 79)",9,20.0
38,Q-Learning,E22,"(2, 29)",12,26.0
39,Greedy,E13,"(75, 25)",18,28.0
39,Greedy,E14,"(29, 96)",22,19.0
39,Greedy,E15,"(60, 61)",17,14.0
39,Greedy,E16,"(20, 41)",16,22.0
39,Greedy,E17,"(48, 61)",17,14.0
39,Greedy,E18,"(59, 84)",18,30.0
39,Greedy,E19,"(23, 19)",16,18.0
39,Greedy,E20,"(47, 24)",9,16.0
39,Greedy,E21,"(94, 79)",10,20.0
39,Greedy,E22,"(2, 29)",13,26.0
39,Greedy,E23,"(51, 45)",3,12.0
39,Auction,E12,"(19, 46)",23,20.0
39,Auction,E13,"(75, 25)",18,28.0
39,Auction,E15,"(60, 61)",17,14.0
39,Auction,E16,"(20, 41)",16,22.0
39,Auction,E17,"(48, 61)",17,14.0
39,Auction,E18,"(59, 84)",18,30.0
39,Auction,E19,"(23, 19)",16,18.0
39,Auction,E20,"(47, 24)",9,16.0
39,Auction,E21,"(94, 79)",10,20.0
39,Auction,E22,"(2, 29)",13,26.0
39,Auction,E23,"(51, 45)",3,12.0
39,Q-Learning,E10,"(32, 51)",26,11.0
39,Q-Learning,E12,"(19, 46)",23,20.0
39,Q-Learning,E14,"(29, 96)",22,19.0
39,Q-Learning,E15,"(60, 61)",17,14.0
39,Q-Learning,E17,"(48, 61)",17,14.0
39,Q-Learning,E18,"(59, 84)",18,30.0
39,Q-Learning,E19,"(23, 19)",16,18.0
39,Q-Learning,E20,"(47, 24)",9,16.0
39,Q-Learning,E21,"(94, 79)",10,20.0
39,Q-Learning,E22,"(2, 29)",13,26.0
39,Q-Learning,E23,"(51, 45)",3,12.0
40,Greedy,E13,"(75, 25)",19,28.0
40,Greedy,E14,"(29, 96)",23,19.0
40,Greedy,E15,"(60, 61)",18,14.0
40,Greedy,E16,"(20, 41)",17,22.0
40,Greedy,E17,"(48, 61)",18,14.0
40,Greedy,E18,"(59, 84)",19,30.0
40,Greedy,E19,"(23, 19)",17,18.0
40,Greedy,E20,"(47, 24)",10,16.0
40,Greedy,E21,"(94, 79)",11,20.0
40,Greedy,E22,"(2, 29)",14,26.0
40,Greedy,E23,"(51, 45)",4,12.0
40,Greedy,E24,"(10, 83)",8,16.0
40,Auction,E12,"(19, 46)",24,20.0
40,Auction,E13,"(75, 25)",19,28.0
40,Auction,E15,"(60, 61)",18,14.0
40,Auction,E16,"(20, 41)",17,22.0
40,Auction,E17,"(48, 61)",18,14.0
40,Auction,E18,"(59, 84)",19,30.0
40,Auction,E19,"(23, 19)",17,18.0
40,Auction,E20,"(47, 24)",10,16.0
40,Auction,E21,"(94, 79)",11,20.0
40,Auction,E22,"(2, 29)",14,26.0
40,Auction,E23,"(51, 45)",4,12.0
40,Auction,E24,"(10, 83)",8,16.0
40,Q-Learning,E10,"(32, 51)",27,11.0
40,Q-Learning,E12,"(19, 46)",24,20.0
40,Q-Learning,E14,"(29, 96)",23,19.0
40,Q-Learning,E15,"(60, 61)",18,14.0
40,Q-Learning,E17,"(48, 61)",18,14.0
40,Q-Learning,E18,"(59, 84)",19,30.0
40,Q-Learning,E19,"(23, 19)",17,18.0
40,Q-Learning,E20,"(47, 24)",10,16.0
40,Q-Learning,E21,"(94, 79)",11,20.0
40,Q-Learning,E22,"(2, 29)",14,26.0
40,Q-Learning,E23,"(51, 45)",4,12.0
40,Q-Learning,E24,"(10, 83)",8,16.0
41,Greedy,E13,"(75, 25)",20,28.0
41,Greedy,E15,"(60, 61)",19,14.0
41,Greedy,E16,"(20, 41)",18,22.0
41,Greedy,E17,"(48, 61)",19,14.0
41,Greedy,E18,"(59, 84)",20,30.0
41,Greedy,E19,"(23, 19)",18,18.0
41,Greedy,E20,"(47, 24)",11,16.0
41,Greedy,E21,"(94, 79)",12,20.0
41,Greedy,E22,"(2, 29)",15,26.0
41,Greedy,E23,"(51, 45)",5,12.0
41,Greedy,E24,"(10, 83)",9,16.0
41,Auction,E12,"(19, 46)",25,20.0
41,Auction,E13,"(75, 25)",20,28.0
41,Auction,E15,"(60, 61)",19,14.0
41,Auction,E16,"(20, 41)",18,22.0
41,Auction,E17,"(48, 61)",19,14.0
41,Auction,E18,"(59, 84)",20,30.0
41,Auction,E19,"(23, 19)",18,18.0
41,Auction,E20,"(47, 24)",11,16.0
41,Auction,E21,"(94, 79)",12,20.0
41,Auction,E22,"(2, 29)",15,26.0
41,Auction,E23,"(51, 45)",5,12.0
41,Auction,E24,"(10, 83)",9,16.0
41,Q-Learning,E12,"(19, 46)",25,20.0
41,Q-Learning,E14,"(29, 96)",24,19.0
41,Q-Learning,E15,"(60, 61)",19,14.0
41,Q-Learning,E17,"(48, 61)",19,14.0
41,Q-Learning,E18,"(59, 84)",20,30.0
41,Q-Learning,E19,"(23, 19)",18,18.0
41,Q-Learning,E20,"(47, 24)",11,16.0
41,Q-Learning,E21,"(94, 79)",12,20.0
41,Q-Learning,E22,"(2, 29)",15,26.0
41,Q-Learning,E23,"(51, 45)",5,12.0
41,Q-Learning,E24,"(10, 83)",9,16.0
42,Greedy,E13,"(75, 25)",21,28.0
42,Greedy,E15,"(60, 61)",20,14.0
42,Greedy,E16,"(20, 41)",19,22.0
42,Greedy,E17,"(48, 61)",20,14.0
42,Greedy,E18,"(59, 84)",21,30.0
42,Greedy,E19,"(23, 19)",19,18.0
42,Greedy,E20,"(47, 24)",12,16.0
42,Greedy,E21,"(94, 79)",13,20.0
42,Greedy,E22,"(2, 29)",16,26.0
42,Greedy,E23,"(51, 45)",6,12.0
42,Greedy,E24,"(10, 83)",10,16.0
42,Greedy,E25,"(47, 1)",2,22.0
42,Auction,E12,"(19, 46)",26,20.0
42,Auction,E13,"(75, 25)",21,28.0
42,Auction,E15,"(60, 61)",20,14.0
42,Auction,E16,"(20, 41)",19,22.0
42,Auction,E17,"(48, 61)",20,14.0
42,Auction,E18,"(59, 84)",21,30.0
42,Auction,E19,"(23, 19)",19,18.0
42,Auction,E20,"(47, 24)",12,16.0
42,Auction,E21,"(94, 79)",13,20.0
42,Auction,E22,"(2, 29)",16,26.0
42,Auction,E23,"(51, 45)",6,12.0
42,Auction,E24,"(10, 83)",10,16.0
42,Auction,E25,"(47, 1)",2,22.0
42,Q-Learning,E12,"(19, 46)",26,20.0
42,Q-Learning,E14,"(29, 96)",25,19.0
42,Q-Learning,E15,"(60, 61)",20,14.0
42,Q-Learning,E17,"(48, 61)",20,14.0
42,Q-Learning,E19,"(23, 19)",19,18.0
42,Q-Learning,E20,"(47, 24)",12,16.0
42,Q-Learning,E21,"(94, 79)",13,20.0
42,Q-Learning,E22,"(2, 29)",16,26.0
42,Q-Learning,E23,"(51, 45)",6,12.0
42,Q-Learning,E24,"(10, 83)",10,16.0
42,Q-Learning,E25,"(47, 1)",2,22.0
43,Greedy,E13,"(75, 25)",22,28.0
43,Greedy,E15,"(60, 61)",21,14.0
43,Greedy,E16,"(20, 41)",20,22.0
43,Greedy,E17,"(48, 61)",21,14.0
43,Greedy,E18,"(59, 84)",22,30.0
43,Greedy,E19,"(23, 19)",20,18.0
43,Greedy,E20,"(47, 24)",13,16.0
43,Greedy,E21,"(94, 79)",14,20.0
43,Greedy,E22,"(2, 29)",17,26.0
43,Greedy,E23,"(51, 45)",7,12.0
43,Greedy,E24,"(10, 83)",11,16.0
43,Greedy,E25,"(47, 1)",3,22.0
43,Greedy,E26,"(84, 78)",9,16.0
43,Auction,E12,"(19, 46)",27,20.0
43,Auction,E13,"(75, 25)",22,28.0
43,Auction,E16,"(20, 41)",20,22.0
43,Auction,E17,"(48, 61)",21,14.0
43,Auction,E18,"(59, 84)",22,30.0
43,Auction,E19,"(23, 19)",20,18.0
43,Auction,E20,"(47, 24)",13,16.0
43,Auction,E21,"(94, 79)",14,20.0
43,Auction,E22,"(2, 29)",17,26.0
43,Auction,E23,"(51, 45)",7,12.0
43,Auction,E24,"(10, 83)",11,16.0
43,Auction,E25,"(47, 1)",3,22.0
43,Auction,E26,"(84, 78)",9,16.0
43,Q-Learning,E12,"(19, 46)",27,20.0
43,Q-Learning,E14,"(29, 96)",26,19.0
43,Q-Learning,E15,"(60, 61)",21,14.0
43,Q-Learning,E17,"(48, 61)",21,14.0
43,Q-Learning,E19,"(23, 19)",20,18.0
43,Q-Learning,E20,"(47, 24)",13,16.0
43,Q-Learning,E21,"(94, 79)",14,20.0
43,Q-Learning,E22,"(2, 29)",17,26.0
43,Q-Learning,E23,"(51, 45)",7,12.0
43,Q-Learning,E24,"(10, 83)",11,16.0
43,Q-Learning,E25,"(47, 1)",3,22.0
43,Q-Learning,E26,"(84, 78)",9,16.0
44,Greedy,E13,"(75, 25)",23,28.0
44,Greedy,E15,"(60, 61)",22,14.0
44,Greedy,E16,"(20, 41)",21,22.0
44,Greedy,E17,"(48, 61)",22,14.0
44,Greedy,E18,"(59, 84)",23,30.0
44,Greedy,E19,"(23, 19)",21,18.0
44,Greedy,E20,"(47, 24)",14,16.0
44,Greedy,E21,"(94, 79)",15,20.0
44,Greedy,E22,"(2, 29)",18,26.0
44,Greedy,E23,"(51, 45)",8,12.0
44,Greedy,E24,"(10, 83)",12,16.0
44,Greedy,E25,"(47, 1)",4,22.0
44,Greedy,E26,"(84, 78)",10,16.0
44,Auction,E13,"(75, 25)",23,28.0
44,Auction,E16,"(20, 41)",21,22.0
44,Auction,E17,"(48, 61)",22,14.0
44,Auction,E18,"(59, 84)",23,30.0
44,Auction,E19,"(23, 19)",21,18.0
44,Auction,E20,"(47, 24)",14,16.0
44,Auction,E21,"(94, 79)",15,20.0
44,Auction,E22,"(2, 29)",18,26.0
44,Auction,E23,"(51, 45)",8,12.0
44,Auction,E24,"(10, 83)",12,16.0
44,Auction,E25,"(47, 1)",4,22.0
44,Auction,E26,"(84, 78)",10,16.0
44,Q-Learning,E12,"(19, 46)",28,20.0
44,Q-Learning,E14,"(29, 96)",27,19.0
44,Q-Learning,E15,"(60, 61)",22,14.0
44,Q-Learning,E17,"(48, 61)",22,14.0
44,Q-Learning,E19,"(23, 19)",21,18.0
44,Q-Learning,E20,"(47, 24)",14,16.0
44,Q-Learning,E21,"(94, 79)",15,20.0
44,Q-Learning,E22,"(2, 29)",18,26.0
44,Q-Learning,E23,"(51, 45)",8,12.0
44,Q-Learning,E24,"(10, 83)",12,16.0
44,Q-Learning,E25,"(47, 1)",4,22.0
44,Q-Learning,E26,"(84, 78)",10,16.0
45,Greedy,E13,"(75, 25)",24,28.0
45,Greedy,E15,"(60, 61)",23,14.0
45,Greedy,E16,"(20, 41)",22,22.0
45,Greedy,E17,"(48, 61)",23,14.0
45,Greedy,E18,"(59, 84)",24,30.0
45,Greedy,E19,"(23, 19)",22,18.0
45,Greedy,E20,"(47, 24)",15,16.0
45,Greedy,E21,"(94, 79)",16,20.0
45,Greedy,E22,"(2, 29)",19,26.0
45,Greedy,E23,"(51, 45)",9,12.0
45,Greedy,E24,"(10, 83)",13,16.0
45,Greedy,E25,"(47, 1)",5,22.0
45,Greedy,E26,"(84, 78)",11,16.0
45,Greedy,E27,"(18, 25)",9,21.0
45,Auction,E13,"(75, 25)",24,28.0
45,Auction,E16,"(20, 41)",22,22.0
45,Auction,E17,"(48, 61)",23,14.0
45,Auction,E18,"(59, 84)",24,30.0
45,Auction,E19,"(23, 19)",22,18.0
45,Auction,E20,"(47, 24)",15,16.0
45,Auction,E21,"(94, 79)",16,20.0
45,Auction,E22,"(2, 29)",19,26.0
45,Auction,E23,"(51, 45)",9,12.0
45,Auction,E24,"(10, 83)",13,16.0
45,Auction,E25,"(47, 1)",5,22.0
45,Auction,E26,"(84, 78)",11,16.0
45,Auction,E27,"(18, 25)",9,21.0
45,Q-Learning,E12,"(19, 46)",29,20.0
45,Q-Learning,E14,"(29, 96)",28,19.0
45,Q-Learning,E15,"(60, 61)",23,14.0
45,Q-Learning,E17,"(48, 61)",23,14.0
45,Q-Learning,E19,"(23, 19)",22,18.0
45,Q-Learning,E20,"(47, 24)",15,16.0
45,Q-Learning,E21,"(94, 79)",16,20.0
45,Q-Learning,E22,"(2, 29)",19,26.0
45,Q-Learning,E23,"(51, 45)",9,12.0
45,Q-Learning,E24,"(10, 83)",13,16.0
45,Q-Learning,E25,"(47, 1)",5,22.0
45,Q-Learning,E26,"(84, 78)",11,16.0
45,Q-Learning,E27,"(18, 25)",9,21.0
46,Greedy,E13,"(75, 25)",25,28.0
46,Greedy,E15,"(60, 61)",24,14.0
46,Greedy,E16,"(20, 41)",23,22.0
46,Greedy,E17,"(48, 61)",24,14.0
46,Greedy,E18,"(59, 84)",25,30.0
46,Greedy,E19,"(23, 19)",23,18.0
46,Greedy,E20,"(47, 24)",16,16.0
46,Greedy,E21,"(94, 79)",17,20.0
46,Greedy,E22,"(2, 29)",20,26.0
46,Greedy,E23,"(51, 45)",10,12.0
46,Greedy,E24,"(10, 83)",14,16.0
46,Greedy,E25,"(47, 1)",6,22.0
46,Greedy,E26,"(84, 78)",12,16.0
46,Greedy,E27,"(18, 25)",10,21.0
46,Auction,E13,"(75, 25)",25,28.0
46,Auction,E16,"(20, 41)",23,22.0
46,Auction,E17,"(48, 61)",24,14.0
46,Auction,E18,"(59, 84)",25,30.0
46,Auction,E19,"(23, 19)",23,18.0
46,Auction,E20,"(47, 24)",16,16.0
46,Auction,E21,"(94, 79)",17,20.0
46,Auction,E22,"(2, 29)",20,26.0
46,Auction,E23,"(51, 45)",10,12.0
46,Auction,E24,"(10, 83)",14,16.0
46,Auction,E25,"(47, 1)",6,22.0
46,Auction,E26,"(84, 78)",12,16.0
46,Auction,E27,"(18, 25)",10,21.0
46,Q-Learning,E12,"(19, 46)",30,20.0
46,Q-Learning,E14,"(29, 96)",29,19.0
46,Q-Learning,E15,"(60, 61)",24,14.0
46,Q-Learning,E17,"(48, 61)",24,14.0
46,Q-Learning,E19,"(23, 19)",23,18.0
46,Q-Learning,E20,"(47, 24)",16,16.0
46,Q-Learning,E21,"(94, 79)",17,20.0
46,Q-Learning,E22,"(2, 29)",20,26.0
46,Q-Learning,E23,"(51, 45)",10,12.0
46,Q-Learning,E24,"(10, 83)",14,16.0
46,Q-Learning,E25,"(47, 1)",6,22.0
46,Q-Learning,E26,"(84, 78)",12,16.0
46,Q-Learning,E27,"(18, 25)",10,21.0
47,Greedy,E13,"(75, 25)",26,28.0
47,Greedy,E15,"(60, 61)",25,14.0
47,Greedy,E16,"(20, 41)",24,22.0
47,Greedy,E17,"(48, 61)",25,14.0
47,Greedy,E18,"(59, 84)",26,30.0
47,Greedy,E19,"(23, 19)",24,18.0
47,Greedy,E20,"(47, 24)",17,16.0
47,Greedy,E21,"(94, 79)",18,20.0
47,Greedy,E22,"(2, 29)",21,26.0
47,Greedy,E23,"(51, 45)",11,12.0
47,Greedy,E24,"(10, 83)",15,16.0
47,Greedy,E25,"(47, 1)",7,22.0
47,Greedy,E26,"(84, 78)",13,16.0
47,Greedy,E27,"(18, 25)",11,21.0
47,Auction,E16,"(20, 41)",24,22.0
47,Auction,E17,"(48, 61)",25,14.0
47,Auction,E18,"(59, 84)",26,30.0
47,Auction,E19,"(23, 19)",24,18.0
47,Auction,E20,"(47, 24)",17,16.0
47,Auction,E21,"(94, 79)",18,20.0
47,Auction,E22,"(2, 29)",21,26.0
47,Auction,E23,"(51, 45)",11,12.0
47,Auction,E24,"(10, 83)",15,16.0
47,Auction,E25,"(47, 1)",7,22.0
47,Auction,E26,"(84, 78)",13,16.0
47,Auction,E27,"(18, 25)",11,21.0
47,Auction,E28,"(93, 33)",1,11.0
47,Q-Learning,E12,"(19, 46)",31,20.0
47,Q-Learning,E14,"(29, 96)",30,19.0
47,Q-Learning,E15,"(60, 61)",25,14.0
47,Q-Learning,E17,"(48, 61)",25,14.0
47,Q-Learning,E19,"(23, 19)",24,18.0
47,Q-Learning,E20,"(47, 24)",17,16.0
47,Q-Learning,E21,"(94, 79)",18,20.0
47,Q-Learning,E22,"(2, 29)",21,26.0
47,Q-Learning,E23,"(51, 45)",11,12.0
47,Q-Learning,E24,"(10, 83)",15,16.0
47,Q-Learning,E25,"(47, 1)",7,22.0
47,Q-Learning,E26,"(84, 78)",13,16.0
47,Q-Learning,E27,"(18, 25)",11,21.0
47,Q-Learning,E28,"(93, 33)",1,11.0
48,Greedy,E13,"(75, 25)",27,28.0
48,Greedy,E15,"(60, 61)",26,14.0
48,Greedy,E16,"(20, 41)",25,22.0
48,Greedy,E17,"(48, 61)",26,14.0
48,Greedy,E18,"(59, 84)",27,30.0
48,Greedy,E19,"(23, 19)",25,18.0
48,Greedy,E20,"(47, 24)",18,16.0
48,Greedy,E21,"(94, 79)",19,20.0
48,Greedy,E22,"(2, 29)",22,26.0
48,Greedy,E23,"(51, 45)",12,12.0
48,Greedy,E24,"(10, 83)",16,16.0
48,Greedy,E25,"(47, 1)",8,22.0
48,Greedy,E26,"(84, 78)",14,16.0
48,Greedy,E27,"(18, 25)",12,21.0
48,Auction,E17,"(48, 61)",26,14.0
48,Auction,E18,"(59, 84)",27,30.0
48,Auction,E19,"(23, 19)",25,18.0
48,Auction,E20,"(47, 24)",18,16.0
48,Auction,E21,"(94, 79)",19,20.0
48,Auction,E22,"(2, 29)",22,26.0
48,Auction,E23,"(51, 45)",12,12.0
48,Auction,E24,"(10, 83)",16,16.0
48,Auction,E25,"(47, 1)",8,22.0
48,Auction,E26,"(84, 78)",14,16.0
48,Auction,E27,"(18, 25)",12,21.0
48,Auction,E28,"(93, 33)",2,11.0
48,Q-Learning,E12,"(19, 46)",32,20.0
48,Q-Learning,E14,"(29, 96)",31,19.0
48,Q-Learning,E15,"(60, 61)",26,14.0
48,Q-Learning,E17,"(48, 61)",26,14.0
48,Q-Learning,E19,"(23, 19)",25,18.0
48,Q-Learning,E20,"(47, 24)",18,16.0
48,Q-Learning,E21,"(94, 79)",19,20.0
48,Q-Learning,E22,"(2, 29)",22,26.0
48,Q-Learning,E23,"(51, 45)",12,12.0
48,Q-Learning,E24,"(10, 83)",16,16.0
48,Q-Learning,E25,"(47, 1)",8,22.0
48,Q-Learning,E26,"(84, 78)",14,16.0
48,Q-Learning,E27,"(18, 25)",12,21.0
48,Q-Learning,E28,"(93, 33)",2,11.0
49,Greedy,E13,"(75, 25)",28,28.0
49,Greedy,E15,"(60, 61)",27,14.0
49,Greedy,E16,"(20, 41)",26,22.0
49,Greedy,E17,"(48, 61)",27,14.0
49,Greedy,E18,"(59, 84)",28,30.0
49,Greedy,E19,"(23, 19)",26,18.0
49,Greedy,E20,"(47, 24)",19,16.0
49,Greedy,E21,"(94, 79)",20,20.0
49,Greedy,E22,"(2, 29)",23,26.0
49,Greedy,E23,"(51, 45)",13,12.0
49,Greedy,E24,"(10, 83)",17,16.0
49,Greedy,E25,"(47, 1)",9,22.0
49,Greedy,E26,"(84, 78)",15,16.0
49,Greedy,E27,"(18, 25)",13,21.0
49,Auction,E17,"(48, 61)",27,14.0
49,Auction,E18,"(59, 84)",28,30.0
49,Auction,E19,"(23, 19)",26,18.0
49,Auction,E20,"(47, 24)",19,16.0
49,Auction,E21,"(94, 79)",20,20.0
49,Auction,E22,"(2, 29)",23,26.0
49,Auction,E23,"(51, 45)",13,12.0
49,Auction,E24,"(10, 83)",17,16.0
49,Auction,E25,"(47, 1)",9,22.0
49,Auction,E26,"(84, 78)",15,16.0
49,Auction,E27,"(18, 25)",13,21.0
49,Auction,E28,"(93, 33)",3,11.0
49,Q-Learning,E12,"(19, 46)",33,20.0
49,Q-Learning,E14,"(29, 96)",32,19.0
49,Q-Learning,E15,"(60, 61)",27,14.0
49,Q-Learning,E17,"(48, 61)",27,14.0
49,Q-Learning,E19,"(23, 19)",26,18.0
49,Q-Learning,E20,"(47, 24)",19,16.0
49,Q-Learning,E21,"(94, 79)",20,20.0
49,Q-Learning,E22,"(2, 29)",23,26.0
49,Q-Learning,E23,"(51, 45)",13,12.0
49,Q-Learning,E24,"(10, 83)",17,16.0
49,Q-Learning,E25,"(47, 1)",9,22.0
49,Q-Learning,E26,"(84, 78)",15,16.0
49,Q-Learning,E27,"(18, 25)",13,21.0
49,Q-Learning,E28,"(93, 33)",3,11.0
50,Greedy,E13,"(75, 25)",29,28.0
50,Greedy,E15,"(60, 61)",28,14.0
50,Greedy,E16,"(20, 41)",27,22.0
50,Greedy,E17,"(48, 61)",28,14.0
50,Greedy,E18,"(59, 84)",29,30.0
50,Greedy,E19,"(23, 19)",27,18.0
50,Greedy,E20,"(47, 24)",20,16.0
50,Greedy,E21,"(94, 79)",21,20.0
50,Greedy,E22,"(2, 29)",24,26.0
50,Greedy,E23,"(51, 45)",14,12.0
50,Greedy,E24,"(10, 83)",18,16.0
50,Greedy,E25,"(47, 1)",10,22.0
50,Greedy,E26,"(84, 78)",16,16.0
50,Greedy,E27,"(18, 25)",14,21.0
50,Auction,E17,"(48, 61)",28,14.0
50,Auction,E18,"(59, 84)",29,30.0
50,Auction,E19,"(23, 19)",27,18.0
50,Auction,E20,"(47, 24)",20,16.0
50,Auction,E21,"(94, 79)",21,20.0
50,Auction,E22,"(2, 29)",24,26.0
50,Auction,E23,"(51, 45)",14,12.0
50,Auction,E24,"(10, 83)",18,16.0
50,Auction,E25,"(47, 1)",10,22.0
50,Auction,E26,"(84, 78)",16,16.0
50,Auction,E27,"(18, 25)",14,21.0
50,Auction,E28,"(93, 33)",4,11.0
50,Q-Learning,E12,"(19, 46)",34,20.0
50,Q-Learning,E14,"(29, 96)",33,19.0
50,Q-Learning,E15,"(60, 61)",28,14.0
50,Q-Learning,E17,"(48, 61)",28,14.0
50,Q-Learning,E19,"(23, 19)",27,18.0
50,Q-Learning,E20,"(47, 24)",20,16.0
50,Q-Learning,E21,"(94, 79)",21,20.0
50,Q-Learning,E22,"(2, 29)",24,26.0
50,Q-Learning,E23,"(51, 45)",14,12.0
50,Q-Learning,E24,"(10, 83)",18,16.0
50,Q-Learning,E25,"(47, 1)",10,22.0
50,Q-Learning,E26,"(84, 78)",16,16.0
50,Q-Learning,E27,"(18, 25)",14,21.0
50,Q-Learning,E28,"(93, 33)",4,11.0
51,Greedy,E13,"(75, 25)",30,28.0
51,Greedy,E15,"(60, 61)",29,14.0
51,Greedy,E16,"(20, 41)",28,22.0
51,Greedy,E17,"(48, 61)",29,14.0
51,Greedy,E18,"(59, 84)",30,30.0
51,Greedy,E19,"(23, 19)",28,18.0
51,Greedy,E20,"(47, 24)",21,16.0
51,Greedy,E21,"(94, 79)",22,20.0
51,Greedy,E22,"(2, 29)",25,26.0
51,Greedy,E23,"(51, 45)",15,12.0
51,Greedy,E24,"(10, 83)",19,16.0
51,Greedy,E25,"(47, 1)",11,22.0
51,Greedy,E26,"(84, 78)",17,16.0
51,Greedy,E27,"(18, 25)",15,21.0
51,Auction,E17,"(48, 61)",29,14.0
51,Auction,E18,"(59, 84)",30,30.0
51,Auction,E19,"(23, 19)",28,18.0
51,Auction,E20,"(47, 24)",21,16.0
51,Auction,E21,"(94, 79)",22,20.0
51,Auction,E22,"(2, 29)",25,26.0
51,Auction,E23,"(51, 45)",15,12.0
51,Auction,E24,"(10, 83)",19,16.0
51,Auction,E25,"(47, 1)",11,22.0
51,Auction,E26,"(84, 78)",17,16.0
51,Auction,E27,"(18, 25)",15,21.0
51,Auction,E28,"(93, 33)",5,11.0
51,Q-Learning,E12,"(19, 46)",35,20.0
51,Q-Learning,E14,"(29, 96)",34,19.0
51,Q-Learning,E15,"(60, 61)",29,14.0
51,Q-Learning,E17,"(48, 61)",29,14.0
51,Q-Learning,E19,"(23, 19)",28,18.0
51,Q-Learning,E20,"(47, 24)",21,16.0
51,Q-Learning,E21,"(94, 79)",22,20.0
51,Q-Learning,E22,"(2, 29)",25,26.0
51,Q-Learning,E23,"(51, 45)",15,12.0
51,Q-Learning,E24,"(10, 83)",19,16.0
51,Q-Learning,E25,"(47, 1)",11,22.0
51,Q-Learning,E26,"(84, 78)",17,16.0
51,Q-Learning,E27,"(18, 25)",15,21.0
51,Q-Learning,E28,"(93, 33)",5,11.0
52,Greedy,E13,"(75, 25)",31,28.0
52,Greedy,E15,"(60, 61)",30,14.0
52,Greedy,E16,"(20, 41)",29,22.0
52,Greedy,E17,"(48, 61)",30,14.0
52,Greedy,E19,"(23, 19)",29,18.0
52,Greedy,E20,"(47, 24)",22,16.0
52,Greedy,E21,"(94, 79)",23,20.0
52,Greedy,E22,"(2, 29)",26,26.0
52,Greedy,E23,"(51, 45)",16,12.0
52,Greedy,E24,"(10, 83)",20,16.0
52,Greedy,E25,"(47, 1)",12,22.0
52,Greedy,E26,"(84, 78)",18,16.0
52,Greedy,E27,"(18, 25)",16,21.0
52,Greedy,E29,"(18, 14)",10,12.0
52,Auction,E18,"(59, 84)",31,30.0
52,Auction,E19,"(23, 19)",29,18.0
52,Auction,E20,"(47, 24)",22,16.0
52,Auction,E21,"(94, 79)",23,20.0
52,Auction,E22,"(2, 29)",26,26.0
52,Auction,E23,"(51, 45)",16,12.0
52,Auction,E24,"(10, 83)",20,16.0
52,Auction,E25,"(47, 1)",12,22.0
52,Auction,E26,"(84, 78)",18,16.0
52,Auction,E27,"(18, 25)",16,21.0
52,Auction,E28,"(93, 33)",6,11.0
52,Auction,E29,"(18, 14)",10,12.0
52,Q-Learning,E14,"(29, 96)",35,19.0
52,Q-Learning,E15,"(60, 61)",30,14.0
52,Q-Learning,E17,"(48, 61)",30,14.0
52,Q-Learning,E19,"(23, 19)",29,18.0
52,Q-Learning,E20,"(47, 24)",22,16.0
52,Q-Learning,E21,"(94, 79)",23,20.0
52,Q-Learning,E22,"(2, 29)",26,26.0
52,Q-Learning,E23,"(51, 45)",16,12.0
52,Q-Learning,E24,"(10, 83)",20,16.0
52,Q-Learning,E25,"(47, 1)",12,22.0
52,Q-Learning,E26,"(84, 78)",18,16.0
52,Q-Learning,E27,"(18, 25)",16,21.0
52,Q-Learning,E28,"(93, 33)",6,11.0
52,Q-Learning,E29,"(18, 14)",10,12.0
53,Greedy,E13,"(75, 25)",32,28.0
53,Greedy,E15,"(60, 61)",31,14.0
53,Greedy,E16,"(20, 41)",30,22.0
53,Greedy,E17,"(48, 61)",31,14.0
53,Greedy,E19,"(23, 19)",30,18.0
53,Greedy,E20,"(47, 24)",23,16.0
53,Greedy,E21,"(94, 79)",24,20.0
53,Greedy,E22,"(2, 29)",27,26.0
53,Greedy,E23,"(51, 45)",17,12.0
53,Greedy,E24,"(10, 83)",21,16.0
53,Greedy,E25,"(47, 1)",13,22.0
53,Greedy,E26,"(84, 78)",19,16.0
53,Greedy,E27,"(18, 25)",17,21.0
53,Greedy,E29,"(18, 14)",11,12.0
53,Auction,E19,"(23, 19)",30,18.0
53,Auction,E20,"(47, 24)",23,16.0
53,Auction,E21,"(94, 79)",24,20.0
53,Auction,E22,"(2, 29)",27,26.0
53,Auction,E23,"(51, 45)",17,12.0
53,Auction,E24,"(10, 83)",21,16.0
53,Auction,E25,"(47, 1)",13,22.0
53,Auction,E27,"(18, 25)",17,21.0
53,Auction,E28,"(93, 33)",7,11.0
53,Auction,E29,"(18, 14)",11,12.0
53,Q-Learning,E15,"(60, 61)",31,14.0
53,Q-Learning,E17,"(48, 61)",31,14.0
53,Q-Learning,E19,"(23, 19)",30,18.0
53,Q-Learning,E20,"(47, 24)",23,16.0
53,Q-Learning,E21,"(94, 79)",24,20.0
53,Q-Learning,E22,"(2, 29)",27,26.0
53,Q-Learning,E23,"(51, 45)",17,12.0
53,Q-Learning,E24,"(10, 83)",21,16.0
53,Q-Learning,E25,"(47, 1)",13,22.0
53,Q-Learning,E26,"(84, 78)",19,16.0
53,Q-Learning,E27,"(18, 25)",17,21.0
53,Q-Learning,E28,"(93, 33)",7,11.0
53,Q-Learning,E29,"(18, 14)",11,12.0
54,Greedy,E13,"(75, 25)",33,28.0
54,Greedy,E15,"(60, 61)",32,14.0
54,Greedy,E16,"(20, 41)",31,22.0
54,Greedy,E17,"(48, 61)",32,14.0
54,Greedy,E19,"(23, 19)",31,18.0
54,Greedy,E20,"(47, 24)",24,16.0
54,Greedy,E21,"(94, 79)",25,20.0
54,Greedy,E22,"(2, 29)",28,26.0
54,Greedy,E24,"(10, 83)",22,16.0
54,Greedy,E25,"(47, 1)",14,22.0
54,Greedy,E26,"(84, 78)",20,16.0
54,Greedy,E27,"(18, 25)",18,21.0
54,Greedy,E29,"(18, 14)",12,12.0
54,Auction,E19,"(23, 19)",31,18.0
54,Auction,E20,"(47, 24)",24,16.0
54,Auction,E21,"(94, 79)",25,20.0
54,Auction,E22,"(2, 29)",28,26.0
54,Auction,E23,"(51, 45)",18,12.0
54,Auction,E24,"(10, 83)",22,16.0
54,Auction,E25,"(47, 1)",14,22.0
54,Auction,E27,"(18, 25)",18,21.0
54,Auction,E28,"(93, 33)",8,11.0
54,Auction,E29,"(18, 14)",12,12.0
54,Q-Learning,E15,"(60, 61)",32,14.0
54,Q-Learning,E17,"(48, 61)",32,14.0
54,Q-Learning,E19,"(23, 19)",31,18.0
54,Q-Learning,E20,"(47, 24)",24,16.0
54,Q-Learning,E21,"(94, 79)",25,20.0
54,Q-Learning,E22,"(2, 29)",28,26.0
54,Q-Learning,E23,"(51, 45)",18,12.0
54,Q-Learning,E24,"(10, 83)",22,16.0
54,Q-Learning,E25,"(47, 1)",14,22.0
54,Q-Learning,E26,"(84, 78)",20,16.0
54,Q-Learning,E27,"(18, 25)",18,21.0
54,Q-Learning,E28,"(93, 33)",8,11.0
54,Q-Learning,E29,"(18, 14)",12,12.0
55,Greedy,E13,"(75, 25)",34,28.0
55,Greedy,E15,"(60, 61)",33,14.0
55,Greedy,E16,"(20, 41)",32,22.0
55,Greedy,E19,"(23, 19)",32,18.0
55,Greedy,E20,"(47, 24)",25,16.0
55,Greedy,E21,"(94, 79)",26,20.0
55,Greedy,E22,"(2, 29)",29,26.0
55,Greedy,E24,"(10, 83)",23,16.0
55,Greedy,E25,"(47, 1)",15,22.0
55,Greedy,E26,"(84, 78)",21,16.0
55,Greedy,E27,"(18, 25)",19,21.0
55,Greedy,E29,"(18, 14)",13,12.0
55,Auction,E19,"(23, 19)",32,18.0
55,Auction,E21,"(94, 79)",26,20.0
55,Auction,E22,"(2, 29)",29,26.0
55,Auction,E23,"(51, 45)",19,12.0
55,Auction,E24,"(10, 83)",23,16.0
55,Auction,E25,"(47, 1)",15,22.0
55,Auction,E27,"(18, 25)",19,21.0
55,Auction,E28,"(93, 33)",9,11.0
55,Auction,E29,"(18, 14)",13,12.0
55,Q-Learning,E15,"(60, 61)",33,14.0
55,Q-Learning,E17,"(48, 61)",33,14.0
55,Q-Learning,E19,"(23, 19)",32,18.0
55,Q-Learning,E20,"(47, 24)",25,16.0
55,Q-Learning,E21,"(94, 79)",26,20.0
55,Q-Learning,E22,"(2, 29)",29,26.0
55,Q-Learning,E23,"(51, 45)",19,12.0
55,Q-Learning,E24,"(10, 83)",23,16.0
55,Q-Learning,E25,"(47, 1)",15,22.0
55,Q-Learning,E26,"(84, 78)",21,16.0
55,Q-Learning,E27,"(18, 25)",19,21.0
55,Q-Learning,E28,"(93, 33)",9,11.0
55,Q-Learning,E29,"(18, 14)",13,12.0
56,Greedy,E13,"(75, 25)",35,28.0
56,Greedy,E15,"(60, 61)",34,14.0
56,Greedy,E16,"(20, 41)",33,22.0
56,Greedy,E19,"(23, 19)",33,18.0
56,Greedy,E20,"(47, 24)",26,16.0
56,Greedy,E21,"(94, 79)",27,20.0
56,Greedy,E22,"(2, 29)",30,26.0
56,Greedy,E24,"(10, 83)",24,16.0
56,Greedy,E25,"(47, 1)",16,22.0
56,Greedy,E26,"(84, 78)",22,16.0
56,Greedy,E27,"(18, 25)",20,21.0
56,Greedy,E29,"(18, 14)",14,12.0
56,Auction,E19,"(23, 19)",33,18.0
56,Auction,E21,"(94, 79)",27,20.0
56,Auction,E22,"(2, 29)",30,26.0
56,Auction,E23,"(51, 45)",20,12.0
56,Auction,E24,"(10, 83)",24,16.0
56,Auction,E25,"(47, 1)",16,22.0
56,Auction,E27,"(18, 25)",20,21.0
56,Auction,E28,"(93, 33)",10,11.0
56,Auction,E29,"(18, 14)",14,12.0
56,Q-Learning,E15,"(60, 61)",34,14.0
56,Q-Learning,E19,"(23, 19)",33,18.0
56,Q-Learning,E20,"(47, 24)",26,16.0
56,Q-Learning,E21,"(94, 79)",27,20.0
56,Q-Learning,E22,"(2, 29)",30,26.0
56,Q-Learning,E23,"(51, 45)",20,12.0
56,Q-Learning,E24,"(10, 83)",24,16.0
56,Q-Learning,E25,"(47, 1)",16,22.0
56,Q-Learning,E26,"(84, 78)",22,16.0
56,Q-Learning,E27,"(18, 25)",20,21.0
56,Q-Learning,E28,"(93, 33)",10,11.0
56,Q-Learning,E29,"(18, 14)",14,12.0
57,Greedy,E13,"(75, 25)",36,28.0
57,Greedy,E15,"(60, 61)",35,14.0
57,Greedy,E16,"(20, 41)",34,22.0
57,Greedy,E19,"(23, 19)",34,18.0
57,Greedy,E20,"(47, 24)",27,16.0
57,Greedy,E21,"(94, 79)",28,20.0
57,Greedy,E22,"(2, 29)",31,26.0
57,Greedy,E24,"(10, 83)",25,16.0
57,Greedy,E25,"(47, 1)",17,22.0
57,Greedy,E26,"(84, 78)",23,16.0
57,Greedy,E27,"(18, 25)",21,21.0
57,Greedy,E29,"(18, 14)",15,12.0
57,Auction,E19,"(23, 19)",34,18.0
57,Auction,E21,"(94, 79)",28,20.0
57,Auction,E22,"(2, 29)",31,26.0
57,Auction,E23,"(51, 45)",21,12.0
57,Auction,E24,"(10, 83)",25,16.0
57,Auction,E25,"(47, 1)",17,22.0
57,Auction,E27,"(18, 25)",21,21.0
57,Auction,E28,"(93, 33)",11,11.0
57,Auction,E29,"(18, 14)",15,12.0
57,Q-Learning,E15,"(60, 61)",35,14.0
57,Q-Learning,E19,"(23, 19)",34,18.0
57,Q-Learning,E20,"(47, 24)",27,16.0
57,Q-Learning,E21,"(94, 79)",28,20.0
57,Q-Learning,E22,"(2, 29)",31,26.0
57,Q-Learning,E23,"(51, 45)",21,12.0
57,Q-Learning,E24,"(10, 83)",25,16.0
57,Q-Learning,E25,"(47, 1)",17,22.0
57,Q-Learning,E26,"(84, 78)",23,16.0
57,Q-Learning,E27,"(18, 25)",21,21.0
57,Q-Learning,E29,"(18, 14)",15,12.0
58,Greedy,E13,"(75, 25)",37,28.0
58,Greedy,E15,"(60, 61)",36,14.0
58,Greedy,E16,"(20, 41)",35,22.0
58,Greedy,E19,"(23, 19)",35,18.0
58,Greedy,E20,"(47, 24)",28,16.0
58,Greedy,E21,"(94, 79)",29,20.0
58,Greedy,E22,"(2, 29)",32,26.0
58,Greedy,E24,"(10, 83)",26,16.0
58,Greedy,E25,"(47, 1)",18,22.0
58,Greedy,E26,"(84, 78)",24,16.0
58,Greedy,E27,"(18, 25)",22,21.0
58,Greedy,E29,"(18, 14)",16,12.0
58,Greedy,E30,"(93, 41)",7,26.0
58,Auction,E19,"(23, 19)",35,18.0
58,Auction,E21,"(94, 79)",29,20.0
58,Auction,E22,"(2, 29)",32,26.0
58,Auction,E23,"(51, 45)",22,12.0
58,Auction,E24,"(10, 83)",26,16.0
58,Auction,E25,"(47, 1)",18,22.0
58,Auction,E27,"(18, 25)",22,21.0
58,Auction,E28,"(93, 33)",12,11.0
58,Auction,E29,"(18, 14)",16,12.0
58,Auction,E30,"(93, 41)",7,26.0
58,Q-Learning,E15,"(60, 61)",36,14.0
58,Q-Learning,E19,"(23, 19)",35,18.0
58,Q-Learning,E20,"(47, 24)",28,16.0
58,Q-Learning,E21,"(94, 79)",29,20.0
58,Q-Learning,E22,"(2, 29)",32,26.0
58,Q-Learning,E23,"(51, 45)",22,12.0
58,Q-Learning,E24,"(10, 83)",26,16.0
58,Q-Learning,E25,"(47, 1)",18,22.0
58,Q-Learning,E26,"(84, 78)",24,16.0
58,Q-Learning,E27,"(18, 25)",22,21.0
58,Q-Learning,E29,"(18, 14)",16,12.0
58,Q-Learning,E30,"(93, 41)",7,26.0
59,Greedy,E13,"(75, 25)",38,28.0
59,Greedy,E16,"(20, 41)",36,22.0
59,Greedy,E19,"(23, 19)",36,18.0
59,Greedy,E20,"(47, 24)",29,16.0
59,Greedy,E21,"(94, 79)",30,20.0
59,Greedy,E22,"(2, 29)",33,26.0
59,Greedy,E24,"(10, 83)",27,16.0
59,Greedy,E25,"(47, 1)",19,22.0
59,Greedy,E26,"(84, 78)",25,16.0
59,Greedy,E27,"(18, 25)",23,21.0
59,Greedy,E29,"(18, 14)",17,12.0
59,Greedy,E30,"(93, 41)",8,26.0
59,Auction,E19,"(23, 19)",36,18.0
59,Auction,E21,"(94, 79)",30,20.0
59,Auction,E22,"(2, 29)",33,26.0
59,Auction,E23,"(51, 45)",23,12.0
59,Auction,E24,"(10, 83)",27,16.0
59,Auction,E25,"(47, 1)",19,22.0
59,Auction,E27,"(18, 25)",23,21.0
59,Auction,E28,"(93, 33)",13,11.0
59,Auction,E29,"(18, 14)",17,12.0
59,Auction,E30,"(93, 41)",8,26.0
59,Q-Learning,E15,"(60, 61)",37,14.0
59,Q-Learning,E19,"(23, 19)",36,18.0
59,Q-Learning,E20,"(47, 24)",29,16.0
59,Q-Learning,E21,"(94, 79)",30,20.0
59,Q-Learning,E22,"(2, 29)",33,26.0
59,Q-Learning,E23,"(51, 45)",23,12.0
59,Q-Learning,E24,"(10, 83)",27,16.0
59,Q-Learning,E25,"(47, 1)",19,22.0
59,Q-Learning,E26,"(84, 78)",25,16.0
59,Q-Learning,E27,"(18, 25)",23,21.0
59,Q-Learning,E29,"(18, 14)",17,12.0
59,Q-Learning,E30,"(93, 41)",8,26.0
60,Greedy,E13,"(75, 25)",39,28.0
60,Greedy,E16,"(20, 41)",37,22.0
60,Greedy,E19,"(23, 19)",37,18.0
60,Greedy,E20,"(47, 24)",30,16.0
60,Greedy,E21,"(94, 79)",31,20.0
60,Greedy,E22,"(2, 29)",34,26.0
60,Greedy,E24,"(10, 83)",28,16.0
60,Greedy,E25,"(47, 1)",20,22.0
60,Greedy,E26,"(84, 78)",26,16.0
60,Greedy,E27,"(18, 25)",24,21.0
60,Greedy,E29,"(18, 14)",18,12.0
60,Greedy,E30,"(93, 41)",9,26.0
60,Greedy,E31,"(55, 57)",10,10.0
60,Auction,E19,"(23, 19)",37,18.0
60,Auction,E21,"(94, 79)",31,20.0
60,Auction,E22,"(2, 29)",34,26.0
60,Auction,E24,"(10, 83)",28,16.0
60,Auction,E25,"(47, 1)",20,22.0
60,Auction,E27,"(18, 25)",24,21.0
60,Auction,E28,"(93, 33)",14,11.0
60,Auction,E29,"(18, 14)",18,12.0
60,Auction,E30,"(93, 41)",9,26.0
60,Auction,E31,"(55, 57)",10,10.0
60,Q-Learning,E15,"(60, 61)",38,14.0
60,Q-Learning,E19,"(23, 19)",37,18.0
60,Q-Learning,E20,"(47, 24)",30,16.0
60,Q-Learning,E21,"(94, 79)",31,20.0
60,Q-Learning,E22,"(2, 29)",34,26.0
60,Q-Learning,E23,"(51, 45)",24,12.0
60,Q-Learning,E24,"(10, 83)",28,16.0
60,Q-Learning,E25,"(47, 1)",20,22.0
60,Q-Learning,E26,"(84, 78)",26,16.0
60,Q-Learning,E27,"(18, 25)",24,21.0
60,Q-Learning,E29,"(18, 14)",18,12.0
60,Q-Learning,E30,"(93, 41)",9,26.0
60,Q-Learning,E31,"(55, 57)",10,10.0
61,Greedy,E13,"(75, 25)",40,28.0
61,Greedy,E16,"(20, 41)",38,22.0
61,Greedy,E19,"(23, 19)",38,18.0
61,Greedy,E20,"(47, 24)",31,16.0
61,Greedy,E21,"(94, 79)",32,20.0
61,Greedy,E22,"(2, 29)",35,26.0
61,Greedy,E24,"(10, 83)",29,16.0
61,Greedy,E25,"(47, 1)",21,22.0
61,Greedy,E26,"(84, 78)",27,16.0
61,Greedy,E27,"(18, 25)",25,21.0
61,Greedy,E29,"(18, 14)",19,12.0
61,Greedy,E30,"(93, 41)",10,26.0
61,Greedy,E31,"(55, 57)",11,10.0
61,Auction,E19,"(23, 19)",38,18.0
61,Auction,E21,"(94, 79)",32,20.0
61,Auction,E22,"(2, 29)",35,26.0
61,Auction,E24,"(10, 83)",29,16.0
61,Auction,E25,"(47, 1)",21,22.0
61,Auction,E27,"(18, 25)",25,21.0
61,Auction,E28,"(93, 33)",15,11.0
61,Auction,E29,"(18, 14)",19,12.0
61,Auction,E30,"(93, 41)",10,26.0
61,Auction,E31,"(55, 57)",11,10.0
61,Q-Learning,E15,"(60, 61)",39,14.0
61,Q-Learning,E19,"(23, 19)",38,18.0
61,Q-Learning,E20,"(47, 24)",31,16.0
61,Q-Learning,E21,"(94, 79)",32,20.0
61,Q-Learning,E22,"(2, 29)",35,26.0
61,Q-Learning,E23,"(51, 45)",25,12.0
61,Q-Learning,E24,"(10, 83)",29,16.0
61,Q-Learning,E25,"(47, 1)",21,22.0
61,Q-Learning,E26,"(84, 78)",27,16.0
61,Q-Learning,E27,"(18, 25)",25,21.0
61,Q-Learning,E29,"(18, 14)",19,12.0
61,Q-Learning,E30,"(93, 41)",10,26.0
61,Q-Learning,E31,"(55, 57)",11,10.0
62,Greedy,E16,"(20, 41)",39,22.0
62,Greedy,E19,"(23, 19)",39,18.0
62,Greedy,E20,"(47, 24)",32,16.0
62,Greedy,E21,"(94, 79)",33,20.0
62,Greedy,E22,"(2, 29)",36,26.0
62,Greedy,E24,"(10, 83)",30,16.0
62,Greedy,E25,"(47, 1)",22,22.0
62,Greedy,E26,"(84, 78)",28,16.0
62,Greedy,E27,"(18, 25)",26,21.0
62,Greedy,E29,"(18, 14)",20,12.0
62,Greedy,E30,"(93, 41)",11,26.0
62,Greedy,E31,"(55, 57)",12,10.0
62,Auction,E19,"(23, 19)",39,18.0
62,Auction,E21,"(94, 79)",33,20.0
62,Auction,E22,"(2, 29)",36,26.0
62,Auction,E24,"(10, 83)",30,16.0
62,Auction,E25,"(47, 1)",22,22.0
62,Auction,E27,"(18, 25)",26,21.0
62,Auction,E28,"(93, 33)",16,11.0
62,Auction,E29,"(18, 14)",20,12.0
62,Auction,E30,"(93, 41)",11,26.0
62,Auction,E31,"(55, 57)",12,10.0
62,Q-Learning,E15,"(60, 61)",40,14.0
62,Q-Learning,E19,"(23, 19)",39,18.0
62,Q-Learning,E20,"(47, 24)",32,16.0
62,Q-Learning,E21,"(94, 79)",33,20.0
62,Q-Learning,E22,"(2, 29)",36,26.0
62,Q-Learning,E23,"(51, 45)",26,12.0
62,Q-Learning,E24,"(10, 83)",30,16.0
62,Q-Learning,E25,"(47, 1)",22,22.0
62,Q-Learning,E26,"(84, 78)",28,16.0
62,Q-Learning,E27,"(18, 25)",26,21.0
62,Q-Learning,E29,"(18, 14)",20,12.0
62,Q-Learning,E30,"(93, 41)",11,26.0
62,Q-Learning,E31,"(55, 57)",12,10.0
63,Greedy,E19,"(23, 19)",40,18.0
63,Greedy,E20,"(47, 24)",33,16.0
63,Greedy,E21,"(94, 79)",34,20.0
63,Greedy,E22,"(2, 29)",37,26.0
63,Greedy,E24,"(10, 83)",31,16.0
63,Greedy,E25,"(47, 1)",23,22.0
63,Greedy,E26,"(84, 78)",29,16.0
63,Greedy,E27,"(18, 25)",27,21.0
63,Greedy,E29,"(18, 14)",21,12.0
63,Greedy,E30,"(93, 41)",12,26.0
63,Greedy,E31,"(55, 57)",13,10.0
63,Auction,E19,"(23, 19)",40,18.0
63,Auction,E21,"(94, 79)",34,20.0
63,Auction,E22,"(2, 29)",37,26.0
63,Auction,E24,"(10, 83)",31,16.0
63,Auction,E25,"(47, 1)",23,22.0
63,Auction,E27,"(18, 25)",27,21.0
63,Auction,E28,"(93, 33)",17,11.0
63,Auction,E29,"(18, 14)",21,12.0
63,Auction,E30,"(93, 41)",12,26.0
63,Auction,E31,"(55, 57)",13,10.0
63,Q-Learning,E15,"(60, 61)",41,14.0
63,Q-Learning,E19,"(23, 19)",40,18.0
63,Q-Learning,E20,"(47, 24)",33,16.0
63,Q-Learning,E21,"(94, 79)",34,20.0
63,Q-Learning,E22,"(2, 29)",37,26.0
63,Q-Learning,E23,"(51, 45)",27,12.0
63,Q-Learning,E24,"(10, 83)",31,16.0
63,Q-Learning,E25,"(47, 1)",23,22.0
63,Q-Learning,E26,"(84, 78)",29,16.0
63,Q-Learning,E27,"(18, 25)",27,21.0
63,Q-Learning,E29,"(18, 14)",21,12.0
63,Q-Learning,E30,"(93, 41)",12,26.0
63,Q-Learning,E31,"(55, 57)",13,10.0
64,Greedy,E20,"(47, 24)",34,16.0
64,Greedy,E21,"(94, 79)",35,20.0
64,Greedy,E22,"(2, 29)",38,26.0
64,Greedy,E24,"(10, 83)",32,16.0
64,Greedy,E25,"(47, 1)",24,22.0
64,Greedy,E26,"(84, 78)",30,16.0
64,Greedy,E27,"(18, 25)",28,21.0
64,Greedy,E29,"(18, 14)",22,12.0
64,Greedy,E30,"(93, 41)",13,26.0
64,Greedy,E31,"(55, 57)",14,10.0
64,Auction,E19,"(23, 19)",41,18.0
64,Auction,E21,"(94, 79)",35,20.0
64,Auction,E22,"(2, 29)",38,26.0
64,Auction,E24,"(10, 83)",32,16.0
64,Auction,E25,"(47, 1)",24,22.0
64,Auction,E27,"(18, 25)",28,21.0
64,Auction,E28,"(93, 33)",18,11.0
64,Auction,E29,"(18, 14)",22,12.0
64,Auction,E30,"(93, 41)",13,26.0
64,Auction,E31,"(55, 57)",14,10.0
64,Q-Learning,E15,"(60, 61)",42,14.0
64,Q-Learning,E19,"(23, 19)",41,18.0
64,Q-Learning,E20,"(47, 24)",34,16.0
64,Q-Learning,E21,"(94, 79)",35,20.0
64,Q-Learning,E22,"(2, 29)",38,26.0
64,Q-Learning,E23,"(51, 45)",28,12.0
64,Q-Learning,E24,"(10, 83)",32,16.0
64,Q-Learning,E25,"(47, 1)",24,22.0
64,Q-Learning,E26,"(84, 78)",30,16.0
64,Q-Learning,E27,"(18, 25)",28,21.0
64,Q-Learning,E29,"(18, 14)",22,12.0
64,Q-Learning,E30,"(93, 41)",13,26.0
64,Q-Learning,E31,"(55, 57)",14,10.0
65,Greedy,E20,"(47, 24)",35,16.0
65,Greedy,E21,"(94, 79)",36,20.0
65,Greedy,E22,"(2, 29)",39,26.0
65,Greedy,E24,"(10, 83)",33,16.0
65,Greedy,E25,"(47, 1)",25,22.0
65,Greedy,E26,"(84, 78)",31,16.0
65,Greedy,E27,"(18, 25)",29,21.0
65,Greedy,E29,"(18, 14)",23,12.0
65,Greedy,E30,"(93, 41)",14,26.0
65,Greedy,E31,"(55, 57)",15,10.0
65,Auction,E19,"(23, 19)",42,18.0
65,Auction,E21,"(94, 79)",36,20.0
65,Auction,E22,"(2, 29)",39,26.0
65,Auction,E24,"(10, 83)",33,16.0
65,Auction,E25,"(47, 1)",25,22.0
65,Auction,E27,"(18, 25)",29,21.0
65,Auction,E28,"(93, 33)",19,11.0
65,Auction,E29,"(18, 14)",23,12.0
65,Auction,E30,"(93, 41)",14,26.0
65,Auction,E31,"(55, 57)",15,10.0
65,Q-Learning,E15,"(60, 61)",43,14.0
65,Q-Learning,E19,"(23, 19)",42,18.0
65,Q-Learning,E20,"(47, 24)",35,16.0
65,Q-Learning,E21,"(94, 79)",36,20.0
65,Q-Learning,E22,"(2, 29)",39,26.0
65,Q-Learning,E23,"(51, 45)",29,12.0
65,Q-Learning,E24,"(10, 83)",33,16.0
65,Q-Learning,E25,"(47, 1)",25,22.0
65,Q-Learning,E26,"(84, 78)",31,16.0
65,Q-Learning,E27,"(18, 25)",29,21.0
65,Q-Learning,E29,"(18, 14)",23,12.0
65,Q-Learning,E30,"(93, 41)",14,26.0
65,Q-Learning,E31,"(55, 57)",15,10.0
66,Greedy,E20,"(47, 24)",36,16.0
66,Greedy,E21,"(94, 79)",37,20.0
66,Greedy,E22,"(2, 29)",40,26.0
66,Greedy,E24,"(10, 83)",34,16.0
66,Greedy,E25,"(47, 1)",26,22.0
66,Greedy,E26,"(84, 78)",32,16.0
66,Greedy,E27,"(18, 25)",30,21.0
66,Greedy,E29,"(18, 14)",24,12.0
66,Greedy,E30,"(93, 41)",15,26.0
66,Greedy,E31,"(55, 57)",16,10.0
66,Greedy,E32,"(41, 9)",3,16.0
66,Auction,E19,"(23, 19)",43,18.0
66,Auction,E21,"(94, 79)",37,20.0
66,Auction,E22,"(2, 29)",40,26.0
66,Auction,E24,"(10, 83)",34,16.0
66,Auction,E25,"(47, 1)",26,22.0
66,Auction,E27,"(18, 25)",30,21.0
66,Auction,E28,"(93, 33)",20,11.0
66,Auction,E29,"(18, 14)",24,12.0
66,Auction,E30,"(93, 41)",15,26.0
66,Auction,E31,"(55, 57)",16,10.0
66,Auction,E32,"(41, 9)",3,16.0
66,Q-Learning,E15,"(60, 61)",44,14.0
66,Q-Learning,E19,"(23, 19)",43,18.0
66,Q-Learning,E20,"(47, 24)",36,16.0
66,Q-Learning,E21,"(94, 79)",37,20.0
66,Q-Learning,E22,"(2, 29)",40,26.0
66,Q-Learning,E23,"(51, 45)",30,12.0
66,Q-Learning,E24,"(10, 83)",34,16.0
66,Q-Learning,E25,"(47, 1)",26,22.0
66,Q-Learning,E26,"(84, 78)",32,16.0
66,Q-Learning,E27,"(18, 25)",30,21.0
66,Q-Learning,E29,"(18, 14)",24,12.0
66,Q-Learning,E30,"(93, 41)",15,26.0
66,Q-Learning,E31,"(55, 57)",16,10.0
66,Q-Learning,E32,"(41, 9)",3,16.0
67,Greedy,E20,"(47, 24)",37,16.0
67,Greedy,E21,"(94, 79)",38,20.0
67,Greedy,E22,"(2, 29)",41,26.0
67,Greedy,E24,"(10, 83)",35,16.0
67,Greedy,E25,"(47, 1)",27,22.0
67,Greedy,E26,"(84, 78)",33,16.0
67,Greedy,E27,"(18, 25)",31,21.0
67,Greedy,E29,"(18, 14)",25,12.0
67,Greedy,E30,"(93, 41)",16,26.0
67,Greedy,E31,"(55, 57)",17,10.0
67,Greedy,E32,"(41, 9)",4,16.0
67,Greedy,E33,"(59, 68)",9,29.0
67,Auction,E19,"(23, 19)",44,18.0
67,Auction,E21,"(94, 79)",38,20.0
67,Auction,E22,"(2, 29)",41,26.0
67,Auction,E24,"(10, 83)",35,16.0
67,Auction,E25,"(47, 1)",27,22.0
67,Auction,E27,"(18, 25)",31,21.0
67,Auction,E28,"(93, 33)",21,11.0
67,Auction,E29,"(18, 14)",25,12.0
67,Auction,E30,"(93, 41)",16,26.0
67,Auction,E31,"(55, 57)",17,10.0
67,Auction,E32,"(41, 9)",4,16.0
67,Auction,E33,"(59, 68)",9,29.0
67,Q-Learning,E15,"(60, 61)",45,14.0
67,Q-Learning,E19,"(23, 19)",44,18.0
67,Q-Learning,E20,"(47, 24)",37,16.0
67,Q-Learning,E21,"(94, 79)",38,20.0
67,Q-Learning,E22,"(2, 29)",41,26.0
67,Q-Learning,E23,"(51, 45)",31,12.0
67,Q-Learning,E24,"(10, 83)",35,16.0
67,Q-Learning,E25,"(47, 1)",27,22.0
67,Q-Learning,E26,"(84, 78)",33,16.0
67,Q-Learning,E27,"(18, 25)",31,21.0
67,Q-Learning,E29,"(18, 14)",25,12.0
67,Q-Learning,E30,"(93, 41)",16,26.0
67,Q-Learning,E31,"(55, 57)",17,10.0
67,Q-Learning,E32,"(41, 9)",4,16.0
67,Q-Learning,E33,"(59, 68)",9,29.0
68,Greedy,E20,"(47, 24)",38,16.0
68,Greedy,E21,"(94, 79)",39,20.0
68,Greedy,E22,"(2, 29)",42,26.0
68,Greedy,E24,"(10, 83)",36,16.0
68,Greedy,E25,"(47, 1)",28,22.0
68,Greedy,E26,"(84, 78)",34,16.0
68,Greedy,E27,"(18, 25)",32,21.0
68,Greedy,E29,"(18, 14)",26,12.0
68,Greedy,E30,"(93, 41)",17,26.0
68,Greedy,E31,"(55, 57)",18,10.0
68,Greedy,E32,"(41, 9)",5,16.0
68,Greedy,E33,"(59, 68)",10,29.0
68,Greedy,E34,"(68, 19)",7,23.0
68,Auction,E19,"(23, 19)",45,18.0
68,Auction,E21,"(94, 79)",39,20.0
68,Auction,E22,"(2, 29)",42,26.0
68,Auction,E24,"(10, 83)",36,16.0
68,Auction,E25,"(47, 1)",28,22.0
68,Auction,E27,"(18, 25)",32,21.0
68,Auction,E28,"(93, 33)",22,11.0
68,Auction,E29,"(18, 14)",26,12.0
68,Auction,E30,"(93, 41)",17,26.0
68,Auction,E31,"(55, 57)",18,10.0
68,Auction,E32,"(41, 9)",5,16.0
68,Auction,E33,"(59, 68)",10,29.0
68,Auction,E34,"(68, 19)",7,23.0
68,Q-Learning,E15,"(60, 61)",46,14.0
68,Q-Learning,E19,"(23, 19)",45,18.0
68,Q-Learning,E20,"(47, 24)",38,16.0
68,Q-Learning,E21,"(94, 79)",39,20.0
68,Q-Learning,E22,"(2, 29)",42,26.0
68,Q-Learning,E23,"(51, 45)",32,12.0
68,Q-Learning,E24,"(10, 83)",36,16.0
68,Q-Learning,E25,"(47, 1)",28,22.0
68,Q-Learning,E26,"(84, 78)",34,16.0
68,Q-Learning,E27,"(18, 25)",32,21.0
68,Q-Learning,E29,"(18, 14)",26,12.0
68,Q-Learning,E30,"(93, 41)",17,26.0
68,Q-Learning,E31,"(55, 57)",18,10.0
68,Q-Learning,E32,"(41, 9)",5,16.0
68,Q-Learning,E33,"(59, 68)",10,29.0
68,Q-Learning,E34,"(68, 19)",7,23.0
69,Greedy,E20,"(47, 24)",39,16.0
69,Greedy,E21,"(94, 79)",40,20.0
69,Greedy,E22,"(2, 29)",43,26.0
69,Greedy,E24,"(10, 83)",37,16.0
69,Greedy,E25,"(47, 1)",29,22.0
69,Greedy,E26,"(84, 78)",35,16.0
69,Greedy,E27,"(18, 25)",33,21.0
69,Greedy,E29,"(18, 14)",27,12.0
69,Greedy,E30,"(93, 41)",18,26.0
69,Greedy,E31,"(55, 57)",19,10.0
69,Greedy,E32,"(41, 9)",6,16.0
69,Greedy,E33,"(59, 68)",11,29.0
69,Greedy,E34,"(68, 19)",8,23.0
69,Greedy,E35,"(100, 48)",5,30.0
69,Auction,E19,"(23, 19)",46,18.0
69,Auction,E21,"(94, 79)",40,20.0
69,Auction,E22,"(2, 29)",43,26.0
69,Auction,E24,"(10, 83)",37,16.0
69,Auction,E25,"(47, 1)",29,22.0
69,Auction,E27,"(18, 25)",33,21.0
69,Auction,E28,"(93, 33)",23,11.0
69,Auction,E29,"(18, 14)",27,12.0
69,Auction,E30,"(93, 41)",18,26.0
69,Auction,E31,"(55, 57)",19,10.0
69,Auction,E32,"(41, 9)",6,16.0
69,Auction,E33,"(59, 68)",11,29.0
69,Auction,E34,"(68, 19)",8,23.0
69,Auction,E35,"(100, 48)",5,30.0
69,Q-Learning,E15,"(60, 61)",47,14.0
69,Q-Learning,E19,"(23, 19)",46,18.0
69,Q-Learning,E20,"(47, 24)",39,16.0
69,Q-Learning,E21,"(94, 79)",40,20.0
69,Q-Learning,E22,"(2, 29)",43,26.0
69,Q-Learning,E23,"(51, 45)",33,12.0
69,Q-Learning,E24,"(10, 83)",37,16.0
69,Q-Learning,E25,"(47, 1)",29,22.0
69,Q-Learning,E26,"(84, 78)",35,16.0
69,Q-Learning,E27,"(18, 25)",33,21.0
69,Q-Learning,E29,"(18, 14)",27,12.0
69,Q-Learning,E30,"(93, 41)",18,26.0
69,Q-Learning,E31,"(55, 57)",19,10.0
69,Q-Learning,E32,"(41, 9)",6,16.0
69,Q-Learning,E33,"(59, 68)",11,29.0
69,Q-Learning,E34,"(68, 19)",8,23.0
69,Q-Learning,E35,"(100, 48)",5,30.0
70,Greedy,E20,"(47, 24)",40,16.0
70,Greedy,E21,"(94, 79)",41,20.0
70,Greedy,E22,"(2, 29)",44,26.0
70,Greedy,E24,"(10, 83)",38,16.0
70,Greedy,E25,"(47, 1)",30,22.0
70,Greedy,E26,"(84, 78)",36,16.0
70,Greedy,E27,"(18, 25)",34,21.0
70,Greedy,E29,"(18, 14)",28,12.0
70,Greedy,E30,"(93, 41)",19,26.0
70,Greedy,E31,"(55, 57)",20,10.0
70,Greedy,E32,"(41, 9)",7,16.0
70,Greedy,E33,"(59, 68)",12,29.0
70,Greedy,E34,"(68, 19)",9,23.0
70,Greedy,E35,"(100, 48)",6,30.0
70,Auction,E19,"(23, 19)",47,18.0
70,Auction,E21,"(94, 79)",41,20.0
70,Auction,E22,"(2, 29)",44,26.0
70,Auction,E24,"(10, 83)",38,16.0
70,Auction,E25,"(47, 1)",30,22.0
70,Auction,E27,"(18, 25)",34,21.0
70,Auction,E28,"(93, 33)",24,11.0
70,Auction,E29,"(18, 14)",28,12.0
70,Auction,E30,"(93, 41)",19,26.0
70,Auction,E31,"(55, 57)",20,10.0
70,Auction,E32,"(41, 9)",7,16.0
70,Auction,E33,"(59, 68)",12,29.0
70,Auction,E34,"(68, 19)",9,23.0
70,Auction,E35,"(100, 48)",6,30.0
70,Q-Learning,E15,"(60, 61)",48,14.0
70,Q-Learning,E19,"(23, 19)",47,18.0
70,Q-Learning,E20,"(47, 24)",40,16.0
70,Q-Learning,E21,"(94, 79)",41,20.0
70,Q-Learning,E22,"(2, 29)",44,26.0
70,Q-Learning,E23,"(51, 45)",34,12.0
70,Q-Learning,E24,"(10, 83)",38,16.0
70,Q-Learning,E25,"(47, 1)",30,22.0
70,Q-Learning,E26,"(84, 78)",36,16.0
70,Q-Learning,E27,"(18, 25)",34,21.0
70,Q-Learning,E29,"(18, 14)",28,12.0
70,Q-Learning,E30,"(93, 41)",19,26.0
70,Q-Learning,E31,"(55, 57)",20,10.0
70,Q-Learning,E32,"(41, 9)",7,16.0
70,Q-Learning,E33,"(59, 68)",12,29.0
70,Q-Learning,E34,"(68, 19)",9,23.0
70,Q-Learning,E35,"(100, 48)",6,30.0
71,Greedy,E20,"(47, 24)",41,16.0
71,Greedy,E21,"(94, 79)",42,20.0
71,Greedy,E22,"(2, 29)",45,26.0
71,Greedy,E24,"(10, 83)",39,16.0
71,Greedy,E25,"(47, 1)",31,22.0
71,Greedy,E26,"(84, 78)",37,16.0
71,Greedy,E27,"(18, 25)",35,21.0
71,Greedy,E29,"(18, 14)",29,12.0
71,Greedy,E30,"(93, 41)",20,26.0
71,Greedy,E31,"(55, 57)",21,10.0
71,Greedy,E32,"(41, 9)",8,16.0
71,Greedy,E33,"(59, 68)",13,29.0
71,Greedy,E34,"(68, 19)",10,23.0
71,Greedy,E35,"(100, 48)",7,30.0
71,Auction,E19,"(23, 19)",48,18.0
71,Auction,E21,"(94, 79)",42,20.0
71,Auction,E22,"(2, 29)",45,26.0
71,Auction,E24,"(10, 83)",39,16.0
71,Auction,E25,"(47, 1)",31,22.0
71,Auction,E27,"(18, 25)",35,21.0
71,Auction,E28,"(93, 33)",25,11.0
71,Auction,E29,"(18, 14)",29,12.0
71,Auction,E30,"(93, 41)",20,26.0
71,Auction,E31,"(55, 57)",21,10.0
71,Auction,E32,"(41, 9)",8,16.0
71,Auction,E33,"(59, 68)",13,29.0
71,Auction,E34,"(68, 19)",10,23.0
71,Auction,E35,"(100, 48)",7,30.0
71,Q-Learning,E19,"(23, 19)",48,18.0
71,Q-Learning,E20,"(47, 24)",41,16.0
71,Q-Learning,E21,"(94, 79)",42,20.0
71,Q-Learning,E22,"(2, 29)",45,26.0
71,Q-Learning,E23,"(51, 45)",35,12.0
71,Q-Learning,E24,"(10, 83)",39,16.0
71,Q-Learning,E25,"(47, 1)",31,22.0
71,Q-Learning,E26,"(84, 78)",37,16.0
71,Q-Learning,E27,"(18, 25)",35,21.0
71,Q-Learning,E29,"(18, 14)",29,12.0
71,Q-Learning,E30,"(93, 41)",20,26.0
71,Q-Learning,E31,"(55, 57)",21,10.0
71,Q-Learning,E32,"(41, 9)",8,16.0
71,Q-Learning,E33,"(59, 68)",13,29.0
71,Q-Learning,E34,"(68, 19)",10,23.0
71,Q-Learning,E35,"(100, 48)",7,30.0
72,Greedy,E20,"(47, 24)",42,16.0
72,Greedy,E21,"(94, 79)",43,20.0
72,Greedy,E22,"(2, 29)",46,26.0
72,Greedy,E24,"(10, 83)",40,16.0
72,Greedy,E25,"(47, 1)",32,22.0
72,Greedy,E26,"(84, 78)",38,16.0
72,Greedy,E27,"(18, 25)",36,21.0
72,Greedy,E29,"(18, 14)",30,12.0
72,Greedy,E30,"(93, 41)",21,26.0
72,Greedy,E31,"(55, 57)",22,10.0
72,Greedy,E32,"(41, 9)",9,16.0
72,Greedy,E33,"(59, 68)",14,29.0
72,Greedy,E34,"(68, 19)",11,23.0
72,Greedy,E35,"(100, 48)",8,30.0
72,Greedy,E36,"(95, 3)",4,11.0
72,Auction,E19,"(23, 19)",49,18.0
72,Auction,E21,"(94, 79)",43,20.0
72,Auction,E22,"(2, 29)",46,26.0
72,Auction,E24,"(10, 83)",40,16.0
72,Auction,E25,"(47, 1)",32,22.0
72,Auction,E27,"(18, 25)",36,21.0
72,Auction,E28,"(93, 33)",26,11.0
72,Auction,E29,"(18, 14)",30,12.0
72,Auction,E30,"(93, 41)",21,26.0
72,Auction,E31,"(55, 57)",22,10.0
72,Auction,E32,"(41, 9)",9,16.0
72,Auction,E33,"(59, 68)",14,29.0
72,Auction,E34,"(68, 19)",11,23.0
72,Auction,E35,"(100, 48)",8,30.0
72,Auction,E36,"(95, 3)",4,11.0
72,Q-Learning,E19,"(23, 19)",49,18.0
72,Q-Learning,E20,"(47, 24)",42,16.0
72,Q-Learning,E21,"(94, 79)",43,20.0
72,Q-Learning,E22,"(2, 29)",46,26.0
72,Q-Learning,E23,"(51, 45)",36,12.0
72,Q-Learning,E24,"(10, 83)",40,16.0
72,Q-Learning,E25,"(47, 1)",32,22.0
72,Q-Learning,E26,"(84, 78)",38,16.0
72,Q-Learning,E27,"(18, 25)",36,21.0
72,Q-Learning,E29,"(18, 14)",30,12.0
72,Q-Learning,E30,"(93, 41)",21,26.0
72,Q-Learning,E31,"(55, 57)",22,10.0
72,Q-Learning,E32,"(41, 9)",9,16.0
72,Q-Learning,E33,"(59, 68)",14,29.0
72,Q-Learning,E34,"(68, 19)",11,23.0
72,Q-Learning,E35,"(100, 48)",8,30.0
73,Greedy,E20,"(47, 24)",43,16.0
73,Greedy,E21,"(94, 79)",44,20.0
73,Greedy,E22,"(2, 29)",47,26.0
73,Greedy,E24,"(10, 83)",41,16.0
73,Greedy,E25,"(47, 1)",33,22.0
73,Greedy,E26,"(84, 78)",39,16.0
73,Greedy,E27,"(18, 25)",37,21.0
73,Greedy,E29,"(18, 14)",31,12.0
73,Greedy,E30,"(93, 41)",22,26.0
73,Greedy,E31,"(55, 57)",23,10.0
73,Greedy,E32,"(41, 9)",10,16.0
73,Greedy,E33,"(59, 68)",15,29.0
73,Greedy,E34,"(68, 19)",12,23.0
73,Greedy,E35,"(100, 48)",9,30.0
73,Greedy,E36,"(95, 3)",5,11.0
73,Auction,E19,"(23, 19)",50,18.0
73,Auction,E21,"(94, 79)",44,20.0
73,Auction,E22,"(2, 29)",47,26.0
73,Auction,E24,"(10, 83)",41,16.0
73,Auction,E25,"(47, 1)",33,22.0
73,Auction,E27,"(18, 25)",37,21.0
73,Auction,E28,"(93, 33)",27,11.0
73,Auction,E29,"(18, 14)",31,12.0
73,Auction,E30,"(93, 41)",22,26.0
73,Auction,E31,"(55, 57)",23,10.0
73,Auction,E32,"(41, 9)",10,16.0
73,Auction,E33,"(59, 68)",15,29.0
73,Auction,E34,"(68, 19)",12,23.0
73,Auction,E35,"(100, 48)",9,30.0
73,Auction,E36,"(95, 3)",5,11.0
73,Q-Learning,E20,"(47, 24)",43,16.0
73,Q-Learning,E21,"(94, 79)",44,20.0
73,Q-Learning,E22,"(2, 29)",47,26.0
73,Q-Learning,E23,"(51, 45)",37,12.0
73,Q-Learning,E24,"(10, 83)",41,16.0
73,Q-Learning,E25,"(47, 1)",33,22.0
73,Q-Learning,E26,"(84, 78)",39,16.0
73,Q-Learning,E27,"(18, 25)",37,21.0
73,Q-Learning,E29,"(18, 14)",31,12.0
73,Q-Learning,E30,"(93, 41)",22,26.0
73,Q-Learning,E31,"(55, 57)",23,10.0
73,Q-Learning,E32,"(41, 9)",10,16.0
73,Q-Learning,E33,"(59, 68)",15,29.0
73,Q-Learning,E34,"(68, 19)",12,23.0
73,Q-Learning,E35,"(100, 48)",9,30.0
74,Greedy,E20,"(47, 24)",44,16.0
74,Greedy,E21,"(94, 79)",45,20.0
74,Greedy,E22,"(2, 29)",48,26.0
74,Greedy,E24,"(10, 83)",42,16.0
74,Greedy,E25,"(47, 1)",34,22.0
74,Greedy,E26,"(84, 78)",40,16.0
74,Greedy,E27,"(18, 25)",38,21.0
74,Greedy,E29,"(18, 14)",32,12.0
74,Greedy,E30,"(93, 41)",23,26.0
74,Greedy,E31,"(55, 57)",24,10.0
74,Greedy,E32,"(41, 9)",11,16.0
74,Greedy,E33,"(59, 68)",16,29.0
74,Greedy,E34,"(68, 19)",13,23.0
74,Greedy,E35,"(100, 48)",10,30.0
74,Greedy,E36,"(95, 3)",6,11.0
74,Greedy,E37,"(61, 4)",6,21.0
74,Auction,E19,"(23, 19)",51,18.0
74,Auction,E21,"(94, 79)",45,20.0
74,Auction,E22,"(2, 29)",48,26.0
74,Auction,E24,"(10, 83)",42,16.0
74,Auction,E25,"(47, 1)",34,22.0
74,Auction,E27,"(18, 25)",38,21.0
74,Auction,E28,"(93, 33)",28,11.0
74,Auction,E29,"(18, 14)",32,12.0
74,Auction,E30,"(93, 41)",23,26.0
74,Auction,E31,"(55, 57)",24,10.0
74,Auction,E32,"(41, 9)",11,16.0
74,Auction,E33,"(59, 68)",16,29.0
74,Auction,E34,"(68, 19)",13,23.0
74,Auction,E35,"(100, 48)",10,30.0
74,Auction,E36,"(95, 3)",6,11.0
74,Auction,E37,"(61, 4)",6,21.0
74,Q-Learning,E20,"(47, 24)",44,16.0
74,Q-Learning,E22,"(2, 29)",48,26.0
74,Q-Learning,E23,"(51, 45)",38,12.0
74,Q-Learning,E24,"(10, 83)",42,16.0
74,Q-Learning,E25,"(47, 1)",34,22.0
74,Q-Learning,E26,"(84, 78)",40,16.0
74,Q-Learning,E27,"(18, 25)",38,21.0
74,Q-Learning,E29,"(18, 14)",32,12.0
74,Q-Learning,E30,"(93, 41)",23,26.0
74,Q-Learning,E31,"(55, 57)",24,10.0
74,Q-Learning,E32,"(41, 9)",11,16.0
74,Q-Learning,E33,"(59, 68)",16,29.0
74,Q-Learning,E34,"(68, 19)",13,23.0
74,Q-Learning,E35,"(100, 48)",10,30.0
74,Q-Learning,E37,"(61, 4)",6,21.0
75,Greedy,E20,"(47, 24)",45,16.0
75,Greedy,E21,"(94, 79)",46,20.0
75,Greedy,E22,"(2, 29)",49,26.0
75,Greedy,E24,"(10, 83)",43,16.0
75,Greedy,E25,"(47, 1)",35,22.0
75,Greedy,E26,"(84, 78)",41,16.0
75,Greedy,E27,"(18, 25)",39,21.0
75,Greedy,E29,"(18, 14)",33,12.0
75,Greedy,E30,"(93, 41)",24,26.0
75,Greedy,E31,"(55, 57)",25,10.0
75,Greedy,E32,"(41, 9)",12,16.0
75,Greedy,E33,"(59, 68)",17,29.0
75,Greedy,E34,"(68, 19)",14,23.0
75,Greedy,E35,"(100, 48)",11,30.0
75,Greedy,E36,"(95, 3)",7,11.0
75,Greedy,E37,"(61, 4)",7,21.0
75,Greedy,E38,"(78, 38)",4,27.0
75,Auction,E19,"(23, 19)",52,18.0
75,Auction,E21,"(94, 79)",46,20.0
75,Auction,E22,"(2, 29)",49,26.0
75,Auction,E24,"(10, 83)",43,16.0
75,Auction,E25,"(47, 1)",35,22.0
75,Auction,E27,"(18, 25)",39,21.0
75,Auction,E28,"(93, 33)",29,11.0
75,Auction,E29,"(18, 14)",33,12.0
75,Auction,E30,"(93, 41)",24,26.0
75,Auction,E31,"(55, 57)",25,10.0
75,Auction,E32,"(41, 9)",12,16.0
75,Auction,E33,"(59, 68)",17,29.0
75,Auction,E34,"(68, 19)",14,23.0
75,Auction,E35,"(100, 48)",11,30.0
75,Auction,E36,"(95, 3)",7,11.0
75,Auction,E37,"(61, 4)",7,21.0
75,Auction,E38,"(78, 38)",4,27.0
75,Q-Learning,E20,"(47, 24)",45,16.0
75,Q-Learning,E22,"(2, 29)",49,26.0
75,Q-Learning,E24,"(10, 83)",43,16.0
75,Q-Learning,E25,"(47, 1)",35,22.0
75,Q-Learning,E26,"(84, 78)",41,16.0
75,Q-Learning,E27,"(18, 25)",39,21.0
75,Q-Learning,E29,"(18, 14)",33,12.0
75,Q-Learning,E30,"(93, 41)",24,26.0
75,Q-Learning,E31,"(55, 57)",25,10.0
75,Q-Learning,E32,"(41, 9)",12,16.0
75,Q-Learning,E33,"(59, 68)",17,29.0
75,Q-Learning,E34,"(68, 19)",14,23.0
75,Q-Learning,E35,"(100, 48)",11,30.0
75,Q-Learning,E37,"(61, 4)",7,21.0
75,Q-Learning,E38,"(78, 38)",4,27.0
76,Greedy,E20,"(47, 24)",46,16.0
76,Greedy,E21,"(94, 79)",47,20.0
76,Greedy,E22,"(2, 29)",50,26.0
76,Greedy,E24,"(10, 83)",44,16.0
76,Greedy,E25,"(47, 1)",36,22.0
76,Greedy,E26,"(84, 78)",42,16.0
76,Greedy,E27,"(18, 25)",40,21.0
76,Greedy,E29,"(18, 14)",34,12.0
76,Greedy,E30,"(93, 41)",25,26.0
76,Greedy,E31,"(55, 57)",26,10.0
76,Greedy,E32,"(41, 9)",13,16.0
76,Greedy,E33,"(59, 68)",18,29.0
76,Greedy,E34,"(68, 19)",15,23.0
76,Greedy,E35,"(100, 48)",12,30.0
76,Greedy,E36,"(95, 3)",8,11.0
76,Greedy,E37,"(61, 4)",8,21.0
76,Greedy,E38,"(78, 38)",5,27.0
76,Greedy,E39,"(53, 80)",1,17.0
76,Auction,E19,"(23, 19)",53,18.0
76,Auction,E21,"(94, 79)",47,20.0
76,Auction,E22,"(2, 29)",50,26.0
76,Auction,E24,"(10, 83)",44,16.0
76,Auction,E25,"(47, 1)",36,22.0
76,Auction,E27,"(18, 25)",40,21.0
76,Auction,E28,"(93, 33)",30,11.0
76,Auction,E29,"(18, 14)",34,12.0
76,Auction,E30,"(93, 41)",25,26.0
76,Auction,E32,"(41, 9)",13,16.0
76,Auction,E33,"(59, 68)",18,29.0
76,Auction,E34,"(68, 19)",15,23.0
76,Auction,E35,"(100, 48)",12,30.0
76,Auction,E36,"(95, 3)",8,11.0
76,Auction,E37,"(61, 4)",8,21.0
76,Auction,E38,"(78, 38)",5,27.0
76,Auction,E39,"(53, 80)",1,17.0
76,Q-Learning,E20,"(47, 24)",46,16.0
76,Q-Learning,E22,"(2, 29)",50,26.0
76,Q-Learning,E24,"(10, 83)",44,16.0
76,Q-Learning,E25,"(47, 1)",36,22.0
76,Q-Learning,E26,"(84, 78)",42,16.0
76,Q-Learning,E27,"(18, 25)",40,21.0
76,Q-Learning,E29,"(18, 14)",34,12.0
76,Q-Learning,E30,"(93, 41)",25,26.0
76,Q-Learning,E31,"(55, 57)",26,10.0
76,Q-Learning,E32,"(41, 9)",13,16.0
76,Q-Learning,E33,"(59, 68)",18,29.0
76,Q-Learning,E34,"(68, 19)",15,23.0
76,Q-Learning,E35,"(100, 48)",12,30.0
76,Q-Learning,E37,"(61, 4)",8,21.0
76,Q-Learning,E38,"(78, 38)",5,27.0
76,Q-Learning,E39,"(53, 80)",1,17.0
77,Greedy,E20,"(47, 24)",47,16.0
77,Greedy,E21,"(94, 79)",48,20.0
77,Greedy,E22,"(2, 29)",51,26.0
77,Greedy,E24,"(10, 83)",45,16.0
77,Greedy,E25,"(47, 1)",37,22.0
77,Greedy,E26,"(84, 78)",43,16.0
77,Greedy,E27,"(18, 25)",41,21.0
77,Greedy,E29,"(18, 14)",35,12.0
77,Greedy,E30,"(93, 41)",26,26.0
77,Greedy,E31,"(55, 57)",27,10.0
77,Greedy,E32,"(41, 9)",14,16.0
77,Greedy,E33,"(59, 68)",19,29.0
77,Greedy,E34,"(68, 19)",16,23.0
77,Greedy,E35,"(100, 48)",13,30.0
77,Greedy,E36,"(95, 3)",9,11.0
77,Greedy,E37,"(61, 4)",9,21.0
77,Greedy,E38,"(78, 38)",6,27.0
77,Greedy,E39,"(53, 80)",2,17.0
77,Greedy,E40,"(88, 44)",10,22.0
77,Auction,E19,"(23, 19)",54,18.0
77,Auction,E21,"(94, 79)",48,20.0
77,Auction,E22,"(2, 29)",51,26.0
77,Auction,E24,"(10, 83)",45,16.0
77,Auction,E25,"(47, 1)",37,22.0
77,Auction,E27,"(18, 25)",41,21.0
77,Auction,E28,"(93, 33)",31,11.0
77,Auction,E30,"(93, 41)",26,26.0
77,Auction,E32,"(41, 9)",14,16.0
77,Auction,E33,"(59, 68)",19,29.0
77,Auction,E34,"(68, 19)",16,23.0
77,Auction,E35,"(100, 48)",13,30.0
77,Auction,E36,"(95, 3)",9,11.0
77,Auction,E37,"(61, 4)",9,21.0
77,Auction,E38,"(78, 38)",6,27.0
77,Auction,E39,"(53, 80)",2,17.0
77,Auction,E40,"(88, 44)",10,22.0
77,Q-Learning,E20,"(47, 24)",47,16.0
77,Q-Learning,E22,"(2, 29)",51,26.0
77,Q-Learning,E24,"(10, 83)",45,16.0
77,Q-Learning,E25,"(47, 1)",37,22.0
77,Q-Learning,E26,"(84, 78)",43,16.0
77,Q-Learning,E27,"(18, 25)",41,21.0
77,Q-Learning,E29,"(18, 14)",35,12.0
77,Q-Learning,E30,"(93, 41)",26,26.0
77,Q-Learning,E31,"(55, 57)",27,10.0
77,Q-Learning,E32,"(41, 9)",14,16.0
77,Q-Learning,E33,"(59, 68)",19,29.0
77,Q-Learning,E34,"(68, 19)",16,23.0
77,Q-Learning,E35,"(100, 48)",13,30.0
77,Q-Learning,E37,"(61, 4)",9,21.0
77,Q-Learning,E38,"(78, 38)",6,27.0
77,Q-Learning,E39,"(53, 80)",2,17.0
77,Q-Learning,E40,"(88, 44)",10,22.0
78,Greedy,E20,"(47, 24)",48,16.0
78,Greedy,E21,"(94, 79)",49,20.0
78,Greedy,E22,"(2, 29)",52,26.0
78,Greedy,E24,"(10, 83)",46,16.0
78,Greedy,E25,"(47, 1)",38,22.0
78,Greedy,E26,"(84, 78)",44,16.0
78,Greedy,E27,"(18, 25)",42,21.0
78,Greedy,E29,"(18, 14)",36,12.0
78,Greedy,E30,"(93, 41)",27,26.0
78,Greedy,E31,"(55, 57)",28,10.0
78,Greedy,E32,"(41, 9)",15,16.0
78,Greedy,E33,"(59, 68)",20,29.0
78,Greedy,E34,"(68, 19)",17,23.0
78,Greedy,E35,"(100, 48)",14,30.0
78,Greedy,E36,"(95, 3)",10,11.0
78,Greedy,E37,"(61, 4)",10,21.0
78,Greedy,E38,"(78, 38)",7,27.0
78,Greedy,E39,"(53, 80)",3,17.0
78,Greedy,E40,"(88, 44)",11,22.0
78,Auction,E19,"(23, 19)",55,18.0
78,Auction,E21,"(94, 79)",49,20.0
78,Auction,E22,"(2, 29)",52,26.0
78,Auction,E24,"(10, 83)",46,16.0
78,Auction,E25,"(47, 1)",38,22.0
78,Auction,E27,"(18, 25)",42,21.0
78,Auction,E28,"(93, 33)",32,11.0
78,Auction,E30,"(93, 41)",27,26.0
78,Auction,E32,"(41, 9)",15,16.0
78,Auction,E33,"(59, 68)",20,29.0
78,Auction,E34,"(68, 19)",17,23.0
78,Auction,E35,"(100, 48)",14,30.0
78,Auction,E36,"(95, 3)",10,11.0
78,Auction,E37,"(61, 4)",10,21.0
78,Auction,E38,"(78, 38)",7,27.0
78,Auction,E39,"(53, 80)",3,17.0
78,Auction,E40,"(88, 44)",11,22.0
78,Q-Learning,E20,"(47, 24)",48,16.0
78,Q-Learning,E22,"(2, 29)",52,26.0
78,Q-Learning,E24,"(10, 83)",46,16.0
78,Q-Learning,E25,"(47, 1)",38,22.0
78,Q-Learning,E26,"(84, 78)",44,16.0
78,Q-Learning,E27,"(18, 25)",42,21.0
78,Q-Learning,E29,"(18, 14)",36,12.0
78,Q-Learning,E30,"(93, 41)",27,26.0
78,Q-Learning,E31,"(55, 57)",28,10.0
78,Q-Learning,E32,"(41, 9)",15,16.0
78,Q-Learning,E33,"(59, 68)",20,29.0
78,Q-Learning,E34,"(68, 19)",17,23.0
78,Q-Learning,E35,"(100, 48)",14,30.0
78,Q-Learning,E37,"(61, 4)",10,21.0
78,Q-Learning,E38,"(78, 38)",7,27.0
78,Q-Learning,E39,"(53, 80)",3,17.0
78,Q-Learning,E40,"(88, 44)",11,22.0
79,Greedy,E20,"(47, 24)",49,16.0
79,Greedy,E21,"(94, 79)",50,20.0
79,Greedy,E22,"(2, 29)",53,26.0
79,Greedy,E24,"(10, 83)",47,16.0
79,Greedy,E25,"(47, 1)",39,22.0
79,Greedy,E26,"(84, 78)",45,16.0
79,Greedy,E27,"(18, 25)",43,21.0
79,Greedy,E29,"(18, 14)",37,12.0
79,Greedy,E30,"(93, 41)",28,26.0
79,Greedy,E31,"(55, 57)",29,10.0
79,Greedy,E32,"(41, 9)",16,16.0
79,Greedy,E33,"(59, 68)",21,29.0
79,Greedy,E34,"(68, 19)",18,23.0
79,Greedy,E35,"(100, 48)",15,30.0
79,Greedy,E36,"(95, 3)",11,11.0
79,Greedy,E37,"(61, 4)",11,21.0
79,Greedy,E38,"(78, 38)",8,27.0
79,Greedy,E39,"(53, 80)",4,17.0
79,Greedy,E40,"(88, 44)",12,22.0
79,Auction,E19,"(23, 19)",56,18.0
79,Auction,E21,"(94, 79)",50,20.0
79,Auction,E22,"(2, 29)",53,26.0
79,Auction,E24,"(10, 83)",47,16.0
79,Auction,E25,"(47, 1)",39,22.0
79,Auction,E27,"(18, 25)",43,21.0
79,Auction,E28,"(93, 33)",33,11.0
79,Auction,E30,"(93, 41)",28,26.0
79,Auction,E32,"(41, 9)",16,16.0
79,Auction,E33,"(59, 68)",21,29.0
79,Auction,E34,"(68, 19)",18,23.0
79,Auction,E35,"(100, 48)",15,30.0
79,Auction,E36,"(95, 3)",11,11.0
79,Auction,E37,"(61, 4)",11,21.0
79,Auction,E38,"(78, 38)",8,27.0
79,Auction,E39,"(53, 80)",4,17.0
79,Auction,E40,"(88, 44)",12,22.0
79,Q-Learning,E20,"(47, 24)",49,16.0
79,Q-Learning,E22,"(2, 29)",53,26.0
79,Q-Learning,E24,"(10, 83)",47,16.0
79,Q-Learning,E25,"(47, 1)",39,22.0
79,Q-Learning,E26,"(84, 78)",45,16.0
79,Q-Learning,E27,"(18, 25)",43,21.0
79,Q-Learning,E29,"(18, 14)",37,12.0
79,Q-Learning,E30,"(93, 41)",28,26.0
79,Q-Learning,E31,"(55, 57)",29,10.0
79,Q-Learning,E32,"(41, 9)",16,16.0
79,Q-Learning,E33,"(59, 68)",21,29.0
79,Q-Learning,E34,"(68, 19)",18,23.0
79,Q-Learning,E35,"(100, 48)",15,30.0
79,Q-Learning,E37,"(61, 4)",11,21.0
79,Q-Learning,E38,"(78, 38)",8,27.0
79,Q-Learning,E39,"(53, 80)",4,17.0
79,Q-Learning,E40,"(88, 44)",12,22.0
80,Greedy,E20,"(47, 24)",50,16.0
80,Greedy,E21,"(94, 79)",51,20.0
80,Greedy,E22,"(2, 29)",54,26.0
80,Greedy,E24,"(10, 83)",48,16.0
80,Greedy,E25,"(47, 1)",40,22.0
80,Greedy,E26,"(84, 78)",46,16.0
80,Greedy,E27,"(18, 25)",44,21.0
80,Greedy,E29,"(18, 14)",38,12.0
80,Greedy,E30,"(93, 41)",29,26.0
80,Greedy,E31,"(55, 57)",30,10.0
80,Greedy,E32,"(41, 9)",17,16.0
80,Greedy,E33,"(59, 68)",22,29.0
80,Greedy,E34,"(68, 19)",19,23.0
80,Greedy,E35,"(100, 48)",16,30.0
80,Greedy,E36,"(95, 3)",12,11.0
80,Greedy,E37,"(61, 4)",12,21.0
80,Greedy,E38,"(78, 38)",9,27.0
80,Greedy,E39,"(53, 80)",5,17.0
80,Greedy,E40,"(88, 44)",13,22.0
80,Auction,E19,"(23, 19)",57,18.0
80,Auction,E21,"(94, 79)",51,20.0
80,Auction,E22,"(2, 29)",54,26.0
80,Auction,E24,"(10, 83)",48,16.0
80,Auction,E25,"(47, 1)",40,22.0
80,Auction,E27,"(18, 25)",44,21.0
80,Auction,E28,"(93, 33)",34,11.0
80,Auction,E30,"(93, 41)",29,26.0
80,Auction,E32,"(41, 9)",17,16.0
80,Auction,E33,"(59, 68)",22,29.0
80,Auction,E34,"(68, 19)",19,23.0
80,Auction,E35,"(100, 48)",16,30.0
80,Auction,E36,"(95, 3)",12,11.0
80,Auction,E37,"(61, 4)",12,21.0
80,Auction,E38,"(78, 38)",9,27.0
80,Auction,E39,"(53, 80)",5,17.0
80,Auction,E40,"(88, 44)",13,22.0
80,Q-Learning,E20,"(47, 24)",50,16.0
80,Q-Learning,E22,"(2, 29)",54,26.0
80,Q-Learning,E24,"(10, 83)",48,16.0
80,Q-Learning,E25,"(47, 1)",40,22.0
80,Q-Learning,E26,"(84, 78)",46,16.0
80,Q-Learning,E27,"(18, 25)",44,21.0
80,Q-Learning,E29,"(18, 14)",38,12.0
80,Q-Learning,E30,"(93, 41)",29,26.0
80,Q-Learning,E31,"(55, 57)",30,10.0
80,Q-Learning,E32,"(41, 9)",17,16.0
80,Q-Learning,E33,"(59, 68)",22,29.0
80,Q-Learning,E34,"(68, 19)",19,23.0
80,Q-Learning,E35,"(100, 48)",16,30.0
80,Q-Learning,E37,"(61, 4)",12,21.0
80,Q-Learning,E38,"(78, 38)",9,27.0
80,Q-Learning,E39,"(53, 80)",5,17.0
80,Q-Learning,E40,"(88, 44)",13,22.0
81,Greedy,E20,"(47, 24)",51,16.0
81,Greedy,E21,"(94, 79)",52,20.0
81,Greedy,E22,"(2, 29)",55,26.0
81,Greedy,E24,"(10, 83)",49,16.0
81,Greedy,E25,"(47, 1)",41,22.0
81,Greedy,E26,"(84, 78)",47,16.0
81,Greedy,E27,"(18, 25)",45,21.0
81,Greedy,E29,"(18, 14)",39,12.0
81,Greedy,E30,"(93, 41)",30,26.0
81,Greedy,E31,"(55, 57)",31,10.0
81,Greedy,E32,"(41, 9)",18,16.0
81,Greedy,E33,"(59, 68)",23,29.0
81,Greedy,E34,"(68, 19)",20,23.0
81,Greedy,E35,"(100, 48)",17,30.0
81,Greedy,E36,"(95, 3)",13,11.0
81,Greedy,E37,"(61, 4)",13,21.0
81,Greedy,E38,"(78, 38)",10,27.0
81,Greedy,E39,"(53, 80)",6,17.0
81,Greedy,E40,"(88, 44)",14,22.0
81,Auction,E19,"(23, 19)",58,18.0
81,Auction,E21,"(94, 79)",52,20.0
81,Auction,E22,"(2, 29)",55,26.0
81,Auction,E24,"(10, 83)",49,16.0
81,Auction,E25,"(47, 1)",41,22.0
81,Auction,E27,"(18, 25)",45,21.0
81,Auction,E28,"(93, 33)",35,11.0
81,Auction,E30,"(93, 41)",30,26.0
81,Auction,E32,"(41, 9)",18,16.0
81,Auction,E33,"(59, 68)",23,29.0
81,Auction,E34,"(68, 19)",20,23.0
81,Auction,E35,"(100, 48)",17,30.0
81,Auction,E36,"(95, 3)",13,11.0
81,Auction,E37,"(61, 4)",13,21.0
81,Auction,E38,"(78, 38)",10,27.0
81,Auction,E39,"(53, 80)",6,17.0
81,Auction,E40,"(88, 44)",14,22.0
81,Q-Learning,E20,"(47, 24)",51,16.0
81,Q-Learning,E22,"(2, 29)",55,26.0
81,Q-Learning,E24,"(10, 83)",49,16.0
81,Q-Learning,E25,"(47, 1)",41,22.0
81,Q-Learning,E26,"(84, 78)",47,16.0
81,Q-Learning,E27,"(18, 25)",45,21.0
81,Q-Learning,E29,"(18, 14)",39,12.0
81,Q-Learning,E30,"(93, 41)",30,26.0
81,Q-Learning,E31,"(55, 57)",31,10.0
81,Q-Learning,E32,"(41, 9)",18,16.0
81,Q-Learning,E33,"(59, 68)",23,29.0
81,Q-Learning,E34,"(68, 19)",20,23.0
81,Q-Learning,E35,"(100, 48)",17,30.0
81,Q-Learning,E37,"(61, 4)",13,21.0
81,Q-Learning,E38,"(78, 38)",10,27.0
81,Q-Learning,E39,"(53, 80)",6,17.0
81,Q-Learning,E40,"(88, 44)",14,22.0
82,Greedy,E20,"(47, 24)",52,16.0
82,Greedy,E21,"(94, 79)",53,20.0
82,Greedy,E22,"(2, 29)",56,26.0
82,Greedy,E24,"(10, 83)",50,16.0
82,Greedy,E25,"(47, 1)",42,22.0
82,Greedy,E26,"(84, 78)",48,16.0
82,Greedy,E27,"(18, 25)",46,21.0
82,Greedy,E29,"(18, 14)",40,12.0
82,Greedy,E30,"(93, 41)",31,26.0
82,Greedy,E31,"(55, 57)",32,10.0
82,Greedy,E32,"(41, 9)",19,16.0
82,Greedy,E33,"(59, 68)",24,29.0
82,Greedy,E34,"(68, 19)",21,23.0
82,Greedy,E35,"(100, 48)",18,30.0
82,Greedy,E36,"(95, 3)",14,11.0
82,Greedy,E37,"(61, 4)",14,21.0
82,Greedy,E38,"(78, 38)",11,27.0
82,Greedy,E39,"(53, 80)",7,17.0
82,Greedy,E40,"(88, 44)",15,22.0
82,Auction,E19,"(23, 19)",59,18.0
82,Auction,E21,"(94, 79)",53,20.0
82,Auction,E22,"(2, 29)",56,26.0
82,Auction,E24,"(10, 83)",50,16.0
82,Auction,E25,"(47, 1)",42,22.0
82,Auction,E27,"(18, 25)",46,21.0
82,Auction,E28,"(93, 33)",36,11.0
82,Auction,E30,"(93, 41)",31,26.0
82,Auction,E32,"(41, 9)",19,16.0
82,Auction,E33,"(59, 68)",24,29.0
82,Auction,E34,"(68, 19)",21,23.0
82,Auction,E35,"(100, 48)",18,30.0
82,Auction,E36,"(95, 3)",14,11.0
82,Auction,E37,"(61, 4)",14,21.0
82,Auction,E38,"(78, 38)",11,27.0
82,Auction,E39,"(53, 80)",7,17.0
82,Auction,E40,"(88, 44)",15,22.0
82,Q-Learning,E20,"(47, 24)",52,16.0
82,Q-Learning,E22,"(2, 29)",56,26.0
82,Q-Learning,E24,"(10, 83)",50,16.0
82,Q-Learning,E25,"(47, 1)",42,22.0
82,Q-Learning,E26,"(84, 78)",48,16.0
82,Q-Learning,E27,"(18, 25)",46,21.0
82,Q-Learning,E29,"(18, 14)",40,12.0
82,Q-Learning,E30,"(93, 41)",31,26.0
82,Q-Learning,E31,"(55, 57)",32,10.0
82,Q-Learning,E32,"(41, 9)",19,16.0
82,Q-Learning,E33,"(59, 68)",24,29.0
82,Q-Learning,E34,"(68, 19)",21,23.0
82,Q-Learning,E35,"(100, 48)",18,30.0
82,Q-Learning,E37,"(61, 4)",14,21.0
82,Q-Learning,E38,"(78, 38)",11,27.0
82,Q-Learning,E39,"(53, 80)",7,17.0
82,Q-Learning,E40,"(88, 44)",15,22.0
83,Greedy,E20,"(47, 24)",53,16.0
83,Greedy,E21,"(94, 79)",54,20.0
83,Greedy,E22,"(2, 29)",57,26.0
83,Greedy,E24,"(10, 83)",51,16.0
83,Greedy,E25,"(47, 1)",43,22.0
83,Greedy,E26,"(84, 78)",49,16.0
83,Greedy,E27,"(18, 25)",47,21.0
83,Greedy,E29,"(18, 14)",41,12.0
83,Greedy,E30,"(93, 41)",32,26.0
83,Greedy,E31,"(55, 57)",33,10.0
83,Greedy,E32,"(41, 9)",20,16.0
83,Greedy,E33,"(59, 68)",25,29.0
83,Greedy,E34,"(68, 19)",22,23.0
83,Greedy,E35,"(100, 48)",19,30.0
83,Greedy,E36,"(95, 3)",15,11.0
83,Greedy,E37,"(61, 4)",15,21.0
83,Greedy,E38,"(78, 38)",12,27.0
83,Greedy,E39,"(53, 80)",8,17.0
83,Greedy,E40,"(88, 44)",16,22.0
83,Greedy,E41,"(7, 1)",3,12.0
83,Auction,E19,"(23, 19)",60,18.0
83,Auction,E21,"(94, 79)",54,20.0
83,Auction,E22,"(2, 29)",57,26.0
83,Auction,E24,"(10, 83)",51,16.0
83,Auction,E25,"(47, 1)",43,22.0
83,Auction,E27,"(18, 25)",47,21.0
83,Auction,E28,"(93, 33)",37,11.0
83,Auction,E30,"(93, 41)",32,26.0
83,Auction,E32,"(41, 9)",20,16.0
83,Auction,E33,"(59, 68)",25,29.0
83,Auction,E34,"(68, 19)",22,23.0
83,Auction,E35,"(100, 48)",19,30.0
83,Auction,E36,"(95, 3)",15,11.0
83,Auction,E37,"(61, 4)",15,21.0
83,Auction,E38,"(78, 38)",12,27.0
83,Auction,E39,"(53, 80)",8,17.0
83,Auction,E40,"(88, 44)",16,22.0
83,Auction,E41,"(7, 1)",3,12.0
83,Q-Learning,E20,"(47, 24)",53,16.0
83,Q-Learning,E22,"(2, 29)",57,26.0
83,Q-Learning,E24,"(10, 83)",51,16.0
83,Q-Learning,E25,"(47, 1)",43,22.0
83,Q-Learning,E26,"(84, 78)",49,16.0
83,Q-Learning,E27,"(18, 25)",47,21.0
83,Q-Learning,E29,"(18, 14)",41,12.0
83,Q-Learning,E30,"(93, 41)",32,26.0
83,Q-Learning,E31,"(55, 57)",33,10.0
83,Q-Learning,E32,"(41, 9)",20,16.0
83,Q-Learning,E33,"(59, 68)",25,29.0
83,Q-Learning,E34,"(68, 19)",22,23.0
83,Q-Learning,E35,"(100, 48)",19,30.0
83,Q-Learning,E37,"(61, 4)",15,21.0
83,Q-Learning,E38,"(78, 38)",12,27.0
83,Q-Learning,E39,"(53, 80)",8,17.0
83,Q-Learning,E40,"(88, 44)",16,22.0
83,Q-Learning,E41,"(7, 1)",3,12.0
84,Greedy,E20,"(47, 24)",54,16.0
84,Greedy,E21,"(94, 79)",55,20.0
84,Greedy,E22,"(2, 29)",58,26.0
84,Greedy,E24,"(10, 83)",52,16.0
84,Greedy,E25,"(47, 1)",44,22.0
84,Greedy,E26,"(84, 78)",50,16.0
84,Greedy,E27,"(18, 25)",48,21.0
84,Greedy,E29,"(18, 14)",42,12.0
84,Greedy,E30,"(93, 41)",33,26.0
84,Greedy,E31,"(55, 57)",34,10.0
84,Greedy,E32,"(41, 9)",21,16.0
84,Greedy,E33,"(59, 68)",26,29.0
84,Greedy,E34,"(68, 19)",23,23.0
84,Greedy,E35,"(100, 48)",20,30.0
84,Greedy,E36,"(95, 3)",16,11.0
84,Greedy,E37,"(61, 4)",16,21.0
84,Greedy,E38,"(78, 38)",13,27.0
84,Greedy,E39,"(53, 80)",9,17.0
84,Greedy,E40,"(88, 44)",17,22.0
84,Greedy,E41,"(7, 1)",4,12.0
84,Greedy,E42,"(17, 98)",10,22.0
84,Auction,E19,"(23, 19)",61,18.0
84,Auction,E21,"(94, 79)",55,20.0
84,Auction,E22,"(2, 29)",58,26.0
84,Auction,E24,"(10, 83)",52,16.0
84,Auction,E25,"(47, 1)",44,22.0
84,Auction,E27,"(18, 25)",48,21.0
84,Auction,E28,"(93, 33)",38,11.0
84,Auction,E30,"(93, 41)",33,26.0
84,Auction,E32,"(41, 9)",21,16.0
84,Auction,E33,"(59, 68)",26,29.0
84,Auction,E34,"(68, 19)",23,23.0
84,Auction,E35,"(100, 48)",20,30.0
84,Auction,E36,"(95, 3)",16,11.0
84,Auction,E37,"(61, 4)",16,21.0
84,Auction,E38,"(78, 38)",13,27.0
84,Auction,E39,"(53, 80)",9,17.0
84,Auction,E40,"(88, 44)",17,22.0
84,Auction,E41,"(7, 1)",4,12.0
84,Auction,E42,"(17, 98)",10,22.0
84,Q-Learning,E20,"(47, 24)",54,16.0
84,Q-Learning,E22,"(2, 29)",58,26.0
84,Q-Learning,E24,"(10, 83)",52,16.0
84,Q-Learning,E25,"(47, 1)",44,22.0
84,Q-Learning,E26,"(84, 78)",50,16.0
84,Q-Learning,E27,"(18, 25)",48,21.0
84,Q-Learning,E29,"(18, 14)",42,12.0
84,Q-Learning,E30,"(93, 41)",33,26.0
84,Q-Learning,E31,"(55, 57)",34,10.0
84,Q-Learning,E32,"(41, 9)",21,16.0
84,Q-Learning,E33,"(59, 68)",26,29.0
84,Q-Learning,E34,"(68, 19)",23,23.0
84,Q-Learning,E35,"(100, 48)",20,30.0
84,Q-Learning,E37,"(61, 4)",16,21.0
84,Q-Learning,E38,"(78, 38)",13,27.0
84,Q-Learning,E39,"(53, 80)",9,17.0
84,Q-Learning,E40,"(88, 44)",17,22.0
84,Q-Learning,E41,"(7, 1)",4,12.0
84,Q-Learning,E42,"(17, 98)",10,22.0
85,Greedy,E20,"(47, 24)",55,16.0
85,Greedy,E21,"(94, 79)",56,20.0
85,Greedy,E22,"(2, 29)",59,26.0
85,Greedy,E24,"(10, 83)",53,16.0
85,Greedy,E25,"(47, 1)",45,22.0
85,Greedy,E26,"(84, 78)",51,16.0
85,Greedy,E27,"(18, 25)",49,21.0
85,Greedy,E29,"(18, 14)",43,12.0
85,Greedy,E30,"(93, 41)",34,26.0
85,Greedy,E31,"(55, 57)",35,10.0
85,Greedy,E32,"(41, 9)",22,16.0
85,Greedy,E33,"(59, 68)",27,29.0
85,Greedy,E34,"(68, 19)",24,23.0
85,Greedy,E35,"(100, 48)",21,30.0
85,Greedy,E36,"(95, 3)",17,11.0
85,Greedy,E37,"(61, 4)",17,21.0
85,Greedy,E38,"(78, 38)",14,27.0
85,Greedy,E39,"(53, 80)",10,17.0
85,Greedy,E40,"(88, 44)",18,22.0
85,Greedy,E41,"(7, 1)",5,12.0
85,Greedy,E42,"(17, 98)",11,22.0
85,Auction,E19,"(23, 19)",62,18.0
85,Auction,E21,"(94, 79)",56,20.0
85,Auction,E22,"(2, 29)",59,26.0
85,Auction,E24,"(10, 83)",53,16.0
85,Auction,E25,"(47, 1)",45,22.0
85,Auction,E27,"(18, 25)",49,21.0
85,Auction,E28,"(93, 33)",39,11.0
85,Auction,E30,"(93, 41)",34,26.0
85,Auction,E32,"(41, 9)",22,16.0
85,Auction,E33,"(59, 68)",27,29.0
85,Auction,E34,"(68, 19)",24,23.0
85,Auction,E35,"(100, 48)",21,30.0
85,Auction,E36,"(95, 3)",17,11.0
85,Auction,E37,"(61, 4)",17,21.0
85,Auction,E38,"(78, 38)",14,27.0
85,Auction,E39,"(53, 80)",10,17.0
85,Auction,E40,"(88, 44)",18,22.0
85,Auction,E41,"(7, 1)",5,12.0
85,Auction,E42,"(17, 98)",11,22.0
85,Q-Learning,E20,"(47, 24)",55,16.0
85,Q-Learning,E22,"(2, 29)",59,26.0
85,Q-Learning,E24,"(10, 83)",53,16.0
85,Q-Learning,E25,"(47, 1)",45,22.0
85,Q-Learning,E26,"(84, 78)",51,16.0
85,Q-Learning,E27,"(18, 25)",49,21.0
85,Q-Learning,E29,"(18, 14)",43,12.0
85,Q-Learning,E30,"(93, 41)",34,26.0
85,Q-Learning,E31,"(55, 57)",35,10.0
85,Q-Learning,E32,"(41, 9)",22,16.0
85,Q-Learning,E33,"(59, 68)",27,29.0
85,Q-Learning,E34,"(68, 19)",24,23.0
85,Q-Learning,E35,"(100, 48)",21,30.0
85,Q-Learning,E37,"(61, 4)",17,21.0
85,Q-Learning,E38,"(78, 38)",14,27.0
85,Q-Learning,E39,"(53, 80)",10,17.0
85,Q-Learning,E40,"(88, 44)",18,22.0
85,Q-Learning,E41,"(7, 1)",5,12.0
85,Q-Learning,E42,"(17, 98)",11,22.0
86,Greedy,E20,"(47, 24)",56,16.0
86,Greedy,E21,"(94, 79)",57,20.0
86,Greedy,E22,"(2, 29)",60,26.0
86,Greedy,E24,"(10, 83)",54,16.0
86,Greedy,E25,"(47, 1)",46,22.0
86,Greedy,E26,"(84, 78)",52,16.0
86,Greedy,E27,"(18, 25)",50,21.0
86,Greedy,E29,"(18, 14)",44,12.0
86,Greedy,E30,"(93, 41)",35,26.0
86,Greedy,E31,"(55, 57)",36,10.0
86,Greedy,E32,"(41, 9)",23,16.0
86,Greedy,E33,"(59, 68)",28,29.0
86,Greedy,E34,"(68, 19)",25,23.0
86,Greedy,E35,"(100, 48)",22,30.0
86,Greedy,E36,"(95, 3)",18,11.0
86,Greedy,E37,"(61, 4)",18,21.0
86,Greedy,E38,"(78, 38)",15,27.0
86,Greedy,E39,"(53, 80)",11,17.0
86,Greedy,E40,"(88, 44)",19,22.0
86,Greedy,E41,"(7, 1)",6,12.0
86,Greedy,E42,"(17, 98)",12,22.0
86,Auction,E19,"(23, 19)",63,18.0
86,Auction,E21,"(94, 79)",57,20.0
86,Auction,E22,"(2, 29)",60,26.0
86,Auction,E24,"(10, 83)",54,16.0
86,Auction,E25,"(47, 1)",46,22.0
86,Auction,E27,"(18, 25)",50,21.0
86,Auction,E28,"(93, 33)",40,11.0
86,Auction,E30,"(93, 41)",35,26.0
86,Auction,E32,"(41, 9)",23,16.0
86,Auction,E33,"(59, 68)",28,29.0
86,Auction,E34,"(68, 19)",25,23.0
86,Auction,E35,"(100, 48)",22,30.0
86,Auction,E36,"(95, 3)",18,11.0
86,Auction,E37,"(61, 4)",18,21.0
86,Auction,E38,"(78, 38)",15,27.0
86,Auction,E39,"(53, 80)",11,17.0
86,Auction,E40,"(88, 44)",19,22.0
86,Auction,E41,"(7, 1)",6,12.0
86,Auction,E42,"(17, 98)",12,22.0
86,Q-Learning,E20,"(47, 24)",56,16.0
86,Q-Learning,E22,"(2, 29)",60,26.0
86,Q-Learning,E24,"(10, 83)",54,16.0
86,Q-Learning,E25,"(47, 1)",46,22.0
86,Q-Learning,E26,"(84, 78)",52,16.0
86,Q-Learning,E27,"(18, 25)",50,21.0
86,Q-Learning,E29,"(18, 14)",44,12.0
86,Q-Learning,E30,"(93, 41)",35,26.0
86,Q-Learning,E31,"(55, 57)",36,10.0
86,Q-Learning,E32,"(41, 9)",23,16.0
86,Q-Learning,E33,"(59, 68)",28,29.0
86,Q-Learning,E34,"(68, 19)",25,23.0
86,Q-Learning,E35,"(100, 48)",22,30.0
86,Q-Learning,E37,"(61, 4)",18,21.0
86,Q-Learning,E38,"(78, 38)",15,27.0
86,Q-Learning,E39,"(53, 80)",11,17.0
86,Q-Learning,E40,"(88, 44)",19,22.0
86,Q-Learning,E41,"(7, 1)",6,12.0
86,Q-Learning,E42,"(17, 98)",12,22.0
87,Greedy,E20,"(47, 24)",57,16.0
87,Greedy,E21,"(94, 79)",58,20.0
87,Greedy,E22,"(2, 29)",61,26.0
87,Greedy,E24,"(10, 83)",55,16.0
87,Greedy,E25,"(47, 1)",47,22.0
87,Greedy,E26,"(84, 78)",53,16.0
87,Greedy,E27,"(18, 25)",51,21.0
87,Greedy,E29,"(18, 14)",45,12.0
87,Greedy,E30,"(93, 41)",36,26.0
87,Greedy,E31,"(55, 57)",37,10.0
87,Greedy,E32,"(41, 9)",24,16.0
87,Greedy,E33,"(59, 68)",29,29.0
87,Greedy,E34,"(68, 19)",26,23.0
87,Greedy,E35,"(100, 48)",23,30.0
87,Greedy,E36,"(95, 3)",19,11.0
87,Greedy,E37,"(61, 4)",19,21.0
87,Greedy,E38,"(78, 38)",16,27.0
87,Greedy,E39,"(53, 80)",12,17.0
87,Greedy,E40,"(88, 44)",20,22.0
87,Greedy,E41,"(7, 1)",7,12.0
87,Greedy,E42,"(17, 98)",13,22.0
87,Greedy,E43,"(80, 55)",9,23.0
87,Auction,E19,"(23, 19)",64,18.0
87,Auction,E21,"(94, 79)",58,20.0
87,Auction,E22,"(2, 29)",61,26.0
87,Auction,E24,"(10, 83)",55,16.0
87,Auction,E25,"(47, 1)",47,22.0
87,Auction,E27,"(18, 25)",51,21.0
87,Auction,E28,"(93, 33)",41,11.0
87,Auction,E30,"(93, 41)",36,26.0
87,Auction,E32,"(41, 9)",24,16.0
87,Auction,E33,"(59, 68)",29,29.0
87,Auction,E34,"(68, 19)",26,23.0
87,Auction,E35,"(100, 48)",23,30.0
87,Auction,E36,"(95, 3)",19,11.0
87,Auction,E37,"(61, 4)",19,21.0
87,Auction,E38,"(78, 38)",16,27.0
87,Auction,E39,"(53, 80)",12,17.0
87,Auction,E40,"(88, 44)",20,22.0
87,Auction,E41,"(7, 1)",7,12.0
87,Auction,E42,"(17, 98)",13,22.0
87,Auction,E43,"(80, 55)",9,23.0
87,Q-Learning,E20,"(47, 24)",57,16.0
87,Q-Learning,E22,"(2, 29)",61,26.0
87,Q-Learning,E24,"(10, 83)",55,16.0
87,Q-Learning,E25,"(47, 1)",47,22.0
87,Q-Learning,E26,"(84, 78)",53,16.0
87,Q-Learning,E27,"(18, 25)",51,21.0
87,Q-Learning,E29,"(18, 14)",45,12.0
87,Q-Learning,E30,"(93, 41)",36,26.0
87,Q-Learning,E31,"(55, 57)",37,10.0
87,Q-Learning,E32,"(41, 9)",24,16.0
87,Q-Learning,E33,"(59, 68)",29,29.0
87,Q-Learning,E34,"(68, 19)",26,23.0
87,Q-Learning,E35,"(100, 48)",23,30.0
87,Q-Learning,E37,"(61, 4)",19,21.0
87,Q-Learning,E38,"(78, 38)",16,27.0
87,Q-Learning,E39,"(53, 80)",12,17.0
87,Q-Learning,E40,"(88, 44)",20,22.0
87,Q-Learning,E41,"(7, 1)",7,12.0
87,Q-Learning,E42,"(17, 98)",13,22.0
87,Q-Learning,E43,"(80, 55)",9,23.0
88,Greedy,E20,"(47, 24)",58,16.0
88,Greedy,E21,"(94, 79)",59,20.0
88,Greedy,E22,"(2, 29)",62,26.0
88,Greedy,E24,"(10, 83)",56,16.0
88,Greedy,E25,"(47, 1)",48,22.0
88,Greedy,E26,"(84, 78)",54,16.0
88,Greedy,E27,"(18, 25)",52,21.0
88,Greedy,E29,"(18, 14)",46,12.0
88,Greedy,E30,"(93, 41)",37,26.0
88,Greedy,E31,"(55, 57)",38,10.0
88,Greedy,E32,"(41, 9)",25,16.0
88,Greedy,E33,"(59, 68)",30,29.0
88,Greedy,E34,"(68, 19)",27,23.0
88,Greedy,E35,"(100, 48)",24,30.0
88,Greedy,E36,"(95, 3)",20,11.0
88,Greedy,E37,"(61, 4)",20,21.0
88,Greedy,E38,"(78, 38)",17,27.0
88,Greedy,E39,"(53, 80)",13,17.0
88,Greedy,E40,"(88, 44)",21,22.0
88,Greedy,E41,"(7, 1)",8,12.0
88,Greedy,E42,"(17, 98)",14,22.0
88,Greedy,E43,"(80, 55)",10,23.0
88,Greedy,E44,"(81, 86)",9,18.0
88,Auction,E19,"(23, 19)",65,18.0
88,Auction,E21,"(94, 79)",59,20.0
88,Auction,E22,"(2, 29)",62,26.0
88,Auction,E24,"(10, 83)",56,16.0
88,Auction,E25,"(47, 1)",48,22.0
88,Auction,E27,"(18, 25)",52,21.0
88,Auction,E28,"(93, 33)",42,11.0
88,Auction,E30,"(93, 41)",37,26.0
88,Auction,E32,"(41, 9)",25,16.0
88,Auction,E33,"(59, 68)",30,29.0
88,Auction,E34,"(68, 19)",27,23.0
88,Auction,E35,"(100, 48)",24,30.0
88,Auction,E36,"(95, 3)",20,11.0
88,Auction,E37,"(61, 4)",20,21.0
88,Auction,E38,"(78, 38)",17,27.0
88,Auction,E39,"(53, 80)",13,17.0
88,Auction,E40,"(88, 44)",21,22.0
88,Auction,E41,"(7, 1)",8,12.0
88,Auction,E42,"(17, 98)",14,22.0
88,Auction,E43,"(80, 55)",10,23.0
88,Auction,E44,"(81, 86)",9,18.0
88,Q-Learning,E20,"(47, 24)",58,16.0
88,Q-Learning,E22,"(2, 29)",62,26.0
88,Q-Learning,E24,"(10, 83)",56,16.0
88,Q-Learning,E25,"(47, 1)",48,22.0
88,Q-Learning,E26,"(84, 78)",54,16.0
88,Q-Learning,E27,"(18, 25)",52,21.0
88,Q-Learning,E29,"(18, 14)",46,12.0
88,Q-Learning,E30,"(93, 41)",37,26.0
88,Q-Learning,E31,"(55, 57)",38,10.0
88,Q-Learning,E32,"(41, 9)",25,16.0
88,Q-Learning,E33,"(59, 68)",30,29.0
88,Q-Learning,E34,"(68, 19)",27,23.0
88,Q-Learning,E35,"(100, 48)",24,30.0
88,Q-Learning,E37,"(61, 4)",20,21.0
88,Q-Learning,E38,"(78, 38)",17,27.0
88,Q-Learning,E39,"(53, 80)",13,17.0
88,Q-Learning,E40,"(88, 44)",21,22.0
88,Q-Learning,E41,"(7, 1)",8,12.0
88,Q-Learning,E42,"(17, 98)",14,22.0
88,Q-Learning,E43,"(80, 55)",10,23.0
88,Q-Learning,E44,"(81, 86)",9,18.0
89,Greedy,E20,"(47, 24)",59,16.0
89,Greedy,E21,"(94, 79)",60,20.0
89,Greedy,E22,"(2, 29)",63,26.0
89,Greedy,E24,"(10, 83)",57,16.0
89,Greedy,E25,"(47, 1)",49,22.0
89,Greedy,E26,"(84, 78)",55,16.0
89,Greedy,E27,"(18, 25)",53,21.0
89,Greedy,E29,"(18, 14)",47,12.0
89,Greedy,E30,"(93, 41)",38,26.0
89,Greedy,E31,"(55, 57)",39,10.0
89,Greedy,E32,"(41, 9)",26,16.0
89,Greedy,E33,"(59, 68)",31,29.0
89,Greedy,E34,"(68, 19)",28,23.0
89,Greedy,E35,"(100, 48)",25,30.0
89,Greedy,E36,"(95, 3)",21,11.0
89,Greedy,E37,"(61, 4)",21,21.0
89,Greedy,E38,"(78, 38)",18,27.0
89,Greedy,E39,"(53, 80)",14,17.0
89,Greedy,E40,"(88, 44)",22,22.0
89,Greedy,E41,"(7, 1)",9,12.0
89,Greedy,E42,"(17, 98)",15,22.0
89,Greedy,E43,"(80, 55)",11,23.0
89,Greedy,E44,"(81, 86)",10,18.0
89,Greedy,E45,"(33, 79)",6,15.0
89,Auction,E19,"(23, 19)",66,18.0
89,Auction,E21,"(94, 79)",60,20.0
89,Auction,E22,"(2, 29)",63,26.0
89,Auction,E24,"(10, 83)",57,16.0
89,Auction,E25,"(47, 1)",49,22.0
89,Auction,E27,"(18, 25)",53,21.0
89,Auction,E28,"(93, 33)",43,11.0
89,Auction,E30,"(93, 41)",38,26.0
89,Auction,E32,"(41, 9)",26,16.0
89,Auction,E33,"(59, 68)",31,29.0
89,Auction,E34,"(68, 19)",28,23.0
89,Auction,E35,"(100, 48)",25,30.0
89,Auction,E36,"(95, 3)",21,11.0
89,Auction,E37,"(61, 4)",21,21.0
89,Auction,E38,"(78, 38)",18,27.0
89,Auction,E39,"(53, 80)",14,17.0
89,Auction,E40,"(88, 44)",22,22.0
89,Auction,E41,"(7, 1)",9,12.0
89,Auction,E42,"(17, 98)",15,22.0
89,Auction,E43,"(80, 55)",11,23.0
89,Auction,E44,"(81, 86)",10,18.0
89,Auction,E45,"(33, 79)",6,15.0
89,Q-Learning,E20,"(47, 24)",59,16.0
89,Q-Learning,E22,"(2, 29)",63,26.0
89,Q-Learning,E24,"(10, 83)",57,16.0
89,Q-Learning,E25,"(47, 1)",49,22.0
89,Q-Learning,E26,"(84, 78)",55,16.0
89,Q-Learning,E27,"(18, 25)",53,21.0
89,Q-Learning,E29,"(18, 14)",47,12.0
89,Q-Learning,E30,"(93, 41)",38,26.0
89,Q-Learning,E31,"(55, 57)",39,10.0
89,Q-Learning,E32,"(41, 9)",26,16.0
89,Q-Learning,E33,"(59, 68)",31,29.0
89,Q-Learning,E34,"(68, 19)",28,23.0
89,Q-Learning,E35,"(100, 48)",25,30.0
89,Q-Learning,E37,"(61, 4)",21,21.0
89,Q-Learning,E38,"(78, 38)",18,27.0
89,Q-Learning,E39,"(53, 80)",14,17.0
89,Q-Learning,E40,"(88, 44)",22,22.0
89,Q-Learning,E41,"(7, 1)",9,12.0
89,Q-Learning,E42,"(17, 98)",15,22.0
89,Q-Learning,E43,"(80, 55)",11,23.0
89,Q-Learning,E44,"(81, 86)",10,18.0
89,Q-Learning,E45,"(33, 79)",6,15.0
90,Greedy,E20,"(47, 24)",60,16.0
90,Greedy,E21,"(94, 79)",61,20.0
90,Greedy,E22,"(2, 29)",64,26.0
90,Greedy,E24,"(10, 83)",58,16.0
90,Greedy,E25,"(47, 1)",50,22.0
90,Greedy,E26,"(84, 78)",56,16.0
90,Greedy,E27,"(18, 25)",54,21.0
90,Greedy,E29,"(18, 14)",48,12.0
90,Greedy,E30,"(93, 41)",39,26.0
90,Greedy,E31,"(55, 57)",40,10.0
90,Greedy,E32,"(41, 9)",27,16.0
90,Greedy,E33,"(59, 68)",32,29.0
90,Greedy,E34,"(68, 19)",29,23.0
90,Greedy,E35,"(100, 48)",26,30.0
90,Greedy,E36,"(95, 3)",22,11.0
90,Greedy,E37,"(61, 4)",22,21.0
90,Greedy,E38,"(78, 38)",19,27.0
90,Greedy,E39,"(53, 80)",15,17.0
90,Greedy,E40,"(88, 44)",23,22.0
90,Greedy,E41,"(7, 1)",10,12.0
90,Greedy,E42,"(17, 98)",16,22.0
90,Greedy,E43,"(80, 55)",12,23.0
90,Greedy,E44,"(81, 86)",11,18.0
90,Greedy,E45,"(33, 79)",7,15.0
90,Greedy,E46,"(23, 9)",5,21.0
90,Auction,E19,"(23, 19)",67,18.0
90,Auction,E21,"(94, 79)",61,20.0
90,Auction,E22,"(2, 29)",64,26.0
90,Auction,E24,"(10, 83)",58,16.0
90,Auction,E25,"(47, 1)",50,22.0
90,Auction,E27,"(18, 25)",54,21.0
90,Auction,E28,"(93, 33)",44,11.0
90,Auction,E30,"(93, 41)",39,26.0
90,Auction,E32,"(41, 9)",27,16.0
90,Auction,E33,"(59, 68)",32,29.0
90,Auction,E34,"(68, 19)",29,23.0
90,Auction,E35,"(100, 48)",26,30.0
90,Auction,E36,"(95, 3)",22,11.0
90,Auction,E37,"(61, 4)",22,21.0
90,Auction,E38,"(78, 38)",19,27.0
90,Auction,E39,"(53, 80)",15,17.0
90,Auction,E40,"(88, 44)",23,22.0
90,Auction,E41,"(7, 1)",10,12.0
90,Auction,E42,"(17, 98)",16,22.0
90,Auction,E43,"(80, 55)",12,23.0
90,Auction,E44,"(81, 86)",11,18.0
90,Auction,E45,"(33, 79)",7,15.0
90,Auction,E46,"(23, 9)",5,21.0
90,Q-Learning,E20,"(47, 24)",60,16.0
90,Q-Learning,E22,"(2, 29)",64,26.0
90,Q-Learning,E24,"(10, 83)",58,16.0
90,Q-Learning,E25,"(47, 1)",50,22.0
90,Q-Learning,E26,"(84, 78)",56,16.0
90,Q-Learning,E27,"(18, 25)",54,21.0
90,Q-Learning,E29,"(18, 14)",48,12.0
90,Q-Learning,E30,"(93, 41)",39,26.0
90,Q-Learning,E31,"(55, 57)",40,10.0
90,Q-Learning,E32,"(41, 9)",27,16.0
90,Q-Learning,E33,"(59, 68)",32,29.0
90,Q-Learning,E34,"(68, 19)",29,23.0
90,Q-Learning,E35,"(100, 48)",26,30.0
90,Q-Learning,E37,"(61, 4)",22,21.0
90,Q-Learning,E38,"(78, 38)",19,27.0
90,Q-Learning,E39,"(53, 80)",15,17.0
90,Q-Learning,E40,"(88, 44)",23,22.0
90,Q-Learning,E41,"(7, 1)",10,12.0
90,Q-Learning,E42,"(17, 98)",16,22.0
90,Q-Learning,E43,"(80, 55)",12,23.0
90,Q-Learning,E44,"(81, 86)",11,18.0
90,Q-Learning,E45,"(33, 79)",7,15.0
90,Q-Learning,E46,"(23, 9)",5,21.0
91,Greedy,E20,"(47, 24)",61,16.0
91,Greedy,E21,"(94, 79)",62,20.0
91,Greedy,E22,"(2, 29)",65,26.0
91,Greedy,E24,"(10, 83)",59,16.0
91,Greedy,E25,"(47, 1)",51,22.0
91,Greedy,E26,"(84, 78)",57,16.0
91,Greedy,E27,"(18, 25)",55,21.0
91,Greedy,E29,"(18, 14)",49,12.0
91,Greedy,E30,"(93, 41)",40,26.0
91,Greedy,E31,"(55, 57)",41,10.0
91,Greedy,E32,"(41, 9)",28,16.0
91,Greedy,E33,"(59, 68)",33,29.0
91,Greedy,E34,"(68, 19)",30,23.0
91,Greedy,E35,"(100, 48)",27,30.0
91,Greedy,E36,"(95, 3)",23,11.0
91,Greedy,E37,"(61, 4)",23,21.0
91,Greedy,E38,"(78, 38)",20,27.0
91,Greedy,E39,"(53, 80)",16,17.0
91,Greedy,E40,"(88, 44)",24,22.0
91,Greedy,E41,"(7, 1)",11,12.0
91,Greedy,E42,"(17, 98)",17,22.0
91,Greedy,E43,"(80, 55)",13,23.0
91,Greedy,E44,"(81, 86)",12,18.0
91,Greedy,E45,"(33, 79)",8,15.0
91,Greedy,E46,"(23, 9)",6,21.0
91,Greedy,E47,"(5, 25)",3,11.0
91,Auction,E19,"(23, 19)",68,18.0
91,Auction,E21,"(94, 79)",62,20.0
91,Auction,E22,"(2, 29)",65,26.0
91,Auction,E24,"(10, 83)",59,16.0
91,Auction,E25,"(47, 1)",51,22.0
91,Auction,E27,"(18, 25)",55,21.0
91,Auction,E28,"(93, 33)",45,11.0
91,Auction,E30,"(93, 41)",40,26.0
91,Auction,E32,"(41, 9)",28,16.0
91,Auction,E33,"(59, 68)",33,29.0
91,Auction,E34,"(68, 19)",30,23.0
91,Auction,E35,"(100, 48)",27,30.0
91,Auction,E36,"(95, 3)",23,11.0
91,Auction,E37,"(61, 4)",23,21.0
91,Auction,E38,"(78, 38)",20,27.0
91,Auction,E39,"(53, 80)",16,17.0
91,Auction,E40,"(88, 44)",24,22.0
91,Auction,E41,"(7, 1)",11,12.0
91,Auction,E42,"(17, 98)",17,22.0
91,Auction,E43,"(80, 55)",13,23.0
91,Auction,E44,"(81, 86)",12,18.0
91,Auction,E45,"(33, 79)",8,15.0
91,Auction,E46,"(23, 9)",6,21.0
91,Auction,E47,"(5, 25)",3,11.0
91,Q-Learning,E20,"(47, 24)",61,16.0
91,Q-Learning,E22,"(2, 29)",65,26.0
91,Q-Learning,E24,"(10, 83)",59,16.0
91,Q-Learning,E25,"(47, 1)",51,22.0
91,Q-Learning,E26,"(84, 78)",57,16.0
91,Q-Learning,E27,"(18, 25)",55,21.0
91,Q-Learning,E29,"(18, 14)",49,12.0
91,Q-Learning,E30,"(93, 41)",40,26.0
91,Q-Learning,E31,"(55, 57)",41,10.0
91,Q-Learning,E32,"(41, 9)",28,16.0
91,Q-Learning,E33,"(59, 68)",33,29.0
91,Q-Learning,E34,"(68, 19)",30,23.0
91,Q-Learning,E35,"(100, 48)",27,30.0
91,Q-Learning,E37,"(61, 4)",23,21.0
91,Q-Learning,E38,"(78, 38)",20,27.0
91,Q-Learning,E39,"(53, 80)",16,17.0
91,Q-Learning,E40,"(88, 44)",24,22.0
91,Q-Learning,E41,"(7, 1)",11,12.0
91,Q-Learning,E42,"(17, 98)",17,22.0
91,Q-Learning,E43,"(80, 55)",13,23.0
91,Q-Learning,E44,"(81, 86)",12,18.0
91,Q-Learning,E45,"(33, 79)",8,15.0
91,Q-Learning,E46,"(23, 9)",6,21.0
91,Q-Learning,E47,"(5, 25)",3,11.0
92,Greedy,E20,"(47, 24)",62,16.0
92,Greedy,E21,"(94, 79)",63,20.0
92,Greedy,E22,"(2, 29)",66,26.0
92,Greedy,E24,"(10, 83)",60,16.0
92,Greedy,E25,"(47, 1)",52,22.0
92,Greedy,E26,"(84, 78)",58,16.0
92,Greedy,E27,"(18, 25)",56,21.0
92,Greedy,E29,"(18, 14)",50,12.0
92,Greedy,E30,"(93, 41)",41,26.0
92,Greedy,E31,"(55, 57)",42,10.0
92,Greedy,E32,"(41, 9)",29,16.0
92,Greedy,E33,"(59, 68)",34,29.0
92,Greedy,E34,"(68, 19)",31,23.0
92,Greedy,E35,"(100, 48)",28,30.0
92,Greedy,E36,"(95, 3)",24,11.0
92,Greedy,E37,"(61, 4)",24,21.0
92,Greedy,E38,"(78, 38)",21,27.0
92,Greedy,E39,"(53, 80)",17,17.0
92,Greedy,E40,"(88, 44)",25,22.0
92,Greedy,E41,"(7, 1)",12,12.0
92,Greedy,E42,"(17, 98)",18,22.0
92,Greedy,E43,"(80, 55)",14,23.0
92,Greedy,E44,"(81, 86)",13,18.0
92,Greedy,E45,"(33, 79)",9,15.0
92,Greedy,E46,"(23, 9)",7,21.0
92,Greedy,E47,"(5, 25)",4,11.0
92,Greedy,E48,"(88, 12)",8,20.0
92,Auction,E19,"(23, 19)",69,18.0
92,Auction,E21,"(94, 79)",63,20.0
92,Auction,E22,"(2, 29)",66,26.0
92,Auction,E24,"(10, 83)",60,16.0
92,Auction,E25,"(47, 1)",52,22.0
92,Auction,E27,"(18, 25)",56,21.0
92,Auction,E28,"(93, 33)",46,11.0
92,Auction,E30,"(93, 41)",41,26.0
92,Auction,E32,"(41, 9)",29,16.0
92,Auction,E33,"(59, 68)",34,29.0
92,Auction,E34,"(68, 19)",31,23.0
92,Auction,E35,"(100, 48)",28,30.0
92,Auction,E36,"(95, 3)",24,11.0
92,Auction,E37,"(61, 4)",24,21.0
92,Auction,E38,"(78, 38)",21,27.0
92,Auction,E39,"(53, 80)",17,17.0
92,Auction,E40,"(88, 44)",25,22.0
92,Auction,E41,"(7, 1)",12,12.0
92,Auction,E42,"(17, 98)",18,22.0
92,Auction,E43,"(80, 55)",14,23.0
92,Auction,E44,"(81, 86)",13,18.0
92,Auction,E45,"(33, 79)",9,15.0
92,Auction,E46,"(23, 9)",7,21.0
92,Auction,E47,"(5, 25)",4,11.0
92,Auction,E48,"(88, 12)",8,20.0
92,Q-Learning,E20,"(47, 24)",62,16.0
92,Q-Learning,E22,"(2, 29)",66,26.0
92,Q-Learning,E24,"(10, 83)",60,16.0
92,Q-Learning,E25,"(47, 1)",52,22.0
92,Q-Learning,E26,"(84, 78)",58,16.0
92,Q-Learning,E27,"(18, 25)",56,21.0
92,Q-Learning,E29,"(18, 14)",50,12.0
92,Q-Learning,E30,"(93, 41)",41,26.0
92,Q-Learning,E31,"(55, 57)",42,10.0
92,Q-Learning,E32,"(41, 9)",29,16.0
92,Q-Learning,E33,"(59, 68)",34,29.0
92,Q-Learning,E34,"(68, 19)",31,23.0
92,Q-Learning,E35,"(100, 48)",28,30.0
92,Q-Learning,E37,"(61, 4)",24,21.0
92,Q-Learning,E38,"(78, 38)",21,27.0
92,Q-Learning,E39,"(53, 80)",17,17.0
92,Q-Learning,E40,"(88, 44)",25,22.0
92,Q-Learning,E41,"(7, 1)",12,12.0
92,Q-Learning,E42,"(17, 98)",18,22.0
92,Q-Learning,E43,"(80, 55)",14,23.0
92,Q-Learning,E44,"(81, 86)",13,18.0
92,Q-Learning,E45,"(33, 79)",9,15.0
92,Q-Learning,E46,"(23, 9)",7,21.0
92,Q-Learning,E47,"(5, 25)",4,11.0
92,Q-Learning,E48,"(88, 12)",8,20.0
93,Greedy,E20,"(47, 24)",63,16.0
93,Greedy,E21,"(94, 79)",64,20.0
93,Greedy,E22,"(2, 29)",67,26.0
93,Greedy,E24,"(10, 83)",61,16.0
93,Greedy,E25,"(47, 1)",53,22.0
93,Greedy,E26,"(84, 78)",59,16.0
93,Greedy,E27,"(18, 25)",57,21.0
93,Greedy,E29,"(18, 14)",51,12.0
93,Greedy,E30,"(93, 41)",42,26.0
93,Greedy,E31,"(55, 57)",43,10.0
93,Greedy,E32,"(41, 9)",30,16.0
93,Greedy,E33,"(59, 68)",35,29.0
93,Greedy,E34,"(68, 19)",32,23.0
93,Greedy,E35,"(100, 48)",29,30.0
93,Greedy,E36,"(95, 3)",25,11.0
93,Greedy,E37,"(61, 4)",25,21.0
93,Greedy,E38,"(78, 38)",22,27.0
93,Greedy,E39,"(53, 80)",18,17.0
93,Greedy,E40,"(88, 44)",26,22.0
93,Greedy,E41,"(7, 1)",13,12.0
93,Greedy,E42,"(17, 98)",19,22.0
93,Greedy,E43,"(80, 55)",15,23.0
93,Greedy,E44,"(81, 86)",14,18.0
93,Greedy,E45,"(33, 79)",10,15.0
93,Greedy,E46,"(23, 9)",8,21.0
93,Greedy,E47,"(5, 25)",5,11.0
93,Greedy,E48,"(88, 12)",9,20.0
93,Greedy,E49,"(95, 65)",7,22.0
93,Auction,E19,"(23, 19)",70,18.0
93,Auction,E21,"(94, 79)",64,20.0
93,Auction,E22,"(2, 29)",67,26.0
93,Auction,E24,"(10, 83)",61,16.0
93,Auction,E25,"(47, 1)",53,22.0
93,Auction,E27,"(18, 25)",57,21.0
93,Auction,E28,"(93, 33)",47,11.0
93,Auction,E30,"(93, 41)",42,26.0
93,Auction,E32,"(41, 9)",30,16.0
93,Auction,E33,"(59, 68)",35,29.0
93,Auction,E34,"(68, 19)",32,23.0
93,Auction,E35,"(100, 48)",29,30.0
93,Auction,E36,"(95, 3)",25,11.0
93,Auction,E37,"(61, 4)",25,21.0
93,Auction,E38,"(78, 38)",22,27.0
93,Auction,E39,"(53, 80)",18,17.0
93,Auction,E40,"(88, 44)",26,22.0
93,Auction,E41,"(7, 1)",13,12.0
93,Auction,E42,"(17, 98)",19,22.0
93,Auction,E43,"(80, 55)",15,23.0
93,Auction,E44,"(81, 86)",14,18.0
93,Auction,E45,"(33, 79)",10,15.0
93,Auction,E46,"(23, 9)",8,21.0
93,Auction,E47,"(5, 25)",5,11.0
93,Auction,E48,"(88, 12)",9,20.0
93,Auction,E49,"(95, 65)",7,22.0
93,Q-Learning,E20,"(47, 24)",63,16.0
93,Q-Learning,E22,"(2, 29)",67,26.0
93,Q-Learning,E24,"(10, 83)",61,16.0
93,Q-Learning,E25,"(47, 1)",53,22.0
93,Q-Learning,E26,"(84, 78)",59,16.0
93,Q-Learning,E27,"(18, 25)",57,21.0
93,Q-Learning,E29,"(18, 14)",51,12.0
93,Q-Learning,E30,"(93, 41)",42,26.0
93,Q-Learning,E31,"(55, 57)",43,10.0
93,Q-Learning,E32,"(41, 9)",30,16.0
93,Q-Learning,E33,"(59, 68)",35,29.0
93,Q-Learning,E34,"(68, 19)",32,23.0
93,Q-Learning,E35,"(100, 48)",29,30.0
93,Q-Learning,E37,"(61, 4)",25,21.0
93,Q-Learning,E38,"(78, 38)",22,27.0
93,Q-Learning,E39,"(53, 80)",18,17.0
93,Q-Learning,E40,"(88, 44)",26,22.0
93,Q-Learning,E41,"(7, 1)",13,12.0
93,Q-Learning,E42,"(17, 98)",19,22.0
93,Q-Learning,E43,"(80, 55)",15,23.0
93,Q-Learning,E44,"(81, 86)",14,18.0
93,Q-Learning,E45,"(33, 79)",10,15.0
93,Q-Learning,E46,"(23, 9)",8,21.0
93,Q-Learning,E47,"(5, 25)",5,11.0
93,Q-Learning,E48,"(88, 12)",9,20.0
93,Q-Learning,E49,"(95, 65)",7,22.0
94,Greedy,E20,"(47, 24)",64,16.0
94,Greedy,E21,"(94, 79)",65,20.0
94,Greedy,E22,"(2, 29)",68,26.0
94,Greedy,E24,"(10, 83)",62,16.0
94,Greedy,E25,"(47, 1)",54,22.0
94,Greedy,E26,"(84, 78)",60,16.0
94,Greedy,E27,"(18, 25)",58,21.0
94,Greedy,E29,"(18, 14)",52,12.0
94,Greedy,E30,"(93, 41)",43,26.0
94,Greedy,E31,"(55, 57)",44,10.0
94,Greedy,E32,"(41, 9)",31,16.0
94,Greedy,E33,"(59, 68)",36,29.0
94,Greedy,E34,"(68, 19)",33,23.0
94,Greedy,E35,"(100, 48)",30,30.0
94,Greedy,E36,"(95, 3)",26,11.0
94,Greedy,E37,"(61, 4)",26,21.0
94,Greedy,E38,"(78, 38)",23,27.0
94,Greedy,E39,"(53, 80)",19,17.0
94,Greedy,E40,"(88, 44)",27,22.0
94,Greedy,E41,"(7, 1)",14,12.0
94,Greedy,E42,"(17, 98)",20,22.0
94,Greedy,E43,"(80, 55)",16,23.0
94,Greedy,E44,"(81, 86)",15,18.0
94,Greedy,E45,"(33, 79)",11,15.0
94,Greedy,E46,"(23, 9)",9,21.0
94,Greedy,E47,"(5, 25)",6,11.0
94,Greedy,E48,"(88, 12)",10,20.0
94,Greedy,E49,"(95, 65)",8,22.0
94,Greedy,E50,"(97, 70)",7,24.0
94,Auction,E19,"(23, 19)",71,18.0
94,Auction,E21,"(94, 79)",65,20.0
94,Auction,E22,"(2, 29)",68,26.0
94,Auction,E24,"(10, 83)",62,16.0
94,Auction,E25,"(47, 1)",54,22.0
94,Auction,E27,"(18, 25)",58,21.0
94,Auction,E28,"(93, 33)",48,11.0
94,Auction,E30,"(93, 41)",43,26.0
94,Auction,E32,"(41, 9)",31,16.0
94,Auction,E33,"(59, 68)",36,29.0
94,Auction,E34,"(68, 19)",33,23.0
94,Auction,E35,"(100, 48)",30,30.0
94,Auction,E36,"(95, 3)",26,11.0
94,Auction,E37,"(61, 4)",26,21.0
94,Auction,E38,"(78, 38)",23,27.0
94,Auction,E39,"(53, 80)",19,17.0
94,Auction,E40,"(88, 44)",27,22.0
94,Auction,E41,"(7, 1)",14,12.0
94,Auction,E42,"(17, 98)",20,22.0
94,Auction,E43,"(80, 55)",16,23.0
94,Auction,E44,"(81, 86)",15,18.0
94,Auction,E45,"(33, 79)",11,15.0
94,Auction,E46,"(23, 9)",9,21.0
94,Auction,E47,"(5, 25)",6,11.0
94,Auction,E48,"(88, 12)",10,20.0
94,Auction,E49,"(95, 65)",8,22.0
94,Auction,E50,"(97, 70)",7,24.0
94,Q-Learning,E20,"(47, 24)",64,16.0
94,Q-Learning,E22,"(2, 29)",68,26.0
94,Q-Learning,E24,"(10, 83)",62,16.0
94,Q-Learning,E25,"(47, 1)",54,22.0
94,Q-Learning,E26,"(84, 78)",60,16.0
94,Q-Learning,E27,"(18, 25)",58,21.0
94,Q-Learning,E29,"(18, 14)",52,12.0
94,Q-Learning,E30,"(93, 41)",43,26.0
94,Q-Learning,E31,"(55, 57)",44,10.0
94,Q-Learning,E32,"(41, 9)",31,16.0
94,Q-Learning,E33,"(59, 68)",36,29.0
94,Q-Learning,E34,"(68, 19)",33,23.0
94,Q-Learning,E35,"(100, 48)",30,30.0
94,Q-Learning,E37,"(61, 4)",26,21.0
94,Q-Learning,E38,"(78, 38)",23,27.0
94,Q-Learning,E39,"(53, 80)",19,17.0
94,Q-Learning,E40,"(88, 44)",27,22.0
94,Q-Learning,E41,"(7, 1)",14,12.0
94,Q-Learning,E42,"(17, 98)",20,22.0
94,Q-Learning,E43,"(80, 55)",16,23.0
94,Q-Learning,E44,"(81, 86)",15,18.0
94,Q-Learning,E45,"(33, 79)",11,15.0
94,Q-Learning,E46,"(23, 9)",9,21.0
94,Q-Learning,E47,"(5, 25)",6,11.0
94,Q-Learning,E48,"(88, 12)",10,20.0
94,Q-Learning,E49,"(95, 65)",8,22.0
94,Q-Learning,E50,"(97, 70)",7,24.0
95,Greedy,E20,"(47, 24)",65,16.0
95,Greedy,E21,"(94, 79)",66,20.0
95,Greedy,E22,"(2, 29)",69,26.0
95,Greedy,E24,"(10, 83)",63,16.0
95,Greedy,E25,"(47, 1)",55,22.0
95,Greedy,E26,"(84, 78)",61,16.0
95,Greedy,E27,"(18, 25)",59,21.0
95,Greedy,E29,"(18, 14)",53,12.0
95,Greedy,E30,"(93, 41)",44,26.0
95,Greedy,E31,"(55, 57)",45,10.0
95,Greedy,E32,"(41, 9)",32,16.0
95,Greedy,E33,"(59, 68)",37,29.0
95,Greedy,E34,"(68, 19)",34,23.0
95,Greedy,E35,"(100, 48)",31,30.0
95,Greedy,E36,"(95, 3)",27,11.0
95,Greedy,E37,"(61, 4)",27,21.0
95,Greedy,E38,"(78, 38)",24,27.0
95,Greedy,E39,"(53, 80)",20,17.0
95,Greedy,E40,"(88, 44)",28,22.0
95,Greedy,E41,"(7, 1)",15,12.0
95,Greedy,E42,"(17, 98)",21,22.0
95,Greedy,E43,"(80, 55)",17,23.0
95,Greedy,E44,"(81, 86)",16,18.0
95,Greedy,E45,"(33, 79)",12,15.0
95,Greedy,E46,"(23, 9)",10,21.0
95,Greedy,E47,"(5, 25)",7,11.0
95,Greedy,E48,"(88, 12)",11,20.0
95,Greedy,E49,"(95, 65)",9,22.0
95,Greedy,E50,"(97, 70)",8,24.0
95,Greedy,E51,"(38, 94)",5,13.0
95,Auction,E19,"(23, 19)",72,18.0
95,Auction,E21,"(94, 79)",66,20.0
95,Auction,E22,"(2, 29)",69,26.0
95,Auction,E24,"(10, 83)",63,16.0
95,Auction,E25,"(47, 1)",55,22.0
95,Auction,E27,"(18, 25)",59,21.0
95,Auction,E28,"(93, 33)",49,11.0
95,Auction,E30,"(93, 41)",44,26.0
95,Auction,E32,"(41, 9)",32,16.0
95,Auction,E33,"(59, 68)",37,29.0
95,Auction,E34,"(68, 19)",34,23.0
95,Auction,E35,"(100, 48)",31,30.0
95,Auction,E36,"(95, 3)",27,11.0
95,Auction,E37,"(61, 4)",27,21.0
95,Auction,E38,"(78, 38)",24,27.0
95,Auction,E39,"(53, 80)",20,17.0
95,Auction,E40,"(88, 44)",28,22.0
95,Auction,E41,"(7, 1)",15,12.0
95,Auction,E42,"(17, 98)",21,22.0
95,Auction,E43,"(80, 55)",17,23.0
95,Auction,E44,"(81, 86)",16,18.0
95,Auction,E45,"(33, 79)",12,15.0
95,Auction,E46,"(23, 9)",10,21.0
95,Auction,E47,"(5, 25)",7,11.0
95,Auction,E48,"(88, 12)",11,20.0
95,Auction,E49,"(95, 65)",9,22.0
95,Auction,E50,"(97, 70)",8,24.0
95,Auction,E51,"(38, 94)",5,13.0
95,Q-Learning,E20,"(47, 24)",65,16.0
95,Q-Learning,E22,"(2, 29)",69,26.0
95,Q-Learning,E24,"(10, 83)",63,16.0
95,Q-Learning,E25,"(47, 1)",55,22.0
95,Q-Learning,E26,"(84, 78)",61,16.0
95,Q-Learning,E27,"(18, 25)",59,21.0
95,Q-Learning,E29,"(18, 14)",53,12.0
95,Q-Learning,E30,"(93, 41)",44,26.0
95,Q-Learning,E31,"(55, 57)",45,10.0
95,Q-Learning,E32,"(41, 9)",32,16.0
95,Q-Learning,E33,"(59, 68)",37,29.0
95,Q-Learning,E34,"(68, 19)",34,23.0
95,Q-Learning,E35,"(100, 48)",31,30.0
95,Q-Learning,E37,"(61, 4)",27,21.0
95,Q-Learning,E38,"(78, 38)",24,27.0
95,Q-Learning,E39,"(53, 80)",20,17.0
95,Q-Learning,E40,"(88, 44)",28,22.0
95,Q-Learning,E41,"(7, 1)",15,12.0
95,Q-Learning,E42,"(17, 98)",21,22.0
95,Q-Learning,E43,"(80, 55)",17,23.0
95,Q-Learning,E44,"(81, 86)",16,18.0
95,Q-Learning,E45,"(33, 79)",12,15.0
95,Q-Learning,E46,"(23, 9)",10,21.0
95,Q-Learning,E47,"(5, 25)",7,11.0
95,Q-Learning,E48,"(88, 12)",11,20.0
95,Q-Learning,E49,"(95, 65)",9,22.0
95,Q-Learning,E50,"(97, 70)",8,24.0
95,Q-Learning,E51,"(38, 94)",5,13.0
96,Greedy,E20,"(47, 24)",66,16.0
96,Greedy,E21,"(94, 79)",67,20.0
96,Greedy,E22,"(2, 29)",70,26.0
96,Greedy,E24,"(10, 83)",64,16.0
96,Greedy,E25,"(47, 1)",56,22.0
96,Greedy,E26,"(84, 78)",62,16.0
96,Greedy,E27,"(18, 25)",60,21.0
96,Greedy,E29,"(18, 14)",54,12.0
96,Greedy,E30,"(93, 41)",45,26.0
96,Greedy,E31,"(55, 57)",46,10.0
96,Greedy,E32,"(41, 9)",33,16.0
96,Greedy,E33,"(59, 68)",38,29.0
96,Greedy,E34,"(68, 19)",35,23.0
96,Greedy,E35,"(100, 48)",32,30.0
96,Greedy,E36,"(95, 3)",28,11.0
96,Greedy,E37,"(61, 4)",28,21.0
96,Greedy,E38,"(78, 38)",25,27.0
96,Greedy,E39,"(53, 80)",21,17.0
96,Greedy,E40,"(88, 44)",29,22.0
96,Greedy,E41,"(7, 1)",16,12.0
96,Greedy,E42,"(17, 98)",22,22.0
96,Greedy,E43,"(80, 55)",18,23.0
96,Greedy,E44,"(81, 86)",17,18.0
96,Greedy,E45,"(33, 79)",13,15.0
96,Greedy,E46,"(23, 9)",11,21.0
96,Greedy,E47,"(5, 25)",8,11.0
96,Greedy,E48,"(88, 12)",12,20.0
96,Greedy,E49,"(95, 65)",10,22.0
96,Greedy,E50,"(97, 70)",9,24.0
96,Greedy,E51,"(38, 94)",6,13.0
96,Auction,E19,"(23, 19)",73,18.0
96,Auction,E21,"(94, 79)",67,20.0
96,Auction,E22,"(2, 29)",70,26.0
96,Auction,E24,"(10, 83)",64,16.0
96,Auction,E25,"(47, 1)",56,22.0
96,Auction,E27,"(18, 25)",60,21.0
96,Auction,E28,"(93, 33)",50,11.0
96,Auction,E30,"(93, 41)",45,26.0
96,Auction,E32,"(41, 9)",33,16.0
96,Auction,E33,"(59, 68)",38,29.0
96,Auction,E34,"(68, 19)",35,23.0
96,Auction,E35,"(100, 48)",32,30.0
96,Auction,E36,"(95, 3)",28,11.0
96,Auction,E37,"(61, 4)",28,21.0
96,Auction,E38,"(78, 38)",25,27.0
96,Auction,E39,"(53, 80)",21,17.0
96,Auction,E40,"(88, 44)",29,22.0
96,Auction,E41,"(7, 1)",16,12.0
96,Auction,E42,"(17, 98)",22,22.0
96,Auction,E43,"(80, 55)",18,23.0
96,Auction,E44,"(81, 86)",17,18.0
96,Auction,E45,"(33, 79)",13,15.0
96,Auction,E46,"(23, 9)",11,21.0
96,Auction,E47,"(5, 25)",8,11.0
96,Auction,E48,"(88, 12)",12,20.0
96,Auction,E49,"(95, 65)",10,22.0
96,Auction,E50,"(97, 70)",9,24.0
96,Auction,E51,"(38, 94)",6,13.0
96,Q-Learning,E20,"(47, 24)",66,16.0
96,Q-Learning,E22,"(2, 29)",70,26.0
96,Q-Learning,E24,"(10, 83)",64,16.0
96,Q-Learning,E25,"(47, 1)",56,22.0
96,Q-Learning,E26,"(84, 78)",62,16.0
96,Q-Learning,E27,"(18, 25)",60,21.0
96,Q-Learning,E29,"(18, 14)",54,12.0
96,Q-Learning,E30,"(93, 41)",45,26.0
96,Q-Learning,E31,"(55, 57)",46,10.0
96,Q-Learning,E32,"(41, 9)",33,16.0
96,Q-Learning,E33,"(59, 68)",38,29.0
96,Q-Learning,E34,"(68, 19)",35,23.0
96,Q-Learning,E35,"(100, 48)",32,30.0
96,Q-Learning,E37,"(61, 4)",28,21.0
96,Q-Learning,E38,"(78, 38)",25,27.0
96,Q-Learning,E39,"(53, 80)",21,17.0
96,Q-Learning,E40,"(88, 44)",29,22.0
96,Q-Learning,E41,"(7, 1)",16,12.0
96,Q-Learning,E42,"(17, 98)",22,22.0
96,Q-Learning,E43,"(80, 55)",18,23.0
96,Q-Learning,E44,"(81, 86)",17,18.0
96,Q-Learning,E45,"(33, 79)",13,15.0
96,Q-Learning,E46,"(23, 9)",11,21.0
96,Q-Learning,E47,"(5, 25)",8,11.0
96,Q-Learning,E48,"(88, 12)",12,20.0
96,Q-Learning,E49,"(95, 65)",10,22.0
96,Q-Learning,E50,"(97, 70)",9,24.0
96,Q-Learning,E51,"(38, 94)",6,13.0
97,Greedy,E20,"(47, 24)",67,16.0
97,Greedy,E21,"(94, 79)",68,20.0
97,Greedy,E22,"(2, 29)",71,26.0
97,Greedy,E24,"(10, 83)",65,16.0
97,Greedy,E25,"(47, 1)",57,22.0
97,Greedy,E26,"(84, 78)",63,16.0
97,Greedy,E27,"(18, 25)",61,21.0
97,Greedy,E29,"(18, 14)",55,12.0
97,Greedy,E30,"(93, 41)",46,26.0
97,Greedy,E31,"(55, 57)",47,10.0
97,Greedy,E32,"(41, 9)",34,16.0
97,Greedy,E33,"(59, 68)",39,29.0
97,Greedy,E34,"(68, 19)",36,23.0
97,Greedy,E35,"(100, 48)",33,30.0
97,Greedy,E36,"(95, 3)",29,11.0
97,Greedy,E37,"(61, 4)",29,21.0
97,Greedy,E38,"(78, 38)",26,27.0
97,Greedy,E39,"(53, 80)",22,17.0
97,Greedy,E40,"(88, 44)",30,22.0
97,Greedy,E41,"(7, 1)",17,12.0
97,Greedy,E42,"(17, 98)",23,22.0
97,Greedy,E43,"(80, 55)",19,23.0
97,Greedy,E44,"(81, 86)",18,18.0
97,Greedy,E45,"(33, 79)",14,15.0
97,Greedy,E46,"(23, 9)",12,21.0
97,Greedy,E47,"(5, 25)",9,11.0
97,Greedy,E48,"(88, 12)",13,20.0
97,Greedy,E49,"(95, 65)",11,22.0
97,Greedy,E50,"(97, 70)",10,24.0
97,Greedy,E51,"(38, 94)",7,13.0
97,Auction,E19,"(23, 19)",74,18.0
97,Auction,E21,"(94, 79)",68,20.0
97,Auction,E22,"(2, 29)",71,26.0
97,Auction,E24,"(10, 83)",65,16.0
97,Auction,E25,"(47, 1)",57,22.0
97,Auction,E27,"(18, 25)",61,21.0
97,Auction,E28,"(93, 33)",51,11.0
97,Auction,E30,"(93, 41)",46,26.0
97,Auction,E32,"(41, 9)",34,16.0
97,Auction,E33,"(59, 68)",39,29.0
97,Auction,E34,"(68, 19)",36,23.0
97,Auction,E35,"(100, 48)",33,30.0
97,Auction,E36,"(95, 3)",29,11.0
97,Auction,E37,"(61, 4)",29,21.0
97,Auction,E38,"(78, 38)",26,27.0
97,Auction,E39,"(53, 80)",22,17.0
97,Auction,E40,"(88, 44)",30,22.0
97,Auction,E41,"(7, 1)",17,12.0
97,Auction,E42,"(17, 98)",23,22.0
97,Auction,E43,"(80, 55)",19,23.0
97,Auction,E44,"(81, 86)",18,18.0
97,Auction,E45,"(33, 79)",14,15.0
97,Auction,E46,"(23, 9)",12,21.0
97,Auction,E47,"(5, 25)",9,11.0
97,Auction,E48,"(88, 12)",13,20.0
97,Auction,E49,"(95, 65)",11,22.0
97,Auction,E50,"(97, 70)",10,24.0
97,Auction,E51,"(38, 94)",7,13.0
97,Q-Learning,E20,"(47, 24)",67,16.0
97,Q-Learning,E22,"(2, 29)",71,26.0
97,Q-Learning,E24,"(10, 83)",65,16.0
97,Q-Learning,E25,"(47, 1)",57,22.0
97,Q-Learning,E26,"(84, 78)",63,16.0
97,Q-Learning,E27,"(18, 25)",61,21.0
97,Q-Learning,E29,"(18, 14)",55,12.0
97,Q-Learning,E30,"(93, 41)",46,26.0
97,Q-Learning,E31,"(55, 57)",47,10.0
97,Q-Learning,E32,"(41, 9)",34,16.0
97,Q-Learning,E33,"(59, 68)",39,29.0
97,Q-Learning,E34,"(68, 19)",36,23.0
97,Q-Learning,E35,"(100, 48)",33,30.0
97,Q-Learning,E37,"(61, 4)",29,21.0
97,Q-Learning,E38,"(78, 38)",26,27.0
97,Q-Learning,E39,"(53, 80)",22,17.0
97,Q-Learning,E40,"(88, 44)",30,22.0
97,Q-Learning,E41,"(7, 1)",17,12.0
97,Q-Learning,E42,"(17, 98)",23,22.0
97,Q-Learning,E43,"(80, 55)",19,23.0
97,Q-Learning,E44,"(81, 86)",18,18.0
97,Q-Learning,E45,"(33, 79)",14,15.0
97,Q-Learning,E46,"(23, 9)",12,21.0
97,Q-Learning,E47,"(5, 25)",9,11.0
97,Q-Learning,E48,"(88, 12)",13,20.0
97,Q-Learning,E49,"(95, 65)",11,22.0
97,Q-Learning,E50,"(97, 70)",10,24.0
97,Q-Learning,E51,"(38, 94)",7,13.0
98,Greedy,E20,"(47, 24)",68,16.0
98,Greedy,E21,"(94, 79)",69,20.0
98,Greedy,E22,"(2, 29)",72,26.0
98,Greedy,E24,"(10, 83)",66,16.0
98,Greedy,E25,"(47, 1)",58,22.0
98,Greedy,E26,"(84, 78)",64,16.0
98,Greedy,E27,"(18, 25)",62,21.0
98,Greedy,E29,"(18, 14)",56,12.0
98,Greedy,E30,"(93, 41)",47,26.0
98,Greedy,E31,"(55, 57)",48,10.0
98,Greedy,E32,"(41, 9)",35,16.0
98,Greedy,E33,"(59, 68)",40,29.0
98,Greedy,E34,"(68, 19)",37,23.0
98,Greedy,E35,"(100, 48)",34,30.0
98,Greedy,E36,"(95, 3)",30,11.0
98,Greedy,E37,"(61, 4)",30,21.0
98,Greedy,E38,"(78, 38)",27,27.0
98,Greedy,E39,"(53, 80)",23,17.0
98,Greedy,E40,"(88, 44)",31,22.0
98,Greedy,E41,"(7, 1)",18,12.0
98,Greedy,E42,"(17, 98)",24,22.0
98,Greedy,E43,"(80, 55)",20,23.0
98,Greedy,E44,"(81, 86)",19,18.0
98,Greedy,E45,"(33, 79)",15,15.0
98,Greedy,E46,"(23, 9)",13,21.0
98,Greedy,E47,"(5, 25)",10,11.0
98,Greedy,E48,"(88, 12)",14,20.0
98,Greedy,E49,"(95, 65)",12,22.0
98,Greedy,E50,"(97, 70)",11,24.0
98,Greedy,E51,"(38, 94)",8,13.0
98,Greedy,E52,"(24, 33)",10,14.0
98,Auction,E19,"(23, 19)",75,18.0
98,Auction,E21,"(94, 79)",69,20.0
98,Auction,E22,"(2, 29)",72,26.0
98,Auction,E24,"(10, 83)",66,16.0
98,Auction,E25,"(47, 1)",58,22.0
98,Auction,E27,"(18, 25)",62,21.0
98,Auction,E28,"(93, 33)",52,11.0
98,Auction,E30,"(93, 41)",47,26.0
98,Auction,E32,"(41, 9)",35,16.0
98,Auction,E33,"(59, 68)",40,29.0
98,Auction,E34,"(68, 19)",37,23.0
98,Auction,E35,"(100, 48)",34,30.0
98,Auction,E36,"(95, 3)",30,11.0
98,Auction,E37,"(61, 4)",30,21.0
98,Auction,E38,"(78, 38)",27,27.0
98,Auction,E39,"(53, 80)",23,17.0
98,Auction,E40,"(88, 44)",31,22.0
98,Auction,E41,"(7, 1)",18,12.0
98,Auction,E42,"(17, 98)",24,22.0
98,Auction,E43,"(80, 55)",20,23.0
98,Auction,E44,"(81, 86)",19,18.0
98,Auction,E45,"(33, 79)",15,15.0
98,Auction,E46,"(23, 9)",13,21.0
98,Auction,E47,"(5, 25)",10,11.0
98,Auction,E48,"(88, 12)",14,20.0
98,Auction,E49,"(95, 65)",12,22.0
98,Auction,E50,"(97, 70)",11,24.0
98,Auction,E51,"(38, 94)",8,13.0
98,Auction,E52,"(24, 33)",10,14.0
98,Q-Learning,E20,"(47, 24)",68,16.0
98,Q-Learning,E22,"(2, 29)",72,26.0
98,Q-Learning,E24,"(10, 83)",66,16.0
98,Q-Learning,E25,"(47, 1)",58,22.0
98,Q-Learning,E26,"(84, 78)",64,16.0
98,Q-Learning,E27,"(18, 25)",62,21.0
98,Q-Learning,E29,"(18, 14)",56,12.0
98,Q-Learning,E30,"(93, 41)",47,26.0
98,Q-Learning,E31,"(55, 57)",48,10.0
98,Q-Learning,E32,"(41, 9)",35,16.0
98,Q-Learning,E33,"(59, 68)",40,29.0
98,Q-Learning,E34,"(68, 19)",37,23.0
98,Q-Learning,E35,"(100, 48)",34,30.0
98,Q-Learning,E37,"(61, 4)",30,21.0
98,Q-Learning,E38,"(78, 38)",27,27.0
98,Q-Learning,E39,"(53, 80)",23,17.0
98,Q-Learning,E40,"(88, 44)",31,22.0
98,Q-Learning,E41,"(7, 1)",18,12.0
98,Q-Learning,E42,"(17, 98)",24,22.0
98,Q-Learning,E43,"(80, 55)",20,23.0
98,Q-Learning,E44,"(81, 86)",19,18.0
98,Q-Learning,E45,"(33, 79)",15,15.0
98,Q-Learning,E46,"(23, 9)",13,21.0
98,Q-Learning,E47,"(5, 25)",10,11.0
98,Q-Learning,E48,"(88, 12)",14,20.0
98,Q-Learning,E49,"(95, 65)",12,22.0
98,Q-Learning,E50,"(97, 70)",11,24.0
98,Q-Learning,E51,"(38, 94)",8,13.0
98,Q-Learning,E52,"(24, 33)",10,14.0
99,Greedy,E20,"(47, 24)",69,16.0
99,Greedy,E21,"(94, 79)",70,20.0
99,Greedy,E22,"(2, 29)",73,26.0
99,Greedy,E24,"(10, 83)",67,16.0
99,Greedy,E25,"(47, 1)",59,22.0
99,Greedy,E26,"(84, 78)",65,16.0
99,Greedy,E27,"(18, 25)",63,21.0
99,Greedy,E29,"(18, 14)",57,12.0
99,Greedy,E30,"(93, 41)",48,26.0
99,Greedy,E31,"(55, 57)",49,10.0
99,Greedy,E32,"(41, 9)",36,16.0
99,Greedy,E33,"(59, 68)",41,29.0
99,Greedy,E34,"(68, 19)",38,23.0
99,Greedy,E35,"(100, 48)",35,30.0
99,Greedy,E36,"(95, 3)",31,11.0
99,Greedy,E37,"(61, 4)",31,21.0
99,Greedy,E38,"(78, 38)",28,27.0
99,Greedy,E39,"(53, 80)",24,17.0
99,Greedy,E40,"(88, 44)",32,22.0
99,Greedy,E41,"(7, 1)",19,12.0
99,Greedy,E42,"(17, 98)",25,22.0
99,Greedy,E43,"(80, 55)",21,23.0
99,Greedy,E44,"(81, 86)",20,18.0
99,Greedy,E45,"(33, 79)",16,15.0
99,Greedy,E46,"(23, 9)",14,21.0
99,Greedy,E47,"(5, 25)",11,11.0
99,Greedy,E48,"(88, 12)",15,20.0
99,Greedy,E49,"(95, 65)",13,22.0
99,Greedy,E50,"(97, 70)",12,24.0
99,Greedy,E51,"(38, 94)",9,13.0
99,Greedy,E52,"(24, 33)",11,14.0
99,Greedy,E53,"(76, 34)",5,26.0
99,Auction,E19,"(23, 19)",76,18.0
99,Auction,E21,"(94, 79)",70,20.0
99,Auction,E22,"(2, 29)",73,26.0
99,Auction,E24,"(10, 83)",67,16.0
99,Auction,E25,"(47, 1)",59,22.0
99,Auction,E27,"(18, 25)",63,21.0
99,Auction,E28,"(93, 33)",53,11.0
99,Auction,E30,"(93, 41)",48,26.0
99,Auction,E32,"(41, 9)",36,16.0
99,Auction,E33,"(59, 68)",41,29.0
99,Auction,E34,"(68, 19)",38,23.0
99,Auction,E35,"(100, 48)",35,30.0
99,Auction,E36,"(95, 3)",31,11.0
99,Auction,E37,"(61, 4)",31,21.0
99,Auction,E38,"(78, 38)",28,27.0
99,Auction,E39,"(53, 80)",24,17.0
99,Auction,E40,"(88, 44)",32,22.0
99,Auction,E41,"(7, 1)",19,12.0
99,Auction,E42,"(17, 98)",25,22.0
99,Auction,E43,"(80, 55)",21,23.0
99,Auction,E44,"(81, 86)",20,18.0
99,Auction,E45,"(33, 79)",16,15.0
99,Auction,E46,"(23, 9)",14,21.0
99,Auction,E47,"(5, 25)",11,11.0
99,Auction,E48,"(88, 12)",15,20.0
99,Auction,E49,"(95, 65)",13,22.0
99,Auction,E50,"(97, 70)",12,24.0
99,Auction,E51,"(38, 94)",9,13.0
99,Auction,E52,"(24, 33)",11,14.0
99,Auction,E53,"(76, 34)",5,26.0
99,Q-Learning,E20,"(47, 24)",69,16.0
99,Q-Learning,E22,"(2, 29)",73,26.0
99,Q-Learning,E24,"(10, 83)",67,16.0
99,Q-Learning,E25,"(47, 1)",59,22.0
99,Q-Learning,E26,"(84, 78)",65,16.0
99,Q-Learning,E27,"(18, 25)",63,21.0
99,Q-Learning,E29,"(18, 14)",57,12.0
99,Q-Learning,E30,"(93, 41)",48,26.0
99,Q-Learning,E31,"(55, 57)",49,10.0
99,Q-Learning,E32,"(41, 9)",36,16.0
99,Q-Learning,E33,"(59, 68)",41,29.0
99,Q-Learning,E34,"(68, 19)",38,23.0
99,Q-Learning,E35,"(100, 48)",35,30.0
99,Q-Learning,E37,"(61, 4)",31,21.0
99,Q-Learning,E38,"(78, 38)",28,27.0
99,Q-Learning,E39,"(53, 80)",24,17.0
99,Q-Learning,E40,"(88, 44)",32,22.0
99,Q-Learning,E41,"(7, 1)",19,12.0
99,Q-Learning,E42,"(17, 98)",25,22.0
99,Q-Learning,E43,"(80, 55)",21,23.0
99,Q-Learning,E44,"(81, 86)",20,18.0
99,Q-Learning,E45,"(33, 79)",16,15.0
99,Q-Learning,E46,"(23, 9)",14,21.0
99,Q-Learning,E47,"(5, 25)",11,11.0
99,Q-Learning,E48,"(88, 12)",15,20.0
99,Q-Learning,E49,"(95, 65)",13,22.0
99,Q-Learning,E50,"(97, 70)",12,24.0
99,Q-Learning,E51,"(38, 94)",9,13.0
99,Q-Learning,E52,"(24, 33)",11,14.0
99,Q-Learning,E53,"(76, 34)",5,26.0
