time_step,method,vehicle_id,position,battery,busy,remaining_duration,idle_time
0,Greedy,V1,"(8, 27)",69.0,False,0.0,1.0
0,Greedy,V2,"(52, 27)",92.0,False,0.0,1.0
0,Greedy,V3,"(67, 72)",63.0,False,0.0,1.0
0,Greedy,V4,"(13, 73)",74.0,False,0.0,1.0
0,Greedy,V5,"(38, 73)",77.0,False,0.0,1.0
0,Greedy,V6,"(11, 47)",71.0,False,0.0,1.0
0,Greedy,V7,"(79, 27)",96.0,False,0.0,1.0
0,Greedy,V8,"(10, 11)",87.0,False,0.0,1.0
0,Greedy,V9,"(73, 25)",56.0,False,0.0,1.0
0,Greedy,V10,"(91, 2)",79.0,False,0.0,1.0
0,Auction,V1,"(8, 27)",69.0,False,0.0,1.0
0,Auction,V2,"(52, 27)",92.0,False,0.0,1.0
0,Auction,V3,"(67, 72)",63.0,False,0.0,1.0
0,Auction,V4,"(13, 73)",74.0,False,0.0,1.0
0,Auction,V5,"(38, 73)",77.0,False,0.0,1.0
0,Auction,V6,"(11, 47)",71.0,False,0.0,1.0
0,Auction,V7,"(79, 27)",96.0,False,0.0,1.0
0,Auction,V8,"(10, 11)",87.0,False,0.0,1.0
0,Auction,V9,"(73, 25)",56.0,False,0.0,1.0
0,Auction,V10,"(91, 2)",79.0,False,0.0,1.0
0,Q-Learning,V1,"(8, 27)",69.0,False,0.0,1.0
0,Q-Learning,V2,"(52, 27)",92.0,False,0.0,1.0
0,Q-Learning,V3,"(67, 72)",63.0,False,0.0,1.0
0,Q-Learning,V4,"(13, 73)",74.0,False,0.0,1.0
0,Q-Learning,V5,"(38, 73)",77.0,False,0.0,1.0
0,Q-Learning,V6,"(11, 47)",71.0,False,0.0,1.0
0,Q-Learning,V7,"(79, 27)",96.0,False,0.0,1.0
0,Q-Learning,V8,"(10, 11)",87.0,False,0.0,1.0
0,Q-Learning,V9,"(73, 25)",56.0,False,0.0,1.0
0,Q-Learning,V10,"(91, 2)",79.0,False,0.0,1.0
1,Greedy,V1,"(8, 27)",46.3312083296758,True,21.6687916703242,1.0
1,Greedy,V2,"(52, 27)",61.673081671417606,True,29.32691832858239,1.0
1,Greedy,V3,"(67, 72)",43.97534241954608,True,18.024657580453923,1.0
1,Greedy,V4,"(13, 73)",43.7685000925981,True,29.2314999074019,1.0
1,Greedy,V5,"(38, 73)",48.750171474298156,True,27.249828525701844,1.0
1,Greedy,V6,"(11, 47)",36.531149923821275,True,33.468850076178725,1.0
1,Greedy,V7,"(79, 27)",81.03258436420586,True,13.967415635794143,1.0
1,Greedy,V8,"(10, 11)",60.62916759300434,True,25.370832406995657,1.0
1,Greedy,V9,"(73, 25)",31.9056824664671,True,23.0943175335329,1.0
1,Greedy,V10,"(91, 2)",45.08579667693144,True,32.91420332306856,1.0
1,Auction,V1,"(87, 37)",27.624229113360883,True,40.37577088663912,1.0
1,Auction,V2,"(47, 17)",73.13661001875018,True,17.863389981249824,1.0
1,Auction,V3,"(85, 36)",27.58359213500126,True,34.41640786499874,1.0
1,Auction,V4,"(45, 52)",42.532097368855815,True,30.467902631144185,1.0
1,Auction,V5,"(45, 92)",48.750171474298156,True,27.249828525701844,1.0
1,Auction,V6,"(25, 63)",39.45661806242178,True,30.543381937578218,1.0
1,Auction,V7,"(90, 41)",81.03258436420586,True,13.967415635794143,1.0
1,Auction,V8,"(3, 9)",65.17997252767987,True,20.82002747232013,1.0
1,Auction,V9,"(69, 34)",31.9056824664671,True,23.0943175335329,1.0
1,Auction,V10,"(94, 70)",61.437095077670385,True,16.562904922329615,1.0
1,Q-Learning,V1,"(8, 27)",69.0,False,0.0,2.0
1,Q-Learning,V2,"(47, 17)",73.13661001875018,True,17.863389981249824,1.0
1,Q-Learning,V3,"(94, 70)",43.97534241954608,True,18.024657580453923,1.0
1,Q-Learning,V4,"(25, 63)",43.7685000925981,True,29.2314999074019,1.0
1,Q-Learning,V5,"(45, 92)",48.750171474298156,True,27.249828525701844,1.0
1,Q-Learning,V6,"(11, 47)",71.0,False,0.0,2.0
1,Q-Learning,V7,"(79, 27)",96.0,False,0.0,2.0
1,Q-Learning,V8,"(10, 11)",87.0,False,0.0,2.0
1,Q-Learning,V9,"(69, 34)",31.9056824664671,True,23.0943175335329,1.0
1,Q-Learning,V10,"(91, 2)",79.0,False,0.0,2.0
2,Greedy,V1,"(8, 27)",46.3312083296758,True,20.6687916703242,1.0
2,Greedy,V2,"(52, 27)",61.673081671417606,True,28.32691832858239,1.0
2,Greedy,V3,"(67, 72)",43.97534241954608,True,17.024657580453923,1.0
2,Greedy,V4,"(13, 73)",43.7685000925981,True,28.2314999074019,1.0
2,Greedy,V5,"(38, 73)",48.750171474298156,True,26.249828525701844,1.0
2,Greedy,V6,"(11, 47)",36.531149923821275,True,32.468850076178725,1.0
2,Greedy,V7,"(79, 27)",81.03258436420586,True,12.967415635794143,1.0
2,Greedy,V8,"(10, 11)",60.62916759300434,True,24.370832406995657,1.0
2,Greedy,V9,"(73, 25)",31.9056824664671,True,22.0943175335329,1.0
2,Greedy,V10,"(91, 2)",45.08579667693144,True,31.914203323068563,1.0
2,Auction,V1,"(87, 37)",27.624229113360883,True,39.37577088663912,1.0
2,Auction,V2,"(47, 17)",73.13661001875018,True,16.863389981249824,1.0
2,Auction,V3,"(85, 36)",27.58359213500126,True,33.41640786499874,1.0
2,Auction,V4,"(45, 52)",42.532097368855815,True,29.467902631144185,1.0
2,Auction,V5,"(45, 92)",48.750171474298156,True,26.249828525701844,1.0
2,Auction,V6,"(25, 63)",39.45661806242178,True,29.543381937578218,1.0
2,Auction,V7,"(90, 41)",81.03258436420586,True,12.967415635794143,1.0
2,Auction,V8,"(3, 9)",65.17997252767987,True,19.82002747232013,1.0
2,Auction,V9,"(69, 34)",31.9056824664671,True,22.0943175335329,1.0
2,Auction,V10,"(94, 70)",61.437095077670385,True,15.562904922329615,1.0
2,Q-Learning,V1,"(8, 27)",69.0,False,0.0,3.0
2,Q-Learning,V2,"(47, 17)",73.13661001875018,True,16.863389981249824,1.0
2,Q-Learning,V3,"(94, 70)",43.97534241954608,True,17.024657580453923,1.0
2,Q-Learning,V4,"(25, 63)",43.7685000925981,True,28.2314999074019,1.0
2,Q-Learning,V5,"(45, 92)",48.750171474298156,True,26.249828525701844,1.0
2,Q-Learning,V6,"(45, 52)",39.27238657418681,True,30.727613425813193,2.0
2,Q-Learning,V7,"(90, 41)",81.03258436420586,True,13.967415635794143,2.0
2,Q-Learning,V8,"(10, 11)",87.0,False,0.0,3.0
2,Q-Learning,V9,"(69, 34)",31.9056824664671,True,22.0943175335329,1.0
2,Q-Learning,V10,"(91, 2)",79.0,False,0.0,3.0
3,Greedy,V1,"(8, 27)",46.3312083296758,True,19.6687916703242,1.0
3,Greedy,V2,"(52, 27)",61.673081671417606,True,27.32691832858239,1.0
3,Greedy,V3,"(67, 72)",43.97534241954608,True,16.024657580453923,1.0
3,Greedy,V4,"(13, 73)",43.7685000925981,True,27.2314999074019,1.0
3,Greedy,V5,"(38, 73)",48.750171474298156,True,25.249828525701844,1.0
3,Greedy,V6,"(11, 47)",36.531149923821275,True,31.468850076178725,1.0
3,Greedy,V7,"(79, 27)",81.03258436420586,True,11.967415635794143,1.0
3,Greedy,V8,"(10, 11)",60.62916759300434,True,23.370832406995657,1.0
3,Greedy,V9,"(73, 25)",31.9056824664671,True,21.0943175335329,1.0
3,Greedy,V10,"(91, 2)",45.08579667693144,True,30.914203323068563,1.0
3,Auction,V1,"(87, 37)",27.624229113360883,True,38.37577088663912,1.0
3,Auction,V2,"(47, 17)",73.13661001875018,True,15.863389981249824,1.0
3,Auction,V3,"(85, 36)",27.58359213500126,True,32.41640786499874,1.0
3,Auction,V4,"(45, 52)",42.532097368855815,True,28.467902631144185,1.0
3,Auction,V5,"(45, 92)",48.750171474298156,True,25.249828525701844,1.0
3,Auction,V6,"(25, 63)",39.45661806242178,True,28.543381937578218,1.0
3,Auction,V7,"(90, 41)",81.03258436420586,True,11.967415635794143,1.0
3,Auction,V8,"(3, 9)",65.17997252767987,True,18.82002747232013,1.0
3,Auction,V9,"(69, 34)",31.9056824664671,True,21.0943175335329,1.0
3,Auction,V10,"(94, 70)",61.437095077670385,True,14.562904922329615,1.0
3,Q-Learning,V1,"(8, 27)",69.0,False,0.0,4.0
3,Q-Learning,V2,"(47, 17)",73.13661001875018,True,15.863389981249824,1.0
3,Q-Learning,V3,"(94, 70)",43.97534241954608,True,16.024657580453923,1.0
3,Q-Learning,V4,"(25, 63)",43.7685000925981,True,27.2314999074019,1.0
3,Q-Learning,V5,"(45, 92)",48.750171474298156,True,25.249828525701844,1.0
3,Q-Learning,V6,"(45, 52)",39.27238657418681,True,29.727613425813193,2.0
3,Q-Learning,V7,"(90, 41)",81.03258436420586,True,12.967415635794143,2.0
3,Q-Learning,V8,"(3, 9)",65.17997252767987,True,20.82002747232013,3.0
3,Q-Learning,V9,"(69, 34)",31.9056824664671,True,21.0943175335329,1.0
3,Q-Learning,V10,"(87, 37)",45.08579667693144,True,32.91420332306856,3.0
4,Greedy,V1,"(8, 27)",46.3312083296758,True,18.6687916703242,1.0
4,Greedy,V2,"(52, 27)",61.673081671417606,True,26.32691832858239,1.0
4,Greedy,V3,"(67, 72)",43.97534241954608,True,15.024657580453923,1.0
4,Greedy,V4,"(13, 73)",43.7685000925981,True,26.2314999074019,1.0
4,Greedy,V5,"(38, 73)",48.750171474298156,True,24.249828525701844,1.0
4,Greedy,V6,"(11, 47)",36.531149923821275,True,30.468850076178725,1.0
4,Greedy,V7,"(79, 27)",81.03258436420586,True,10.967415635794143,1.0
4,Greedy,V8,"(10, 11)",60.62916759300434,True,22.370832406995657,1.0
4,Greedy,V9,"(73, 25)",31.9056824664671,True,20.0943175335329,1.0
4,Greedy,V10,"(91, 2)",45.08579667693144,True,29.914203323068563,1.0
4,Auction,V1,"(87, 37)",27.624229113360883,True,37.37577088663912,1.0
4,Auction,V2,"(47, 17)",73.13661001875018,True,14.863389981249824,1.0
4,Auction,V3,"(85, 36)",27.58359213500126,True,31.41640786499874,1.0
4,Auction,V4,"(45, 52)",42.532097368855815,True,27.467902631144185,1.0
4,Auction,V5,"(45, 92)",48.750171474298156,True,24.249828525701844,1.0
4,Auction,V6,"(25, 63)",39.45661806242178,True,27.543381937578218,1.0
4,Auction,V7,"(90, 41)",81.03258436420586,True,10.967415635794143,1.0
4,Auction,V8,"(3, 9)",65.17997252767987,True,17.82002747232013,1.0
4,Auction,V9,"(69, 34)",31.9056824664671,True,20.0943175335329,1.0
4,Auction,V10,"(94, 70)",61.437095077670385,True,13.562904922329615,1.0
4,Q-Learning,V1,"(85, 36)",35.92511574667754,True,32.07488425332246,4.0
4,Q-Learning,V2,"(47, 17)",73.13661001875018,True,14.863389981249824,1.0
4,Q-Learning,V3,"(94, 70)",43.97534241954608,True,15.024657580453923,1.0
4,Q-Learning,V4,"(25, 63)",43.7685000925981,True,26.2314999074019,1.0
4,Q-Learning,V5,"(45, 92)",48.750171474298156,True,24.249828525701844,1.0
4,Q-Learning,V6,"(45, 52)",39.27238657418681,True,28.727613425813193,2.0
4,Q-Learning,V7,"(90, 41)",81.03258436420586,True,11.967415635794143,2.0
4,Q-Learning,V8,"(3, 9)",65.17997252767987,True,19.82002747232013,3.0
4,Q-Learning,V9,"(69, 34)",31.9056824664671,True,20.0943175335329,1.0
4,Q-Learning,V10,"(87, 37)",45.08579667693144,True,31.914203323068563,3.0
5,Greedy,V1,"(8, 27)",46.3312083296758,True,17.6687916703242,1.0
5,Greedy,V2,"(52, 27)",61.673081671417606,True,25.32691832858239,1.0
5,Greedy,V3,"(67, 72)",43.97534241954608,True,14.024657580453923,1.0
5,Greedy,V4,"(13, 73)",43.7685000925981,True,25.2314999074019,1.0
5,Greedy,V5,"(38, 73)",48.750171474298156,True,23.249828525701844,1.0
5,Greedy,V6,"(11, 47)",36.531149923821275,True,29.468850076178725,1.0
5,Greedy,V7,"(79, 27)",81.03258436420586,True,9.967415635794143,1.0
5,Greedy,V8,"(10, 11)",60.62916759300434,True,21.370832406995657,1.0
5,Greedy,V9,"(73, 25)",31.9056824664671,True,19.0943175335329,1.0
5,Greedy,V10,"(91, 2)",45.08579667693144,True,28.914203323068563,1.0
5,Auction,V1,"(87, 37)",27.624229113360883,True,36.37577088663912,1.0
5,Auction,V2,"(47, 17)",73.13661001875018,True,13.863389981249824,1.0
5,Auction,V3,"(85, 36)",27.58359213500126,True,30.41640786499874,1.0
5,Auction,V4,"(45, 52)",42.532097368855815,True,26.467902631144185,1.0
5,Auction,V5,"(45, 92)",48.750171474298156,True,23.249828525701844,1.0
5,Auction,V6,"(25, 63)",39.45661806242178,True,26.543381937578218,1.0
5,Auction,V7,"(90, 41)",81.03258436420586,True,9.967415635794143,1.0
5,Auction,V8,"(3, 9)",65.17997252767987,True,16.82002747232013,1.0
5,Auction,V9,"(69, 34)",31.9056824664671,True,19.0943175335329,1.0
5,Auction,V10,"(94, 70)",61.437095077670385,True,12.562904922329615,1.0
5,Q-Learning,V1,"(85, 36)",35.92511574667754,True,31.07488425332246,4.0
5,Q-Learning,V2,"(47, 17)",73.13661001875018,True,13.863389981249824,1.0
5,Q-Learning,V3,"(94, 70)",43.97534241954608,True,14.024657580453923,1.0
5,Q-Learning,V4,"(25, 63)",43.7685000925981,True,25.2314999074019,1.0
5,Q-Learning,V5,"(45, 92)",48.750171474298156,True,23.249828525701844,1.0
5,Q-Learning,V6,"(45, 52)",39.27238657418681,True,27.727613425813193,2.0
5,Q-Learning,V7,"(90, 41)",81.03258436420586,True,10.967415635794143,2.0
5,Q-Learning,V8,"(3, 9)",65.17997252767987,True,18.82002747232013,3.0
5,Q-Learning,V9,"(69, 34)",31.9056824664671,True,19.0943175335329,1.0
5,Q-Learning,V10,"(87, 37)",45.08579667693144,True,30.914203323068563,3.0
6,Greedy,V1,"(8, 27)",46.3312083296758,True,16.6687916703242,1.0
6,Greedy,V2,"(52, 27)",61.673081671417606,True,24.32691832858239,1.0
6,Greedy,V3,"(67, 72)",43.97534241954608,True,13.024657580453923,1.0
6,Greedy,V4,"(13, 73)",43.7685000925981,True,24.2314999074019,1.0
6,Greedy,V5,"(38, 73)",48.750171474298156,True,22.249828525701844,1.0
6,Greedy,V6,"(11, 47)",36.531149923821275,True,28.468850076178725,1.0
6,Greedy,V7,"(79, 27)",81.03258436420586,True,8.967415635794143,1.0
6,Greedy,V8,"(10, 11)",60.62916759300434,True,20.370832406995657,1.0
6,Greedy,V9,"(73, 25)",31.9056824664671,True,18.0943175335329,1.0
6,Greedy,V10,"(91, 2)",45.08579667693144,True,27.914203323068563,1.0
6,Auction,V1,"(87, 37)",27.624229113360883,True,35.37577088663912,1.0
6,Auction,V2,"(47, 17)",73.13661001875018,True,12.863389981249824,1.0
6,Auction,V3,"(85, 36)",27.58359213500126,True,29.41640786499874,1.0
6,Auction,V4,"(45, 52)",42.532097368855815,True,25.467902631144185,1.0
6,Auction,V5,"(45, 92)",48.750171474298156,True,22.249828525701844,1.0
6,Auction,V6,"(25, 63)",39.45661806242178,True,25.543381937578218,1.0
6,Auction,V7,"(90, 41)",81.03258436420586,True,8.967415635794143,1.0
6,Auction,V8,"(3, 9)",65.17997252767987,True,15.820027472320131,1.0
6,Auction,V9,"(69, 34)",31.9056824664671,True,18.0943175335329,1.0
6,Auction,V10,"(94, 70)",61.437095077670385,True,11.562904922329615,1.0
6,Q-Learning,V1,"(85, 36)",35.92511574667754,True,30.07488425332246,4.0
6,Q-Learning,V2,"(47, 17)",73.13661001875018,True,12.863389981249824,1.0
6,Q-Learning,V3,"(94, 70)",43.97534241954608,True,13.024657580453923,1.0
6,Q-Learning,V4,"(25, 63)",43.7685000925981,True,24.2314999074019,1.0
6,Q-Learning,V5,"(45, 92)",48.750171474298156,True,22.249828525701844,1.0
6,Q-Learning,V6,"(45, 52)",39.27238657418681,True,26.727613425813193,2.0
6,Q-Learning,V7,"(90, 41)",81.03258436420586,True,9.967415635794143,2.0
6,Q-Learning,V8,"(3, 9)",65.17997252767987,True,17.82002747232013,3.0
6,Q-Learning,V9,"(69, 34)",31.9056824664671,True,18.0943175335329,1.0
6,Q-Learning,V10,"(87, 37)",45.08579667693144,True,29.914203323068563,3.0
7,Greedy,V1,"(8, 27)",46.3312083296758,True,15.6687916703242,1.0
7,Greedy,V2,"(52, 27)",61.673081671417606,True,23.32691832858239,1.0
7,Greedy,V3,"(67, 72)",43.97534241954608,True,12.024657580453923,1.0
7,Greedy,V4,"(13, 73)",43.7685000925981,True,23.2314999074019,1.0
7,Greedy,V5,"(38, 73)",48.750171474298156,True,21.249828525701844,1.0
7,Greedy,V6,"(11, 47)",36.531149923821275,True,27.468850076178725,1.0
7,Greedy,V7,"(79, 27)",81.03258436420586,True,7.9674156357941435,1.0
7,Greedy,V8,"(10, 11)",60.62916759300434,True,19.370832406995657,1.0
7,Greedy,V9,"(73, 25)",31.9056824664671,True,17.0943175335329,1.0
7,Greedy,V10,"(91, 2)",45.08579667693144,True,26.914203323068563,1.0
7,Auction,V1,"(87, 37)",27.624229113360883,True,34.37577088663912,1.0
7,Auction,V2,"(47, 17)",73.13661001875018,True,11.863389981249824,1.0
7,Auction,V3,"(85, 36)",27.58359213500126,True,28.41640786499874,1.0
7,Auction,V4,"(45, 52)",42.532097368855815,True,24.467902631144185,1.0
7,Auction,V5,"(45, 92)",48.750171474298156,True,21.249828525701844,1.0
7,Auction,V6,"(25, 63)",39.45661806242178,True,24.543381937578218,1.0
7,Auction,V7,"(90, 41)",81.03258436420586,True,7.9674156357941435,1.0
7,Auction,V8,"(3, 9)",65.17997252767987,True,14.820027472320131,1.0
7,Auction,V9,"(69, 34)",31.9056824664671,True,17.0943175335329,1.0
7,Auction,V10,"(94, 70)",61.437095077670385,True,10.562904922329615,1.0
7,Q-Learning,V1,"(85, 36)",35.92511574667754,True,29.07488425332246,4.0
7,Q-Learning,V2,"(47, 17)",73.13661001875018,True,11.863389981249824,1.0
7,Q-Learning,V3,"(94, 70)",43.97534241954608,True,12.024657580453923,1.0
7,Q-Learning,V4,"(25, 63)",43.7685000925981,True,23.2314999074019,1.0
7,Q-Learning,V5,"(45, 92)",48.750171474298156,True,21.249828525701844,1.0
7,Q-Learning,V6,"(45, 52)",39.27238657418681,True,25.727613425813193,2.0
7,Q-Learning,V7,"(90, 41)",81.03258436420586,True,8.967415635794143,2.0
7,Q-Learning,V8,"(3, 9)",65.17997252767987,True,16.82002747232013,3.0
7,Q-Learning,V9,"(69, 34)",31.9056824664671,True,17.0943175335329,1.0
7,Q-Learning,V10,"(87, 37)",45.08579667693144,True,28.914203323068563,3.0
8,Greedy,V1,"(8, 27)",46.3312083296758,True,14.6687916703242,1.0
8,Greedy,V2,"(52, 27)",61.673081671417606,True,22.32691832858239,1.0
8,Greedy,V3,"(67, 72)",43.97534241954608,True,11.024657580453923,1.0
8,Greedy,V4,"(13, 73)",43.7685000925981,True,22.2314999074019,1.0
8,Greedy,V5,"(38, 73)",48.750171474298156,True,20.249828525701844,1.0
8,Greedy,V6,"(11, 47)",36.531149923821275,True,26.468850076178725,1.0
8,Greedy,V7,"(79, 27)",81.03258436420586,True,6.9674156357941435,1.0
8,Greedy,V8,"(10, 11)",60.62916759300434,True,18.370832406995657,1.0
8,Greedy,V9,"(73, 25)",31.9056824664671,True,16.0943175335329,1.0
8,Greedy,V10,"(91, 2)",45.08579667693144,True,25.914203323068563,1.0
8,Auction,V1,"(87, 37)",27.624229113360883,True,33.37577088663912,1.0
8,Auction,V2,"(47, 17)",73.13661001875018,True,10.863389981249824,1.0
8,Auction,V3,"(85, 36)",27.58359213500126,True,27.41640786499874,1.0
8,Auction,V4,"(45, 52)",42.532097368855815,True,23.467902631144185,1.0
8,Auction,V5,"(45, 92)",48.750171474298156,True,20.249828525701844,1.0
8,Auction,V6,"(25, 63)",39.45661806242178,True,23.543381937578218,1.0
8,Auction,V7,"(90, 41)",81.03258436420586,True,6.9674156357941435,1.0
8,Auction,V8,"(3, 9)",65.17997252767987,True,13.820027472320131,1.0
8,Auction,V9,"(69, 34)",31.9056824664671,True,16.0943175335329,1.0
8,Auction,V10,"(94, 70)",61.437095077670385,True,9.562904922329615,1.0
8,Q-Learning,V1,"(85, 36)",35.92511574667754,True,28.07488425332246,4.0
8,Q-Learning,V2,"(47, 17)",73.13661001875018,True,10.863389981249824,1.0
8,Q-Learning,V3,"(94, 70)",43.97534241954608,True,11.024657580453923,1.0
8,Q-Learning,V4,"(25, 63)",43.7685000925981,True,22.2314999074019,1.0
8,Q-Learning,V5,"(45, 92)",48.750171474298156,True,20.249828525701844,1.0
8,Q-Learning,V6,"(45, 52)",39.27238657418681,True,24.727613425813193,2.0
8,Q-Learning,V7,"(90, 41)",81.03258436420586,True,7.9674156357941435,2.0
8,Q-Learning,V8,"(3, 9)",65.17997252767987,True,15.820027472320131,3.0
8,Q-Learning,V9,"(69, 34)",31.9056824664671,True,16.0943175335329,1.0
8,Q-Learning,V10,"(87, 37)",45.08579667693144,True,27.914203323068563,3.0
9,Greedy,V1,"(8, 27)",46.3312083296758,True,13.6687916703242,1.0
9,Greedy,V2,"(52, 27)",61.673081671417606,True,21.32691832858239,1.0
9,Greedy,V3,"(67, 72)",43.97534241954608,True,10.024657580453923,1.0
9,Greedy,V4,"(13, 73)",43.7685000925981,True,21.2314999074019,1.0
9,Greedy,V5,"(38, 73)",48.750171474298156,True,19.249828525701844,1.0
9,Greedy,V6,"(11, 47)",36.531149923821275,True,25.468850076178725,1.0
9,Greedy,V7,"(79, 27)",81.03258436420586,True,5.9674156357941435,1.0
9,Greedy,V8,"(10, 11)",60.62916759300434,True,17.370832406995657,1.0
9,Greedy,V9,"(73, 25)",31.9056824664671,True,15.094317533532902,1.0
9,Greedy,V10,"(91, 2)",45.08579667693144,True,24.914203323068563,1.0
9,Auction,V1,"(87, 37)",27.624229113360883,True,32.37577088663912,1.0
9,Auction,V2,"(47, 17)",73.13661001875018,True,9.863389981249824,1.0
9,Auction,V3,"(85, 36)",27.58359213500126,True,26.41640786499874,1.0
9,Auction,V4,"(45, 52)",42.532097368855815,True,22.467902631144185,1.0
9,Auction,V5,"(45, 92)",48.750171474298156,True,19.249828525701844,1.0
9,Auction,V6,"(25, 63)",39.45661806242178,True,22.543381937578218,1.0
9,Auction,V7,"(90, 41)",81.03258436420586,True,5.9674156357941435,1.0
9,Auction,V8,"(3, 9)",65.17997252767987,True,12.820027472320131,1.0
9,Auction,V9,"(69, 34)",31.9056824664671,True,15.094317533532902,1.0
9,Auction,V10,"(94, 70)",61.437095077670385,True,8.562904922329615,1.0
9,Q-Learning,V1,"(85, 36)",35.92511574667754,True,27.07488425332246,4.0
9,Q-Learning,V2,"(47, 17)",73.13661001875018,True,9.863389981249824,1.0
9,Q-Learning,V3,"(94, 70)",43.97534241954608,True,10.024657580453923,1.0
9,Q-Learning,V4,"(25, 63)",43.7685000925981,True,21.2314999074019,1.0
9,Q-Learning,V5,"(45, 92)",48.750171474298156,True,19.249828525701844,1.0
9,Q-Learning,V6,"(45, 52)",39.27238657418681,True,23.727613425813193,2.0
9,Q-Learning,V7,"(90, 41)",81.03258436420586,True,6.9674156357941435,2.0
9,Q-Learning,V8,"(3, 9)",65.17997252767987,True,14.820027472320131,3.0
9,Q-Learning,V9,"(69, 34)",31.9056824664671,True,15.094317533532902,1.0
9,Q-Learning,V10,"(87, 37)",45.08579667693144,True,26.914203323068563,3.0
10,Greedy,V1,"(8, 27)",46.3312083296758,True,12.6687916703242,1.0
10,Greedy,V2,"(52, 27)",61.673081671417606,True,20.32691832858239,1.0
10,Greedy,V3,"(67, 72)",43.97534241954608,True,9.024657580453923,1.0
10,Greedy,V4,"(13, 73)",43.7685000925981,True,20.2314999074019,1.0
10,Greedy,V5,"(38, 73)",48.750171474298156,True,18.249828525701844,1.0
10,Greedy,V6,"(11, 47)",36.531149923821275,True,24.468850076178725,1.0
10,Greedy,V7,"(79, 27)",81.03258436420586,True,4.9674156357941435,1.0
10,Greedy,V8,"(10, 11)",60.62916759300434,True,16.370832406995657,1.0
10,Greedy,V9,"(73, 25)",31.9056824664671,True,14.094317533532902,1.0
10,Greedy,V10,"(91, 2)",45.08579667693144,True,23.914203323068563,1.0
10,Auction,V1,"(87, 37)",27.624229113360883,True,31.375770886639117,1.0
10,Auction,V2,"(47, 17)",73.13661001875018,True,8.863389981249824,1.0
10,Auction,V3,"(85, 36)",27.58359213500126,True,25.41640786499874,1.0
10,Auction,V4,"(45, 52)",42.532097368855815,True,21.467902631144185,1.0
10,Auction,V5,"(45, 92)",48.750171474298156,True,18.249828525701844,1.0
10,Auction,V6,"(25, 63)",39.45661806242178,True,21.543381937578218,1.0
10,Auction,V7,"(90, 41)",81.03258436420586,True,4.9674156357941435,1.0
10,Auction,V8,"(3, 9)",65.17997252767987,True,11.820027472320131,1.0
10,Auction,V9,"(69, 34)",31.9056824664671,True,14.094317533532902,1.0
10,Auction,V10,"(94, 70)",61.437095077670385,True,7.562904922329615,1.0
10,Q-Learning,V1,"(85, 36)",35.92511574667754,True,26.07488425332246,4.0
10,Q-Learning,V2,"(47, 17)",73.13661001875018,True,8.863389981249824,1.0
10,Q-Learning,V3,"(94, 70)",43.97534241954608,True,9.024657580453923,1.0
10,Q-Learning,V4,"(25, 63)",43.7685000925981,True,20.2314999074019,1.0
10,Q-Learning,V5,"(45, 92)",48.750171474298156,True,18.249828525701844,1.0
10,Q-Learning,V6,"(45, 52)",39.27238657418681,True,22.727613425813193,2.0
10,Q-Learning,V7,"(90, 41)",81.03258436420586,True,5.9674156357941435,2.0
10,Q-Learning,V8,"(3, 9)",65.17997252767987,True,13.820027472320131,3.0
10,Q-Learning,V9,"(69, 34)",31.9056824664671,True,14.094317533532902,1.0
10,Q-Learning,V10,"(87, 37)",45.08579667693144,True,25.914203323068563,3.0
11,Greedy,V1,"(8, 27)",46.3312083296758,True,11.6687916703242,1.0
11,Greedy,V2,"(52, 27)",61.673081671417606,True,19.32691832858239,1.0
11,Greedy,V3,"(67, 72)",43.97534241954608,True,8.024657580453923,1.0
11,Greedy,V4,"(13, 73)",43.7685000925981,True,19.2314999074019,1.0
11,Greedy,V5,"(38, 73)",48.750171474298156,True,17.249828525701844,1.0
11,Greedy,V6,"(11, 47)",36.531149923821275,True,23.468850076178725,1.0
11,Greedy,V7,"(79, 27)",81.03258436420586,True,3.9674156357941435,1.0
11,Greedy,V8,"(10, 11)",60.62916759300434,True,15.370832406995657,1.0
11,Greedy,V9,"(73, 25)",31.9056824664671,True,13.094317533532902,1.0
11,Greedy,V10,"(91, 2)",45.08579667693144,True,22.914203323068563,1.0
11,Auction,V1,"(87, 37)",27.624229113360883,True,30.375770886639117,1.0
11,Auction,V2,"(47, 17)",73.13661001875018,True,7.863389981249824,1.0
11,Auction,V3,"(85, 36)",27.58359213500126,True,24.41640786499874,1.0
11,Auction,V4,"(45, 52)",42.532097368855815,True,20.467902631144185,1.0
11,Auction,V5,"(45, 92)",48.750171474298156,True,17.249828525701844,1.0
11,Auction,V6,"(25, 63)",39.45661806242178,True,20.543381937578218,1.0
11,Auction,V7,"(90, 41)",81.03258436420586,True,3.9674156357941435,1.0
11,Auction,V8,"(3, 9)",65.17997252767987,True,10.820027472320131,1.0
11,Auction,V9,"(69, 34)",31.9056824664671,True,13.094317533532902,1.0
11,Auction,V10,"(94, 70)",61.437095077670385,True,6.562904922329615,1.0
11,Q-Learning,V1,"(85, 36)",35.92511574667754,True,25.07488425332246,4.0
11,Q-Learning,V2,"(47, 17)",73.13661001875018,True,7.863389981249824,1.0
11,Q-Learning,V3,"(94, 70)",43.97534241954608,True,8.024657580453923,1.0
11,Q-Learning,V4,"(25, 63)",43.7685000925981,True,19.2314999074019,1.0
11,Q-Learning,V5,"(45, 92)",48.750171474298156,True,17.249828525701844,1.0
11,Q-Learning,V6,"(45, 52)",39.27238657418681,True,21.727613425813193,2.0
11,Q-Learning,V7,"(90, 41)",81.03258436420586,True,4.9674156357941435,2.0
11,Q-Learning,V8,"(3, 9)",65.17997252767987,True,12.820027472320131,3.0
11,Q-Learning,V9,"(69, 34)",31.9056824664671,True,13.094317533532902,1.0
11,Q-Learning,V10,"(87, 37)",45.08579667693144,True,24.914203323068563,3.0
12,Greedy,V1,"(8, 27)",46.3312083296758,True,10.6687916703242,1.0
12,Greedy,V2,"(52, 27)",61.673081671417606,True,18.32691832858239,1.0
12,Greedy,V3,"(67, 72)",43.97534241954608,True,7.024657580453923,1.0
12,Greedy,V4,"(13, 73)",43.7685000925981,True,18.2314999074019,1.0
12,Greedy,V5,"(38, 73)",48.750171474298156,True,16.249828525701844,1.0
12,Greedy,V6,"(11, 47)",36.531149923821275,True,22.468850076178725,1.0
12,Greedy,V7,"(79, 27)",81.03258436420586,True,2.9674156357941435,1.0
12,Greedy,V8,"(10, 11)",60.62916759300434,True,14.370832406995657,1.0
12,Greedy,V9,"(73, 25)",31.9056824664671,True,12.094317533532902,1.0
12,Greedy,V10,"(91, 2)",45.08579667693144,True,21.914203323068563,1.0
12,Auction,V1,"(87, 37)",27.624229113360883,True,29.375770886639117,1.0
12,Auction,V2,"(47, 17)",73.13661001875018,True,6.863389981249824,1.0
12,Auction,V3,"(85, 36)",27.58359213500126,True,23.41640786499874,1.0
12,Auction,V4,"(45, 52)",42.532097368855815,True,19.467902631144185,1.0
12,Auction,V5,"(45, 92)",48.750171474298156,True,16.249828525701844,1.0
12,Auction,V6,"(25, 63)",39.45661806242178,True,19.543381937578218,1.0
12,Auction,V7,"(90, 41)",81.03258436420586,True,2.9674156357941435,1.0
12,Auction,V8,"(3, 9)",65.17997252767987,True,9.820027472320131,1.0
12,Auction,V9,"(69, 34)",31.9056824664671,True,12.094317533532902,1.0
12,Auction,V10,"(94, 70)",61.437095077670385,True,5.562904922329615,1.0
12,Q-Learning,V1,"(85, 36)",35.92511574667754,True,24.07488425332246,4.0
12,Q-Learning,V2,"(47, 17)",73.13661001875018,True,6.863389981249824,1.0
12,Q-Learning,V3,"(94, 70)",43.97534241954608,True,7.024657580453923,1.0
12,Q-Learning,V4,"(25, 63)",43.7685000925981,True,18.2314999074019,1.0
12,Q-Learning,V5,"(45, 92)",48.750171474298156,True,16.249828525701844,1.0
12,Q-Learning,V6,"(45, 52)",39.27238657418681,True,20.727613425813193,2.0
12,Q-Learning,V7,"(90, 41)",81.03258436420586,True,3.9674156357941435,2.0
12,Q-Learning,V8,"(3, 9)",65.17997252767987,True,11.820027472320131,3.0
12,Q-Learning,V9,"(69, 34)",31.9056824664671,True,12.094317533532902,1.0
12,Q-Learning,V10,"(87, 37)",45.08579667693144,True,23.914203323068563,3.0
13,Greedy,V1,"(8, 27)",46.3312083296758,True,9.6687916703242,1.0
13,Greedy,V2,"(52, 27)",61.673081671417606,True,17.32691832858239,1.0
13,Greedy,V3,"(67, 72)",43.97534241954608,True,6.024657580453923,1.0
13,Greedy,V4,"(13, 73)",43.7685000925981,True,17.2314999074019,1.0
13,Greedy,V5,"(38, 73)",48.750171474298156,True,15.249828525701844,1.0
13,Greedy,V6,"(11, 47)",36.531149923821275,True,21.468850076178725,1.0
13,Greedy,V7,"(79, 27)",81.03258436420586,True,1.9674156357941435,1.0
13,Greedy,V8,"(10, 11)",60.62916759300434,True,13.370832406995657,1.0
13,Greedy,V9,"(73, 25)",31.9056824664671,True,11.094317533532902,1.0
13,Greedy,V10,"(91, 2)",45.08579667693144,True,20.914203323068563,1.0
13,Auction,V1,"(87, 37)",27.624229113360883,True,28.375770886639117,1.0
13,Auction,V2,"(47, 17)",73.13661001875018,True,5.863389981249824,1.0
13,Auction,V3,"(85, 36)",27.58359213500126,True,22.41640786499874,1.0
13,Auction,V4,"(45, 52)",42.532097368855815,True,18.467902631144185,1.0
13,Auction,V5,"(45, 92)",48.750171474298156,True,15.249828525701844,1.0
13,Auction,V6,"(25, 63)",39.45661806242178,True,18.543381937578218,1.0
13,Auction,V7,"(90, 41)",81.03258436420586,True,1.9674156357941435,1.0
13,Auction,V8,"(3, 9)",65.17997252767987,True,8.820027472320131,1.0
13,Auction,V9,"(69, 34)",31.9056824664671,True,11.094317533532902,1.0
13,Auction,V10,"(94, 70)",61.437095077670385,True,4.562904922329615,1.0
13,Q-Learning,V1,"(85, 36)",35.92511574667754,True,23.07488425332246,4.0
13,Q-Learning,V2,"(47, 17)",73.13661001875018,True,5.863389981249824,1.0
13,Q-Learning,V3,"(94, 70)",43.97534241954608,True,6.024657580453923,1.0
13,Q-Learning,V4,"(25, 63)",43.7685000925981,True,17.2314999074019,1.0
13,Q-Learning,V5,"(45, 92)",48.750171474298156,True,15.249828525701844,1.0
13,Q-Learning,V6,"(45, 52)",39.27238657418681,True,19.727613425813193,2.0
13,Q-Learning,V7,"(90, 41)",81.03258436420586,True,2.9674156357941435,2.0
13,Q-Learning,V8,"(3, 9)",65.17997252767987,True,10.820027472320131,3.0
13,Q-Learning,V9,"(69, 34)",31.9056824664671,True,11.094317533532902,1.0
13,Q-Learning,V10,"(87, 37)",45.08579667693144,True,22.914203323068563,3.0
14,Greedy,V1,"(8, 27)",46.3312083296758,True,8.6687916703242,1.0
14,Greedy,V2,"(52, 27)",61.673081671417606,True,16.32691832858239,1.0
14,Greedy,V3,"(67, 72)",43.97534241954608,True,5.024657580453923,1.0
14,Greedy,V4,"(13, 73)",43.7685000925981,True,16.2314999074019,1.0
14,Greedy,V5,"(38, 73)",48.750171474298156,True,14.249828525701844,1.0
14,Greedy,V6,"(11, 47)",36.531149923821275,True,20.468850076178725,1.0
14,Greedy,V7,"(79, 27)",81.03258436420586,True,0.9674156357941435,1.0
14,Greedy,V8,"(10, 11)",60.62916759300434,True,12.370832406995657,1.0
14,Greedy,V9,"(73, 25)",31.9056824664671,True,10.094317533532902,1.0
14,Greedy,V10,"(91, 2)",45.08579667693144,True,19.914203323068563,1.0
14,Auction,V1,"(87, 37)",27.624229113360883,True,27.375770886639117,1.0
14,Auction,V2,"(47, 17)",73.13661001875018,True,4.863389981249824,1.0
14,Auction,V3,"(85, 36)",27.58359213500126,True,21.41640786499874,1.0
14,Auction,V4,"(45, 52)",42.532097368855815,True,17.467902631144185,1.0
14,Auction,V5,"(45, 92)",48.750171474298156,True,14.249828525701844,1.0
14,Auction,V6,"(25, 63)",39.45661806242178,True,17.543381937578218,1.0
14,Auction,V7,"(90, 41)",81.03258436420586,True,0.9674156357941435,1.0
14,Auction,V8,"(3, 9)",65.17997252767987,True,7.820027472320131,1.0
14,Auction,V9,"(69, 34)",31.9056824664671,True,10.094317533532902,1.0
14,Auction,V10,"(94, 70)",61.437095077670385,True,3.562904922329615,1.0
14,Q-Learning,V1,"(85, 36)",35.92511574667754,True,22.07488425332246,4.0
14,Q-Learning,V2,"(47, 17)",73.13661001875018,True,4.863389981249824,1.0
14,Q-Learning,V3,"(94, 70)",43.97534241954608,True,5.024657580453923,1.0
14,Q-Learning,V4,"(25, 63)",43.7685000925981,True,16.2314999074019,1.0
14,Q-Learning,V5,"(45, 92)",48.750171474298156,True,14.249828525701844,1.0
14,Q-Learning,V6,"(45, 52)",39.27238657418681,True,18.727613425813193,2.0
14,Q-Learning,V7,"(90, 41)",81.03258436420586,True,1.9674156357941435,2.0
14,Q-Learning,V8,"(3, 9)",65.17997252767987,True,9.820027472320131,3.0
14,Q-Learning,V9,"(69, 34)",31.9056824664671,True,10.094317533532902,1.0
14,Q-Learning,V10,"(87, 37)",45.08579667693144,True,21.914203323068563,3.0
15,Greedy,V1,"(8, 27)",46.3312083296758,True,7.6687916703242,1.0
15,Greedy,V2,"(52, 27)",61.673081671417606,True,15.32691832858239,1.0
15,Greedy,V3,"(67, 72)",43.97534241954608,True,4.024657580453923,1.0
15,Greedy,V4,"(13, 73)",43.7685000925981,True,15.2314999074019,1.0
15,Greedy,V5,"(38, 73)",48.750171474298156,True,13.249828525701844,1.0
15,Greedy,V6,"(11, 47)",36.531149923821275,True,19.468850076178725,1.0
15,Greedy,V7,"(79, 27)",81.03258436420586,True,0.0,1.0
15,Greedy,V8,"(10, 11)",60.62916759300434,True,11.370832406995657,1.0
15,Greedy,V9,"(73, 25)",31.9056824664671,True,9.094317533532902,1.0
15,Greedy,V10,"(91, 2)",45.08579667693144,True,18.914203323068563,1.0
15,Auction,V1,"(87, 37)",27.624229113360883,True,26.375770886639117,1.0
15,Auction,V2,"(47, 17)",73.13661001875018,True,3.8633899812498242,1.0
15,Auction,V3,"(85, 36)",27.58359213500126,True,20.41640786499874,1.0
15,Auction,V4,"(45, 52)",42.532097368855815,True,16.467902631144185,1.0
15,Auction,V5,"(45, 92)",48.750171474298156,True,13.249828525701844,1.0
15,Auction,V6,"(25, 63)",39.45661806242178,True,16.543381937578218,1.0
15,Auction,V7,"(90, 41)",81.03258436420586,True,0.0,1.0
15,Auction,V8,"(3, 9)",65.17997252767987,True,6.820027472320131,1.0
15,Auction,V9,"(69, 34)",31.9056824664671,True,9.094317533532902,1.0
15,Auction,V10,"(94, 70)",61.437095077670385,True,2.562904922329615,1.0
15,Q-Learning,V1,"(85, 36)",35.92511574667754,True,21.07488425332246,4.0
15,Q-Learning,V2,"(47, 17)",73.13661001875018,True,3.8633899812498242,1.0
15,Q-Learning,V3,"(94, 70)",43.97534241954608,True,4.024657580453923,1.0
15,Q-Learning,V4,"(25, 63)",43.7685000925981,True,15.2314999074019,1.0
15,Q-Learning,V5,"(45, 92)",48.750171474298156,True,13.249828525701844,1.0
15,Q-Learning,V6,"(45, 52)",39.27238657418681,True,17.727613425813193,2.0
15,Q-Learning,V7,"(90, 41)",81.03258436420586,True,0.9674156357941435,2.0
15,Q-Learning,V8,"(3, 9)",65.17997252767987,True,8.820027472320131,3.0
15,Q-Learning,V9,"(69, 34)",31.9056824664671,True,9.094317533532902,1.0
15,Q-Learning,V10,"(87, 37)",45.08579667693144,True,20.914203323068563,3.0
16,Greedy,V1,"(8, 27)",46.3312083296758,True,6.6687916703242,1.0
16,Greedy,V2,"(52, 27)",61.673081671417606,True,14.32691832858239,1.0
16,Greedy,V3,"(67, 72)",43.97534241954608,True,3.0246575804539226,1.0
16,Greedy,V4,"(13, 73)",43.7685000925981,True,14.2314999074019,1.0
16,Greedy,V5,"(38, 73)",48.750171474298156,True,12.249828525701844,1.0
16,Greedy,V6,"(11, 47)",36.531149923821275,True,18.468850076178725,1.0
16,Greedy,V7,"(79, 27)",48.1972188127359,True,31.835365551469962,1.0
16,Greedy,V8,"(10, 11)",60.62916759300434,True,10.370832406995657,1.0
16,Greedy,V9,"(73, 25)",31.9056824664671,True,8.094317533532902,1.0
16,Greedy,V10,"(91, 2)",45.08579667693144,True,17.914203323068563,1.0
16,Auction,V1,"(87, 37)",27.624229113360883,True,25.375770886639117,1.0
16,Auction,V2,"(47, 17)",73.13661001875018,True,2.8633899812498242,1.0
16,Auction,V3,"(85, 36)",27.58359213500126,True,19.41640786499874,1.0
16,Auction,V4,"(45, 52)",42.532097368855815,True,15.467902631144185,1.0
16,Auction,V5,"(45, 92)",48.750171474298156,True,12.249828525701844,1.0
16,Auction,V6,"(25, 63)",39.45661806242178,True,15.543381937578218,1.0
16,Auction,V7,"(80, 68)",50.23385768124321,True,29.798726682962656,1.0
16,Auction,V8,"(3, 9)",65.17997252767987,True,5.820027472320131,1.0
16,Auction,V9,"(69, 34)",31.9056824664671,True,8.094317533532902,1.0
16,Auction,V10,"(94, 70)",61.437095077670385,True,1.562904922329615,1.0
16,Q-Learning,V1,"(85, 36)",35.92511574667754,True,20.07488425332246,4.0
16,Q-Learning,V2,"(47, 17)",73.13661001875018,True,2.8633899812498242,1.0
16,Q-Learning,V3,"(94, 70)",43.97534241954608,True,3.0246575804539226,1.0
16,Q-Learning,V4,"(25, 63)",43.7685000925981,True,14.2314999074019,1.0
16,Q-Learning,V5,"(45, 92)",48.750171474298156,True,12.249828525701844,1.0
16,Q-Learning,V6,"(45, 52)",39.27238657418681,True,16.727613425813193,2.0
16,Q-Learning,V7,"(90, 41)",81.03258436420586,True,0.0,2.0
16,Q-Learning,V8,"(3, 9)",65.17997252767987,True,7.820027472320131,3.0
16,Q-Learning,V9,"(69, 34)",31.9056824664671,True,8.094317533532902,1.0
16,Q-Learning,V10,"(87, 37)",45.08579667693144,True,19.914203323068563,3.0
17,Greedy,V1,"(8, 27)",46.3312083296758,True,5.6687916703242,1.0
17,Greedy,V2,"(52, 27)",61.673081671417606,True,13.32691832858239,1.0
17,Greedy,V3,"(67, 72)",43.97534241954608,True,2.0246575804539226,1.0
17,Greedy,V4,"(13, 73)",43.7685000925981,True,13.2314999074019,1.0
17,Greedy,V5,"(38, 73)",48.750171474298156,True,11.249828525701844,1.0
17,Greedy,V6,"(11, 47)",36.531149923821275,True,17.468850076178725,1.0
17,Greedy,V7,"(79, 27)",48.1972188127359,True,30.835365551469962,1.0
17,Greedy,V8,"(10, 11)",60.62916759300434,True,9.370832406995657,1.0
17,Greedy,V9,"(73, 25)",31.9056824664671,True,7.094317533532902,1.0
17,Greedy,V10,"(91, 2)",45.08579667693144,True,16.914203323068563,1.0
17,Auction,V1,"(87, 37)",27.624229113360883,True,24.375770886639117,1.0
17,Auction,V2,"(47, 17)",73.13661001875018,True,1.8633899812498242,1.0
17,Auction,V3,"(85, 36)",27.58359213500126,True,18.41640786499874,1.0
17,Auction,V4,"(45, 52)",42.532097368855815,True,14.467902631144185,1.0
17,Auction,V5,"(45, 92)",48.750171474298156,True,11.249828525701844,1.0
17,Auction,V6,"(25, 63)",39.45661806242178,True,14.543381937578218,1.0
17,Auction,V7,"(80, 68)",50.23385768124321,True,28.798726682962656,1.0
17,Auction,V8,"(3, 9)",65.17997252767987,True,4.820027472320131,1.0
17,Auction,V9,"(69, 34)",31.9056824664671,True,7.094317533532902,1.0
17,Auction,V10,"(94, 70)",61.437095077670385,True,0.562904922329615,1.0
17,Q-Learning,V1,"(85, 36)",35.92511574667754,True,19.07488425332246,4.0
17,Q-Learning,V2,"(47, 17)",73.13661001875018,True,1.8633899812498242,1.0
17,Q-Learning,V3,"(94, 70)",43.97534241954608,True,2.0246575804539226,1.0
17,Q-Learning,V4,"(25, 63)",43.7685000925981,True,13.2314999074019,1.0
17,Q-Learning,V5,"(45, 92)",48.750171474298156,True,11.249828525701844,1.0
17,Q-Learning,V6,"(45, 52)",39.27238657418681,True,15.727613425813193,2.0
17,Q-Learning,V7,"(80, 68)",50.23385768124321,True,29.798726682962656,2.0
17,Q-Learning,V8,"(3, 9)",65.17997252767987,True,6.820027472320131,3.0
17,Q-Learning,V9,"(69, 34)",31.9056824664671,True,7.094317533532902,1.0
17,Q-Learning,V10,"(87, 37)",45.08579667693144,True,18.914203323068563,3.0
18,Greedy,V1,"(8, 27)",46.3312083296758,True,4.6687916703242,1.0
18,Greedy,V2,"(52, 27)",61.673081671417606,True,12.32691832858239,1.0
18,Greedy,V3,"(67, 72)",43.97534241954608,True,1.0246575804539226,1.0
18,Greedy,V4,"(13, 73)",43.7685000925981,True,12.2314999074019,1.0
18,Greedy,V5,"(38, 73)",48.750171474298156,True,10.249828525701844,1.0
18,Greedy,V6,"(11, 47)",36.531149923821275,True,16.468850076178725,1.0
18,Greedy,V7,"(79, 27)",48.1972188127359,True,29.835365551469962,1.0
18,Greedy,V8,"(10, 11)",60.62916759300434,True,8.370832406995657,1.0
18,Greedy,V9,"(73, 25)",31.9056824664671,True,6.094317533532902,1.0
18,Greedy,V10,"(91, 2)",45.08579667693144,True,15.914203323068563,1.0
18,Auction,V1,"(87, 37)",27.624229113360883,True,23.375770886639117,1.0
18,Auction,V2,"(47, 17)",73.13661001875018,True,0.8633899812498242,1.0
18,Auction,V3,"(85, 36)",27.58359213500126,True,17.41640786499874,1.0
18,Auction,V4,"(45, 52)",42.532097368855815,True,13.467902631144185,1.0
18,Auction,V5,"(45, 92)",48.750171474298156,True,10.249828525701844,1.0
18,Auction,V6,"(25, 63)",39.45661806242178,True,13.543381937578218,1.0
18,Auction,V7,"(80, 68)",50.23385768124321,True,27.798726682962656,1.0
18,Auction,V8,"(3, 9)",65.17997252767987,True,3.820027472320131,1.0
18,Auction,V9,"(69, 34)",31.9056824664671,True,6.094317533532902,1.0
18,Auction,V10,"(94, 70)",61.437095077670385,True,0.0,1.0
18,Q-Learning,V1,"(85, 36)",35.92511574667754,True,18.07488425332246,4.0
18,Q-Learning,V2,"(47, 17)",73.13661001875018,True,0.8633899812498242,1.0
18,Q-Learning,V3,"(94, 70)",43.97534241954608,True,1.0246575804539226,1.0
18,Q-Learning,V4,"(25, 63)",43.7685000925981,True,12.2314999074019,1.0
18,Q-Learning,V5,"(45, 92)",48.750171474298156,True,10.249828525701844,1.0
18,Q-Learning,V6,"(45, 52)",39.27238657418681,True,14.727613425813193,2.0
18,Q-Learning,V7,"(80, 68)",50.23385768124321,True,28.798726682962656,2.0
18,Q-Learning,V8,"(3, 9)",65.17997252767987,True,5.820027472320131,3.0
18,Q-Learning,V9,"(69, 34)",31.9056824664671,True,6.094317533532902,1.0
18,Q-Learning,V10,"(87, 37)",45.08579667693144,True,17.914203323068563,3.0
19,Greedy,V1,"(8, 27)",46.3312083296758,True,3.6687916703242003,1.0
19,Greedy,V2,"(52, 27)",61.673081671417606,True,11.32691832858239,1.0
19,Greedy,V3,"(67, 72)",43.97534241954608,True,0.024657580453922634,1.0
19,Greedy,V4,"(13, 73)",43.7685000925981,True,11.2314999074019,1.0
19,Greedy,V5,"(38, 73)",48.750171474298156,True,9.249828525701844,1.0
19,Greedy,V6,"(11, 47)",36.531149923821275,True,15.468850076178725,1.0
19,Greedy,V7,"(79, 27)",48.1972188127359,True,28.835365551469962,1.0
19,Greedy,V8,"(10, 11)",60.62916759300434,True,7.370832406995657,1.0
19,Greedy,V9,"(73, 25)",31.9056824664671,True,5.094317533532902,1.0
19,Greedy,V10,"(91, 2)",45.08579667693144,True,14.914203323068563,1.0
19,Auction,V1,"(87, 37)",27.624229113360883,True,22.375770886639117,1.0
19,Auction,V2,"(47, 17)",73.13661001875018,True,0.0,1.0
19,Auction,V3,"(85, 36)",27.58359213500126,True,16.41640786499874,1.0
19,Auction,V4,"(45, 52)",42.532097368855815,True,12.467902631144185,1.0
19,Auction,V5,"(45, 92)",48.750171474298156,True,9.249828525701844,1.0
19,Auction,V6,"(25, 63)",39.45661806242178,True,12.543381937578218,1.0
19,Auction,V7,"(80, 68)",50.23385768124321,True,26.798726682962656,1.0
19,Auction,V8,"(3, 9)",65.17997252767987,True,2.820027472320131,1.0
19,Auction,V9,"(69, 34)",31.9056824664671,True,5.094317533532902,1.0
19,Auction,V10,"(18, 58)",33.88803549470534,True,26.549059582965043,1.0
19,Q-Learning,V1,"(85, 36)",35.92511574667754,True,17.07488425332246,4.0
19,Q-Learning,V2,"(47, 17)",73.13661001875018,True,0.0,1.0
19,Q-Learning,V3,"(94, 70)",43.97534241954608,True,0.024657580453922634,1.0
19,Q-Learning,V4,"(25, 63)",43.7685000925981,True,11.2314999074019,1.0
19,Q-Learning,V5,"(45, 92)",48.750171474298156,True,9.249828525701844,1.0
19,Q-Learning,V6,"(45, 52)",39.27238657418681,True,13.727613425813193,2.0
19,Q-Learning,V7,"(80, 68)",50.23385768124321,True,27.798726682962656,2.0
19,Q-Learning,V8,"(3, 9)",65.17997252767987,True,4.820027472320131,3.0
19,Q-Learning,V9,"(69, 34)",31.9056824664671,True,5.094317533532902,1.0
19,Q-Learning,V10,"(87, 37)",45.08579667693144,True,16.914203323068563,3.0
20,Greedy,V1,"(8, 27)",46.3312083296758,True,2.6687916703242003,1.0
20,Greedy,V2,"(52, 27)",61.673081671417606,True,10.32691832858239,1.0
20,Greedy,V3,"(67, 72)",43.97534241954608,True,0.0,1.0
20,Greedy,V4,"(13, 73)",43.7685000925981,True,10.2314999074019,1.0
20,Greedy,V5,"(38, 73)",48.750171474298156,True,8.249828525701844,1.0
20,Greedy,V6,"(11, 47)",36.531149923821275,True,14.468850076178725,1.0
20,Greedy,V7,"(79, 27)",48.1972188127359,True,27.835365551469962,1.0
20,Greedy,V8,"(10, 11)",60.62916759300434,True,6.370832406995657,1.0
20,Greedy,V9,"(73, 25)",31.9056824664671,True,4.094317533532902,1.0
20,Greedy,V10,"(91, 2)",45.08579667693144,True,13.914203323068563,1.0
20,Auction,V1,"(87, 37)",27.624229113360883,True,21.375770886639117,1.0
20,Auction,V2,"(36, 4)",44.29837895776244,True,27.838231060987734,1.0
20,Auction,V3,"(85, 36)",27.58359213500126,True,15.416407864998739,1.0
20,Auction,V4,"(45, 52)",42.532097368855815,True,11.467902631144185,1.0
20,Auction,V5,"(45, 92)",48.750171474298156,True,8.249828525701844,1.0
20,Auction,V6,"(25, 63)",39.45661806242178,True,11.543381937578218,1.0
20,Auction,V7,"(80, 68)",50.23385768124321,True,25.798726682962656,1.0
20,Auction,V8,"(3, 9)",65.17997252767987,True,1.820027472320131,1.0
20,Auction,V9,"(69, 34)",31.9056824664671,True,4.094317533532902,1.0
20,Auction,V10,"(18, 58)",33.88803549470534,True,25.549059582965043,1.0
20,Q-Learning,V1,"(85, 36)",35.92511574667754,True,16.07488425332246,4.0
20,Q-Learning,V2,"(18, 58)",45.76669033242369,True,26.36991968632648,1.0
20,Q-Learning,V3,"(94, 70)",43.97534241954608,True,0.0,1.0
20,Q-Learning,V4,"(25, 63)",43.7685000925981,True,10.2314999074019,1.0
20,Q-Learning,V5,"(45, 92)",48.750171474298156,True,8.249828525701844,1.0
20,Q-Learning,V6,"(45, 52)",39.27238657418681,True,12.727613425813193,2.0
20,Q-Learning,V7,"(80, 68)",50.23385768124321,True,26.798726682962656,2.0
20,Q-Learning,V8,"(3, 9)",65.17997252767987,True,3.820027472320131,3.0
20,Q-Learning,V9,"(69, 34)",31.9056824664671,True,4.094317533532902,1.0
20,Q-Learning,V10,"(87, 37)",45.08579667693144,True,15.914203323068563,3.0
21,Greedy,V1,"(8, 27)",46.3312083296758,True,1.6687916703242003,1.0
21,Greedy,V2,"(52, 27)",61.673081671417606,True,9.32691832858239,1.0
21,Greedy,V3,"(67, 72)",7.98841934455821,True,34.98692307498787,1.0
21,Greedy,V4,"(13, 73)",43.7685000925981,True,9.2314999074019,1.0
21,Greedy,V5,"(38, 73)",48.750171474298156,True,7.249828525701844,1.0
21,Greedy,V6,"(11, 47)",36.531149923821275,True,13.468850076178725,1.0
21,Greedy,V7,"(79, 27)",48.1972188127359,True,26.835365551469962,1.0
21,Greedy,V8,"(10, 11)",60.62916759300434,True,5.370832406995657,1.0
21,Greedy,V9,"(73, 25)",31.9056824664671,True,3.0943175335329016,1.0
21,Greedy,V10,"(91, 2)",45.08579667693144,True,12.914203323068563,1.0
21,Auction,V1,"(87, 37)",27.624229113360883,True,20.375770886639117,1.0
21,Auction,V2,"(36, 4)",44.29837895776244,True,26.838231060987734,1.0
21,Auction,V3,"(85, 36)",27.58359213500126,True,14.416407864998739,1.0
21,Auction,V4,"(45, 52)",42.532097368855815,True,10.467902631144185,1.0
21,Auction,V5,"(45, 92)",48.750171474298156,True,7.249828525701844,1.0
21,Auction,V6,"(25, 63)",39.45661806242178,True,10.543381937578218,1.0
21,Auction,V7,"(80, 68)",50.23385768124321,True,24.798726682962656,1.0
21,Auction,V8,"(3, 9)",65.17997252767987,True,0.8200274723201311,1.0
21,Auction,V9,"(69, 34)",31.9056824664671,True,3.0943175335329016,1.0
21,Auction,V10,"(18, 58)",33.88803549470534,True,24.549059582965043,1.0
21,Q-Learning,V1,"(85, 36)",35.92511574667754,True,15.074884253322459,4.0
21,Q-Learning,V2,"(18, 58)",45.76669033242369,True,25.36991968632648,1.0
21,Q-Learning,V3,"(61, 62)",15.656724521979648,True,27.318617897566433,1.0
21,Q-Learning,V4,"(25, 63)",43.7685000925981,True,9.2314999074019,1.0
21,Q-Learning,V5,"(45, 92)",48.750171474298156,True,7.249828525701844,1.0
21,Q-Learning,V6,"(45, 52)",39.27238657418681,True,11.727613425813193,2.0
21,Q-Learning,V7,"(80, 68)",50.23385768124321,True,25.798726682962656,2.0
21,Q-Learning,V8,"(3, 9)",65.17997252767987,True,2.820027472320131,3.0
21,Q-Learning,V9,"(69, 34)",31.9056824664671,True,3.0943175335329016,1.0
21,Q-Learning,V10,"(87, 37)",45.08579667693144,True,14.914203323068563,3.0
22,Greedy,V1,"(8, 27)",46.3312083296758,True,0.6687916703242003,1.0
22,Greedy,V2,"(52, 27)",61.673081671417606,True,8.32691832858239,1.0
22,Greedy,V3,"(67, 72)",7.98841934455821,True,33.98692307498787,1.0
22,Greedy,V4,"(13, 73)",43.7685000925981,True,8.2314999074019,1.0
22,Greedy,V5,"(38, 73)",48.750171474298156,True,6.249828525701844,1.0
22,Greedy,V6,"(11, 47)",36.531149923821275,True,12.468850076178725,1.0
22,Greedy,V7,"(79, 27)",48.1972188127359,True,25.835365551469962,1.0
22,Greedy,V8,"(10, 11)",60.62916759300434,True,4.370832406995657,1.0
22,Greedy,V9,"(73, 25)",31.9056824664671,True,2.0943175335329016,1.0
22,Greedy,V10,"(91, 2)",45.08579667693144,True,11.914203323068563,1.0
22,Auction,V1,"(87, 37)",27.624229113360883,True,19.375770886639117,1.0
22,Auction,V2,"(36, 4)",44.29837895776244,True,25.838231060987734,1.0
22,Auction,V3,"(85, 36)",27.58359213500126,True,13.416407864998739,1.0
22,Auction,V4,"(45, 52)",42.532097368855815,True,9.467902631144185,1.0
22,Auction,V5,"(45, 92)",48.750171474298156,True,6.249828525701844,1.0
22,Auction,V6,"(25, 63)",39.45661806242178,True,9.543381937578218,1.0
22,Auction,V7,"(80, 68)",50.23385768124321,True,23.798726682962656,1.0
22,Auction,V8,"(3, 9)",65.17997252767987,True,0.0,1.0
22,Auction,V9,"(69, 34)",31.9056824664671,True,2.0943175335329016,1.0
22,Auction,V10,"(18, 58)",33.88803549470534,True,23.549059582965043,1.0
22,Q-Learning,V1,"(85, 36)",35.92511574667754,True,14.074884253322459,4.0
22,Q-Learning,V2,"(18, 58)",45.76669033242369,True,24.36991968632648,1.0
22,Q-Learning,V3,"(61, 62)",15.656724521979648,True,26.318617897566433,1.0
22,Q-Learning,V4,"(25, 63)",43.7685000925981,True,8.2314999074019,1.0
22,Q-Learning,V5,"(45, 92)",48.750171474298156,True,6.249828525701844,1.0
22,Q-Learning,V6,"(45, 52)",39.27238657418681,True,10.727613425813193,2.0
22,Q-Learning,V7,"(80, 68)",50.23385768124321,True,24.798726682962656,2.0
22,Q-Learning,V8,"(3, 9)",65.17997252767987,True,1.820027472320131,3.0
22,Q-Learning,V9,"(69, 34)",31.9056824664671,True,2.0943175335329016,1.0
22,Q-Learning,V10,"(87, 37)",45.08579667693144,True,13.914203323068563,3.0
23,Greedy,V1,"(8, 27)",46.3312083296758,True,0.0,1.0
23,Greedy,V2,"(52, 27)",61.673081671417606,True,7.326918328582391,1.0
23,Greedy,V3,"(67, 72)",7.98841934455821,True,32.98692307498787,1.0
23,Greedy,V4,"(13, 73)",43.7685000925981,True,7.231499907401901,1.0
23,Greedy,V5,"(38, 73)",48.750171474298156,True,5.249828525701844,1.0
23,Greedy,V6,"(11, 47)",36.531149923821275,True,11.468850076178725,1.0
23,Greedy,V7,"(79, 27)",48.1972188127359,True,24.835365551469962,1.0
23,Greedy,V8,"(10, 11)",60.62916759300434,True,3.370832406995657,1.0
23,Greedy,V9,"(73, 25)",31.9056824664671,True,1.0943175335329016,1.0
23,Greedy,V10,"(91, 2)",45.08579667693144,True,10.914203323068563,1.0
23,Auction,V1,"(87, 37)",27.624229113360883,True,18.375770886639117,1.0
23,Auction,V2,"(36, 4)",44.29837895776244,True,24.838231060987734,1.0
23,Auction,V3,"(85, 36)",27.58359213500126,True,12.416407864998739,1.0
23,Auction,V4,"(45, 52)",42.532097368855815,True,8.467902631144185,1.0
23,Auction,V5,"(45, 92)",48.750171474298156,True,5.249828525701844,1.0
23,Auction,V6,"(25, 63)",39.45661806242178,True,8.543381937578218,1.0
23,Auction,V7,"(80, 68)",50.23385768124321,True,22.798726682962656,1.0
23,Auction,V8,"(22, 18)",44.9240235172727,True,19.25594901040716,1.0
23,Auction,V9,"(69, 34)",31.9056824664671,True,1.0943175335329016,1.0
23,Auction,V10,"(18, 58)",33.88803549470534,True,22.549059582965043,1.0
23,Q-Learning,V1,"(85, 36)",35.92511574667754,True,13.074884253322459,4.0
23,Q-Learning,V2,"(18, 58)",45.76669033242369,True,23.36991968632648,1.0
23,Q-Learning,V3,"(61, 62)",15.656724521979648,True,25.318617897566433,1.0
23,Q-Learning,V4,"(25, 63)",43.7685000925981,True,7.231499907401901,1.0
23,Q-Learning,V5,"(45, 92)",48.750171474298156,True,5.249828525701844,1.0
23,Q-Learning,V6,"(45, 52)",39.27238657418681,True,9.727613425813193,2.0
23,Q-Learning,V7,"(80, 68)",50.23385768124321,True,23.798726682962656,2.0
23,Q-Learning,V8,"(3, 9)",65.17997252767987,True,0.8200274723201311,3.0
23,Q-Learning,V9,"(69, 34)",31.9056824664671,True,1.0943175335329016,1.0
23,Q-Learning,V10,"(87, 37)",45.08579667693144,True,12.914203323068563,3.0
24,Greedy,V1,"(8, 27)",15.15473092053482,True,30.176477409140983,1.0
24,Greedy,V2,"(52, 27)",61.673081671417606,True,6.326918328582391,1.0
24,Greedy,V3,"(67, 72)",7.98841934455821,True,31.98692307498787,1.0
24,Greedy,V4,"(13, 73)",43.7685000925981,True,6.231499907401901,1.0
24,Greedy,V5,"(38, 73)",48.750171474298156,True,4.249828525701844,1.0
24,Greedy,V6,"(11, 47)",36.531149923821275,True,10.468850076178725,1.0
24,Greedy,V7,"(79, 27)",48.1972188127359,True,23.835365551469962,1.0
24,Greedy,V8,"(10, 11)",60.62916759300434,True,2.370832406995657,1.0
24,Greedy,V9,"(73, 25)",31.9056824664671,True,0.09431753353290162,1.0
24,Greedy,V10,"(91, 2)",45.08579667693144,True,9.914203323068563,1.0
24,Auction,V1,"(87, 37)",27.624229113360883,True,17.375770886639117,1.0
24,Auction,V2,"(36, 4)",44.29837895776244,True,23.838231060987734,1.0
24,Auction,V3,"(85, 36)",27.58359213500126,True,11.416407864998739,1.0
24,Auction,V4,"(45, 52)",42.532097368855815,True,7.4679026311441845,1.0
24,Auction,V5,"(45, 92)",48.750171474298156,True,4.249828525701844,1.0
24,Auction,V6,"(25, 63)",39.45661806242178,True,7.543381937578218,1.0
24,Auction,V7,"(80, 68)",50.23385768124321,True,21.798726682962656,1.0
24,Auction,V8,"(22, 18)",44.9240235172727,True,18.25594901040716,1.0
24,Auction,V9,"(69, 34)",31.9056824664671,True,0.09431753353290162,1.0
24,Auction,V10,"(18, 58)",33.88803549470534,True,21.549059582965043,1.0
24,Q-Learning,V1,"(85, 36)",35.92511574667754,True,12.074884253322459,4.0
24,Q-Learning,V2,"(18, 58)",45.76669033242369,True,22.36991968632648,1.0
24,Q-Learning,V3,"(61, 62)",15.656724521979648,True,24.318617897566433,1.0
24,Q-Learning,V4,"(25, 63)",43.7685000925981,True,6.231499907401901,1.0
24,Q-Learning,V5,"(45, 92)",48.750171474298156,True,4.249828525701844,1.0
24,Q-Learning,V6,"(45, 52)",39.27238657418681,True,8.727613425813193,2.0
24,Q-Learning,V7,"(80, 68)",50.23385768124321,True,22.798726682962656,2.0
24,Q-Learning,V8,"(3, 9)",65.17997252767987,True,0.0,3.0
24,Q-Learning,V9,"(69, 34)",31.9056824664671,True,0.09431753353290162,1.0
24,Q-Learning,V10,"(87, 37)",45.08579667693144,True,11.914203323068563,3.0
25,Greedy,V1,"(8, 27)",15.15473092053482,True,29.176477409140983,1.0
25,Greedy,V2,"(52, 27)",61.673081671417606,True,5.326918328582391,1.0
25,Greedy,V3,"(67, 72)",7.98841934455821,True,30.98692307498787,1.0
25,Greedy,V4,"(13, 73)",43.7685000925981,True,5.231499907401901,1.0
25,Greedy,V5,"(38, 73)",48.750171474298156,True,3.2498285257018438,1.0
25,Greedy,V6,"(11, 47)",36.531149923821275,True,9.468850076178725,1.0
25,Greedy,V7,"(79, 27)",48.1972188127359,True,22.835365551469962,1.0
25,Greedy,V8,"(10, 11)",60.62916759300434,True,1.3708324069956568,1.0
25,Greedy,V9,"(73, 25)",31.9056824664671,True,0.0,1.0
25,Greedy,V10,"(91, 2)",45.08579667693144,True,8.914203323068563,1.0
25,Auction,V1,"(87, 37)",27.624229113360883,True,16.375770886639117,1.0
25,Auction,V2,"(36, 4)",44.29837895776244,True,22.838231060987734,1.0
25,Auction,V3,"(85, 36)",27.58359213500126,True,10.416407864998739,1.0
25,Auction,V4,"(45, 52)",42.532097368855815,True,6.4679026311441845,1.0
25,Auction,V5,"(45, 92)",48.750171474298156,True,3.2498285257018438,1.0
25,Auction,V6,"(25, 63)",39.45661806242178,True,6.543381937578218,1.0
25,Auction,V7,"(80, 68)",50.23385768124321,True,20.798726682962656,1.0
25,Auction,V8,"(22, 18)",44.9240235172727,True,17.25594901040716,1.0
25,Auction,V9,"(69, 34)",31.9056824664671,True,0.0,1.0
25,Auction,V10,"(18, 58)",33.88803549470534,True,20.549059582965043,1.0
25,Q-Learning,V1,"(85, 36)",35.92511574667754,True,11.074884253322459,4.0
25,Q-Learning,V2,"(18, 58)",45.76669033242369,True,21.36991968632648,1.0
25,Q-Learning,V3,"(61, 62)",15.656724521979648,True,23.318617897566433,1.0
25,Q-Learning,V4,"(25, 63)",43.7685000925981,True,5.231499907401901,1.0
25,Q-Learning,V5,"(45, 92)",48.750171474298156,True,3.2498285257018438,1.0
25,Q-Learning,V6,"(45, 52)",39.27238657418681,True,7.7276134258131925,2.0
25,Q-Learning,V7,"(80, 68)",50.23385768124321,True,21.798726682962656,2.0
25,Q-Learning,V8,"(36, 4)",30.83581289354055,True,33.34415963413932,3.0
25,Q-Learning,V9,"(69, 34)",31.9056824664671,True,0.0,1.0
25,Q-Learning,V10,"(87, 37)",45.08579667693144,True,10.914203323068563,3.0
26,Greedy,V1,"(8, 27)",15.15473092053482,True,28.176477409140983,1.0
26,Greedy,V2,"(52, 27)",61.673081671417606,True,4.326918328582391,1.0
26,Greedy,V3,"(67, 72)",7.98841934455821,True,29.98692307498787,1.0
26,Greedy,V4,"(13, 73)",43.7685000925981,True,4.231499907401901,1.0
26,Greedy,V5,"(38, 73)",48.750171474298156,True,2.2498285257018438,1.0
26,Greedy,V6,"(11, 47)",36.531149923821275,True,8.468850076178725,1.0
26,Greedy,V7,"(79, 27)",48.1972188127359,True,21.835365551469962,1.0
26,Greedy,V8,"(10, 11)",60.62916759300434,True,0.3708324069956568,1.0
26,Greedy,V9,"(73, 25)",10.58376016896116,True,20.32192229750594,1.0
26,Greedy,V10,"(91, 2)",45.08579667693144,True,7.914203323068563,1.0
26,Auction,V1,"(87, 37)",27.624229113360883,True,15.375770886639117,1.0
26,Auction,V2,"(36, 4)",44.29837895776244,True,21.838231060987734,1.0
26,Auction,V3,"(85, 36)",27.58359213500126,True,9.416407864998739,1.0
26,Auction,V4,"(45, 52)",42.532097368855815,True,5.4679026311441845,1.0
26,Auction,V5,"(45, 92)",48.750171474298156,True,2.2498285257018438,1.0
26,Auction,V6,"(25, 63)",39.45661806242178,True,5.543381937578218,1.0
26,Auction,V7,"(80, 68)",50.23385768124321,True,19.798726682962656,1.0
26,Auction,V8,"(22, 18)",44.9240235172727,True,16.25594901040716,1.0
26,Auction,V9,"(61, 62)",11.670078071231313,True,19.235604395235786,1.0
26,Auction,V10,"(18, 58)",33.88803549470534,True,19.549059582965043,1.0
26,Q-Learning,V1,"(85, 36)",35.92511574667754,True,10.074884253322459,4.0
26,Q-Learning,V2,"(18, 58)",45.76669033242369,True,20.36991968632648,1.0
26,Q-Learning,V3,"(61, 62)",15.656724521979648,True,22.318617897566433,1.0
26,Q-Learning,V4,"(25, 63)",43.7685000925981,True,4.231499907401901,1.0
26,Q-Learning,V5,"(45, 92)",48.750171474298156,True,2.2498285257018438,1.0
26,Q-Learning,V6,"(45, 52)",39.27238657418681,True,6.7276134258131925,2.0
26,Q-Learning,V7,"(80, 68)",50.23385768124321,True,20.798726682962656,2.0
26,Q-Learning,V8,"(36, 4)",30.83581289354055,True,32.34415963413932,3.0
26,Q-Learning,V9,"(88, 19)",8.215967258264833,True,22.689715208202266,1.0
26,Q-Learning,V10,"(87, 37)",45.08579667693144,True,9.914203323068563,3.0
27,Greedy,V1,"(8, 27)",15.15473092053482,True,27.176477409140983,1.0
27,Greedy,V2,"(52, 27)",61.673081671417606,True,3.3269183285823907,1.0
27,Greedy,V3,"(67, 72)",7.98841934455821,True,28.98692307498787,1.0
27,Greedy,V4,"(13, 73)",43.7685000925981,True,3.2314999074019006,1.0
27,Greedy,V5,"(38, 73)",48.750171474298156,True,1.2498285257018438,1.0
27,Greedy,V6,"(11, 47)",36.531149923821275,True,7.468850076178725,1.0
27,Greedy,V7,"(79, 27)",48.1972188127359,True,20.835365551469962,1.0
27,Greedy,V8,"(10, 11)",60.62916759300434,True,0.0,1.0
27,Greedy,V9,"(73, 25)",10.58376016896116,True,19.32192229750594,1.0
27,Greedy,V10,"(91, 2)",45.08579667693144,True,6.914203323068563,1.0
27,Auction,V1,"(87, 37)",27.624229113360883,True,14.375770886639117,1.0
27,Auction,V2,"(36, 4)",44.29837895776244,True,20.838231060987734,1.0
27,Auction,V3,"(85, 36)",27.58359213500126,True,8.416407864998739,1.0
27,Auction,V4,"(45, 52)",42.532097368855815,True,4.4679026311441845,1.0
27,Auction,V5,"(45, 92)",48.750171474298156,True,1.2498285257018438,1.0
27,Auction,V6,"(25, 63)",39.45661806242178,True,4.543381937578218,1.0
27,Auction,V7,"(80, 68)",50.23385768124321,True,18.798726682962656,1.0
27,Auction,V8,"(22, 18)",44.9240235172727,True,15.25594901040716,1.0
27,Auction,V9,"(61, 62)",11.670078071231313,True,18.235604395235786,1.0
27,Auction,V10,"(18, 58)",33.88803549470534,True,18.549059582965043,1.0
27,Q-Learning,V1,"(85, 36)",35.92511574667754,True,9.074884253322459,4.0
27,Q-Learning,V2,"(18, 58)",45.76669033242369,True,19.36991968632648,1.0
27,Q-Learning,V3,"(61, 62)",15.656724521979648,True,21.318617897566433,1.0
27,Q-Learning,V4,"(25, 63)",43.7685000925981,True,3.2314999074019006,1.0
27,Q-Learning,V5,"(45, 92)",48.750171474298156,True,1.2498285257018438,1.0
27,Q-Learning,V6,"(45, 52)",39.27238657418681,True,5.7276134258131925,2.0
27,Q-Learning,V7,"(80, 68)",50.23385768124321,True,19.798726682962656,2.0
27,Q-Learning,V8,"(36, 4)",30.83581289354055,True,31.344159634139316,3.0
27,Q-Learning,V9,"(88, 19)",8.215967258264833,True,21.689715208202266,1.0
27,Q-Learning,V10,"(87, 37)",45.08579667693144,True,8.914203323068563,3.0
28,Greedy,V1,"(8, 27)",15.15473092053482,True,26.176477409140983,1.0
28,Greedy,V2,"(52, 27)",61.673081671417606,True,2.3269183285823907,1.0
28,Greedy,V3,"(67, 72)",7.98841934455821,True,27.98692307498787,1.0
28,Greedy,V4,"(13, 73)",43.7685000925981,True,2.2314999074019006,1.0
28,Greedy,V5,"(38, 73)",48.750171474298156,True,0.24982852570184377,1.0
28,Greedy,V6,"(11, 47)",36.531149923821275,True,6.468850076178725,1.0
28,Greedy,V7,"(79, 27)",48.1972188127359,True,19.835365551469962,1.0
28,Greedy,V8,"(10, 11)",17.525360126011122,True,42.10380746699322,1.0
28,Greedy,V9,"(73, 25)",10.58376016896116,True,18.32192229750594,1.0
28,Greedy,V10,"(91, 2)",45.08579667693144,True,5.914203323068563,1.0
28,Auction,V1,"(87, 37)",27.624229113360883,True,13.375770886639117,1.0
28,Auction,V2,"(36, 4)",44.29837895776244,True,19.838231060987734,1.0
28,Auction,V3,"(85, 36)",27.58359213500126,True,7.416407864998739,1.0
28,Auction,V4,"(45, 52)",42.532097368855815,True,3.4679026311441845,1.0
28,Auction,V5,"(45, 92)",48.750171474298156,True,0.24982852570184377,1.0
28,Auction,V6,"(25, 63)",39.45661806242178,True,3.543381937578218,1.0
28,Auction,V7,"(80, 68)",50.23385768124321,True,17.798726682962656,1.0
28,Auction,V8,"(22, 18)",44.9240235172727,True,14.25594901040716,1.0
28,Auction,V9,"(61, 62)",11.670078071231313,True,17.235604395235786,1.0
28,Auction,V10,"(18, 58)",33.88803549470534,True,17.549059582965043,1.0
28,Q-Learning,V1,"(85, 36)",35.92511574667754,True,8.074884253322459,4.0
28,Q-Learning,V2,"(18, 58)",45.76669033242369,True,18.36991968632648,1.0
28,Q-Learning,V3,"(61, 62)",15.656724521979648,True,20.318617897566433,1.0
28,Q-Learning,V4,"(25, 63)",43.7685000925981,True,2.2314999074019006,1.0
28,Q-Learning,V5,"(45, 92)",48.750171474298156,True,0.24982852570184377,1.0
28,Q-Learning,V6,"(45, 52)",39.27238657418681,True,4.7276134258131925,2.0
28,Q-Learning,V7,"(80, 68)",50.23385768124321,True,18.798726682962656,2.0
28,Q-Learning,V8,"(36, 4)",30.83581289354055,True,30.344159634139316,3.0
28,Q-Learning,V9,"(88, 19)",8.215967258264833,True,20.689715208202266,1.0
28,Q-Learning,V10,"(87, 37)",45.08579667693144,True,7.914203323068563,3.0
29,Greedy,V1,"(8, 27)",15.15473092053482,True,25.176477409140983,1.0
29,Greedy,V2,"(52, 27)",61.673081671417606,True,1.3269183285823907,1.0
29,Greedy,V3,"(67, 72)",7.98841934455821,True,26.98692307498787,1.0
29,Greedy,V4,"(13, 73)",43.7685000925981,True,1.2314999074019006,1.0
29,Greedy,V5,"(38, 73)",48.750171474298156,True,0.0,1.0
29,Greedy,V6,"(11, 47)",36.531149923821275,True,5.468850076178725,1.0
29,Greedy,V7,"(79, 27)",48.1972188127359,True,18.835365551469962,1.0
29,Greedy,V8,"(10, 11)",17.525360126011122,True,41.10380746699322,1.0
29,Greedy,V9,"(73, 25)",10.58376016896116,True,17.32192229750594,1.0
29,Greedy,V10,"(91, 2)",45.08579667693144,True,4.914203323068563,1.0
29,Auction,V1,"(87, 37)",27.624229113360883,True,12.375770886639117,1.0
29,Auction,V2,"(36, 4)",44.29837895776244,True,18.838231060987734,1.0
29,Auction,V3,"(85, 36)",27.58359213500126,True,6.416407864998739,1.0
29,Auction,V4,"(45, 52)",42.532097368855815,True,2.4679026311441845,1.0
29,Auction,V5,"(45, 92)",48.750171474298156,True,0.0,1.0
29,Auction,V6,"(25, 63)",39.45661806242178,True,2.543381937578218,1.0
29,Auction,V7,"(80, 68)",50.23385768124321,True,16.798726682962656,1.0
29,Auction,V8,"(22, 18)",44.9240235172727,True,13.25594901040716,1.0
29,Auction,V9,"(61, 62)",11.670078071231313,True,16.235604395235786,1.0
29,Auction,V10,"(18, 58)",33.88803549470534,True,16.549059582965043,1.0
29,Q-Learning,V1,"(85, 36)",35.92511574667754,True,7.074884253322459,4.0
29,Q-Learning,V2,"(18, 58)",45.76669033242369,True,17.36991968632648,1.0
29,Q-Learning,V3,"(61, 62)",15.656724521979648,True,19.318617897566433,1.0
29,Q-Learning,V4,"(25, 63)",43.7685000925981,True,1.2314999074019006,1.0
29,Q-Learning,V5,"(45, 92)",48.750171474298156,True,0.0,1.0
29,Q-Learning,V6,"(45, 52)",39.27238657418681,True,3.7276134258131925,2.0
29,Q-Learning,V7,"(80, 68)",50.23385768124321,True,17.798726682962656,2.0
29,Q-Learning,V8,"(36, 4)",30.83581289354055,True,29.344159634139316,3.0
29,Q-Learning,V9,"(88, 19)",8.215967258264833,True,19.689715208202266,1.0
29,Q-Learning,V10,"(87, 37)",45.08579667693144,True,6.914203323068563,3.0
30,Greedy,V1,"(8, 27)",15.15473092053482,True,24.176477409140983,1.0
30,Greedy,V2,"(52, 27)",61.673081671417606,True,0.32691832858239067,1.0
30,Greedy,V3,"(67, 72)",7.98841934455821,True,25.98692307498787,1.0
30,Greedy,V4,"(13, 73)",43.7685000925981,True,0.23149990740190063,1.0
30,Greedy,V5,"(38, 73)",27.385725478022742,True,20.364445996275414,1.0
30,Greedy,V6,"(11, 47)",36.531149923821275,True,4.468850076178725,1.0
30,Greedy,V7,"(79, 27)",48.1972188127359,True,17.835365551469962,1.0
30,Greedy,V8,"(10, 11)",17.525360126011122,True,40.10380746699322,1.0
30,Greedy,V9,"(73, 25)",10.58376016896116,True,16.32192229750594,1.0
30,Greedy,V10,"(91, 2)",45.08579667693144,True,3.9142033230685627,1.0
30,Auction,V1,"(87, 37)",27.624229113360883,True,11.375770886639117,1.0
30,Auction,V2,"(36, 4)",44.29837895776244,True,17.838231060987734,1.0
30,Auction,V3,"(85, 36)",27.58359213500126,True,5.416407864998739,1.0
30,Auction,V4,"(45, 52)",42.532097368855815,True,1.4679026311441845,1.0
30,Auction,V5,"(51, 86)",34.80736243271609,True,12.942809041582063,1.0
30,Auction,V6,"(25, 63)",39.45661806242178,True,1.5433819375782178,1.0
30,Auction,V7,"(80, 68)",50.23385768124321,True,15.798726682962656,1.0
30,Auction,V8,"(22, 18)",44.9240235172727,True,12.25594901040716,1.0
30,Auction,V9,"(61, 62)",11.670078071231313,True,15.235604395235786,1.0
30,Auction,V10,"(18, 58)",33.88803549470534,True,15.549059582965043,1.0
30,Q-Learning,V1,"(85, 36)",35.92511574667754,True,6.074884253322459,4.0
30,Q-Learning,V2,"(18, 58)",45.76669033242369,True,16.36991968632648,1.0
30,Q-Learning,V3,"(61, 62)",15.656724521979648,True,18.318617897566433,1.0
30,Q-Learning,V4,"(25, 63)",43.7685000925981,True,0.23149990740190063,1.0
30,Q-Learning,V5,"(23, 70)",17.29320498849726,True,30.456966485800898,1.0
30,Q-Learning,V6,"(45, 52)",39.27238657418681,True,2.7276134258131925,2.0
30,Q-Learning,V7,"(80, 68)",50.23385768124321,True,16.798726682962656,2.0
30,Q-Learning,V8,"(36, 4)",30.83581289354055,True,28.344159634139316,3.0
30,Q-Learning,V9,"(88, 19)",8.215967258264833,True,18.689715208202266,1.0
30,Q-Learning,V10,"(87, 37)",45.08579667693144,True,5.914203323068563,3.0
31,Greedy,V1,"(8, 27)",15.15473092053482,True,23.176477409140983,1.0
31,Greedy,V2,"(52, 27)",61.673081671417606,True,0.0,1.0
31,Greedy,V3,"(67, 72)",7.98841934455821,True,24.98692307498787,1.0
31,Greedy,V4,"(13, 73)",43.7685000925981,True,0.0,1.0
31,Greedy,V5,"(38, 73)",27.385725478022742,True,19.364445996275414,1.0
31,Greedy,V6,"(11, 47)",36.531149923821275,True,3.4688500761787253,1.0
31,Greedy,V7,"(79, 27)",48.1972188127359,True,16.835365551469962,1.0
31,Greedy,V8,"(10, 11)",17.525360126011122,True,39.10380746699322,1.0
31,Greedy,V9,"(73, 25)",10.58376016896116,True,15.321922297505939,1.0
31,Greedy,V10,"(91, 2)",45.08579667693144,True,2.9142033230685627,1.0
31,Auction,V1,"(87, 37)",27.624229113360883,True,10.375770886639117,1.0
31,Auction,V2,"(36, 4)",44.29837895776244,True,16.838231060987734,1.0
31,Auction,V3,"(85, 36)",27.58359213500126,True,4.416407864998739,1.0
31,Auction,V4,"(45, 52)",42.532097368855815,True,0.4679026311441845,1.0
31,Auction,V5,"(51, 86)",34.80736243271609,True,11.942809041582063,1.0
31,Auction,V6,"(25, 63)",39.45661806242178,True,0.5433819375782178,1.0
31,Auction,V7,"(80, 68)",50.23385768124321,True,14.798726682962656,1.0
31,Auction,V8,"(22, 18)",44.9240235172727,True,11.25594901040716,1.0
31,Auction,V9,"(61, 62)",11.670078071231313,True,14.235604395235786,1.0
31,Auction,V10,"(18, 58)",33.88803549470534,True,14.549059582965043,1.0
31,Q-Learning,V1,"(85, 36)",35.92511574667754,True,5.074884253322459,4.0
31,Q-Learning,V2,"(18, 58)",45.76669033242369,True,15.36991968632648,1.0
31,Q-Learning,V3,"(61, 62)",15.656724521979648,True,17.318617897566433,1.0
31,Q-Learning,V4,"(25, 63)",43.7685000925981,True,0.0,1.0
31,Q-Learning,V5,"(23, 70)",17.29320498849726,True,29.456966485800898,1.0
31,Q-Learning,V6,"(45, 52)",39.27238657418681,True,1.7276134258131925,2.0
31,Q-Learning,V7,"(80, 68)",50.23385768124321,True,15.798726682962656,2.0
31,Q-Learning,V8,"(36, 4)",30.83581289354055,True,27.344159634139316,3.0
31,Q-Learning,V9,"(88, 19)",8.215967258264833,True,17.689715208202266,1.0
31,Q-Learning,V10,"(87, 37)",45.08579667693144,True,4.914203323068563,3.0
32,Greedy,V1,"(8, 27)",15.15473092053482,True,22.176477409140983,1.0
32,Greedy,V2,"(52, 27)",47.039268746598324,True,13.633812924819281,1.0
32,Greedy,V3,"(67, 72)",7.98841934455821,True,23.98692307498787,1.0
32,Greedy,V4,"(13, 73)",29.62564294974096,True,13.142857142857142,1.0
32,Greedy,V5,"(38, 73)",27.385725478022742,True,18.364445996275414,1.0
32,Greedy,V6,"(11, 47)",36.531149923821275,True,2.4688500761787253,1.0
32,Greedy,V7,"(79, 27)",48.1972188127359,True,15.835365551469962,1.0
32,Greedy,V8,"(10, 11)",17.525360126011122,True,38.10380746699322,1.0
32,Greedy,V9,"(73, 25)",10.58376016896116,True,14.321922297505939,1.0
32,Greedy,V10,"(91, 2)",45.08579667693144,True,1.9142033230685627,1.0
32,Auction,V1,"(87, 37)",27.624229113360883,True,9.375770886639117,1.0
32,Auction,V2,"(36, 4)",44.29837895776244,True,15.838231060987734,1.0
32,Auction,V3,"(85, 36)",27.58359213500126,True,3.416407864998739,1.0
32,Auction,V4,"(45, 52)",42.532097368855815,True,0.0,1.0
32,Auction,V5,"(51, 86)",34.80736243271609,True,10.942809041582063,1.0
32,Auction,V6,"(25, 63)",39.45661806242178,True,0.0,1.0
32,Auction,V7,"(80, 68)",50.23385768124321,True,13.798726682962656,1.0
32,Auction,V8,"(22, 18)",44.9240235172727,True,10.25594901040716,1.0
32,Auction,V9,"(61, 62)",11.670078071231313,True,13.235604395235786,1.0
32,Auction,V10,"(18, 58)",33.88803549470534,True,13.549059582965043,1.0
32,Q-Learning,V1,"(85, 36)",35.92511574667754,True,4.074884253322459,4.0
32,Q-Learning,V2,"(18, 58)",45.76669033242369,True,14.36991968632648,1.0
32,Q-Learning,V3,"(61, 62)",15.656724521979648,True,16.318617897566433,1.0
32,Q-Learning,V4,"(1, 84)",15.212723315711823,True,27.55577677688628,1.0
32,Q-Learning,V5,"(23, 70)",17.29320498849726,True,28.456966485800898,1.0
32,Q-Learning,V6,"(45, 52)",39.27238657418681,True,0.7276134258131925,2.0
32,Q-Learning,V7,"(80, 68)",50.23385768124321,True,14.798726682962656,2.0
32,Q-Learning,V8,"(36, 4)",30.83581289354055,True,26.344159634139316,3.0
32,Q-Learning,V9,"(88, 19)",8.215967258264833,True,16.689715208202266,1.0
32,Q-Learning,V10,"(87, 37)",45.08579667693144,True,3.9142033230685627,3.0
33,Greedy,V1,"(8, 27)",15.15473092053482,True,21.176477409140983,1.0
33,Greedy,V2,"(52, 27)",47.039268746598324,True,12.633812924819281,1.0
33,Greedy,V3,"(67, 72)",7.98841934455821,True,22.98692307498787,1.0
33,Greedy,V4,"(13, 73)",29.62564294974096,True,12.142857142857142,1.0
33,Greedy,V5,"(38, 73)",27.385725478022742,True,17.364445996275414,1.0
33,Greedy,V6,"(11, 47)",36.531149923821275,True,1.4688500761787253,1.0
33,Greedy,V7,"(79, 27)",48.1972188127359,True,14.835365551469962,1.0
33,Greedy,V8,"(10, 11)",17.525360126011122,True,37.10380746699322,1.0
33,Greedy,V9,"(73, 25)",10.58376016896116,True,13.321922297505939,1.0
33,Greedy,V10,"(91, 2)",45.08579667693144,True,0.9142033230685627,1.0
33,Auction,V1,"(87, 37)",27.624229113360883,True,8.375770886639117,1.0
33,Auction,V2,"(36, 4)",44.29837895776244,True,14.838231060987734,1.0
33,Auction,V3,"(85, 36)",27.58359213500126,True,2.416407864998739,1.0
33,Auction,V4,"(69, 5)",24.99308319630795,True,16.539014172547866,1.0
33,Auction,V5,"(51, 86)",34.80736243271609,True,9.942809041582063,1.0
33,Auction,V6,"(23, 70)",10.243266414208364,True,28.21335164821342,1.0
33,Auction,V7,"(80, 68)",50.23385768124321,True,12.798726682962656,1.0
33,Auction,V8,"(22, 18)",44.9240235172727,True,9.25594901040716,1.0
33,Auction,V9,"(61, 62)",11.670078071231313,True,12.235604395235786,1.0
33,Auction,V10,"(18, 58)",33.88803549470534,True,12.549059582965043,1.0
33,Q-Learning,V1,"(85, 36)",35.92511574667754,True,3.074884253322459,4.0
33,Q-Learning,V2,"(18, 58)",45.76669033242369,True,13.36991968632648,1.0
33,Q-Learning,V3,"(61, 62)",15.656724521979648,True,15.318617897566433,1.0
33,Q-Learning,V4,"(1, 84)",15.212723315711823,True,26.55577677688628,1.0
33,Q-Learning,V5,"(23, 70)",17.29320498849726,True,27.456966485800898,1.0
33,Q-Learning,V6,"(45, 52)",39.27238657418681,True,0.0,2.0
33,Q-Learning,V7,"(80, 68)",50.23385768124321,True,13.798726682962656,2.0
33,Q-Learning,V8,"(36, 4)",30.83581289354055,True,25.344159634139316,3.0
33,Q-Learning,V9,"(88, 19)",8.215967258264833,True,15.689715208202266,1.0
33,Q-Learning,V10,"(87, 37)",45.08579667693144,True,2.9142033230685627,3.0
34,Greedy,V1,"(8, 27)",15.15473092053482,True,20.176477409140983,1.0
34,Greedy,V2,"(52, 27)",47.039268746598324,True,11.633812924819281,1.0
34,Greedy,V3,"(67, 72)",7.98841934455821,True,21.98692307498787,1.0
34,Greedy,V4,"(13, 73)",29.62564294974096,True,11.142857142857142,1.0
34,Greedy,V5,"(38, 73)",27.385725478022742,True,16.364445996275414,1.0
34,Greedy,V6,"(11, 47)",36.531149923821275,True,0.4688500761787253,1.0
34,Greedy,V7,"(79, 27)",48.1972188127359,True,13.835365551469962,1.0
34,Greedy,V8,"(10, 11)",17.525360126011122,True,36.10380746699322,1.0
34,Greedy,V9,"(73, 25)",10.58376016896116,True,12.321922297505939,1.0
34,Greedy,V10,"(91, 2)",45.08579667693144,True,0.0,1.0
34,Auction,V1,"(87, 37)",27.624229113360883,True,7.375770886639117,1.0
34,Auction,V2,"(36, 4)",44.29837895776244,True,13.838231060987734,1.0
34,Auction,V3,"(85, 36)",27.58359213500126,True,1.4164078649987388,1.0
34,Auction,V4,"(69, 5)",24.99308319630795,True,15.539014172547866,1.0
34,Auction,V5,"(51, 86)",34.80736243271609,True,8.942809041582063,1.0
34,Auction,V6,"(23, 70)",10.243266414208364,True,27.21335164821342,1.0
34,Auction,V7,"(80, 68)",50.23385768124321,True,11.798726682962656,1.0
34,Auction,V8,"(22, 18)",44.9240235172727,True,8.25594901040716,1.0
34,Auction,V9,"(61, 62)",11.670078071231313,True,11.235604395235786,1.0
34,Auction,V10,"(18, 58)",33.88803549470534,True,11.549059582965043,1.0
34,Q-Learning,V1,"(85, 36)",35.92511574667754,True,2.074884253322459,4.0
34,Q-Learning,V2,"(18, 58)",45.76669033242369,True,12.36991968632648,1.0
34,Q-Learning,V3,"(61, 62)",15.656724521979648,True,14.318617897566433,1.0
34,Q-Learning,V4,"(1, 84)",15.212723315711823,True,25.55577677688628,1.0
34,Q-Learning,V5,"(23, 70)",17.29320498849726,True,26.456966485800898,1.0
34,Q-Learning,V6,"(34, 7)",8.551563359586499,True,29.720823214600312,2.0
34,Q-Learning,V7,"(80, 68)",50.23385768124321,True,12.798726682962656,2.0
34,Q-Learning,V8,"(36, 4)",30.83581289354055,True,24.344159634139316,3.0
34,Q-Learning,V9,"(88, 19)",8.215967258264833,True,14.689715208202266,1.0
34,Q-Learning,V10,"(87, 37)",45.08579667693144,True,1.9142033230685627,3.0
35,Greedy,V1,"(8, 27)",15.15473092053482,True,19.176477409140983,1.0
35,Greedy,V2,"(52, 27)",47.039268746598324,True,10.633812924819281,1.0
35,Greedy,V3,"(67, 72)",7.98841934455821,True,20.98692307498787,1.0
35,Greedy,V4,"(13, 73)",29.62564294974096,True,10.142857142857142,1.0
35,Greedy,V5,"(38, 73)",27.385725478022742,True,15.364445996275414,1.0
35,Greedy,V6,"(11, 47)",36.531149923821275,True,0.0,1.0
35,Greedy,V7,"(79, 27)",48.1972188127359,True,12.835365551469962,1.0
35,Greedy,V8,"(10, 11)",17.525360126011122,True,35.10380746699322,1.0
35,Greedy,V9,"(73, 25)",10.58376016896116,True,11.321922297505939,1.0
35,Greedy,V10,"(91, 2)",22.167721510083428,True,21.91807516684801,1.0
35,Auction,V1,"(87, 37)",27.624229113360883,True,6.375770886639117,1.0
35,Auction,V2,"(36, 4)",44.29837895776244,True,12.838231060987734,1.0
35,Auction,V3,"(85, 36)",27.58359213500126,True,0.41640786499873883,1.0
35,Auction,V4,"(69, 5)",24.99308319630795,True,14.539014172547866,1.0
35,Auction,V5,"(51, 86)",34.80736243271609,True,7.942809041582063,1.0
35,Auction,V6,"(23, 70)",10.243266414208364,True,26.21335164821342,1.0
35,Auction,V7,"(80, 68)",50.23385768124321,True,10.798726682962656,1.0
35,Auction,V8,"(22, 18)",44.9240235172727,True,7.255949010407161,1.0
35,Auction,V9,"(61, 62)",11.670078071231313,True,10.235604395235786,1.0
35,Auction,V10,"(18, 58)",33.88803549470534,True,10.549059582965043,1.0
35,Q-Learning,V1,"(85, 36)",35.92511574667754,True,1.074884253322459,4.0
35,Q-Learning,V2,"(18, 58)",45.76669033242369,True,11.36991968632648,1.0
35,Q-Learning,V3,"(61, 62)",15.656724521979648,True,13.318617897566433,1.0
35,Q-Learning,V4,"(1, 84)",15.212723315711823,True,24.55577677688628,1.0
35,Q-Learning,V5,"(23, 70)",17.29320498849726,True,25.456966485800898,1.0
35,Q-Learning,V6,"(34, 7)",8.551563359586499,True,28.720823214600312,2.0
35,Q-Learning,V7,"(80, 68)",50.23385768124321,True,11.798726682962656,2.0
35,Q-Learning,V8,"(36, 4)",30.83581289354055,True,23.344159634139316,3.0
35,Q-Learning,V9,"(88, 19)",8.215967258264833,True,13.689715208202266,1.0
35,Q-Learning,V10,"(87, 37)",45.08579667693144,True,0.9142033230685627,3.0
36,Greedy,V1,"(8, 27)",15.15473092053482,True,18.176477409140983,1.0
36,Greedy,V2,"(52, 27)",47.039268746598324,True,9.633812924819281,1.0
36,Greedy,V3,"(67, 72)",7.98841934455821,True,19.98692307498787,1.0
36,Greedy,V4,"(13, 73)",29.62564294974096,True,9.142857142857142,1.0
36,Greedy,V5,"(38, 73)",27.385725478022742,True,14.364445996275414,1.0
36,Greedy,V6,"(11, 47)",14.22016477484566,True,21.310985148975615,1.0
36,Greedy,V7,"(79, 27)",48.1972188127359,True,11.835365551469962,1.0
36,Greedy,V8,"(10, 11)",17.525360126011122,True,34.10380746699322,1.0
36,Greedy,V9,"(73, 25)",10.58376016896116,True,10.321922297505939,1.0
36,Greedy,V10,"(91, 2)",22.167721510083428,True,20.91807516684801,1.0
36,Auction,V1,"(87, 37)",27.624229113360883,True,5.375770886639117,1.0
36,Auction,V2,"(36, 4)",44.29837895776244,True,11.838231060987734,1.0
36,Auction,V3,"(85, 36)",27.58359213500126,True,0.0,1.0
36,Auction,V4,"(69, 5)",24.99308319630795,True,13.539014172547866,1.0
36,Auction,V5,"(51, 86)",34.80736243271609,True,6.942809041582063,1.0
36,Auction,V6,"(23, 70)",10.243266414208364,True,25.21335164821342,1.0
36,Auction,V7,"(80, 68)",50.23385768124321,True,9.798726682962656,1.0
36,Auction,V8,"(22, 18)",44.9240235172727,True,6.255949010407161,1.0
36,Auction,V9,"(61, 62)",11.670078071231313,True,9.235604395235786,1.0
36,Auction,V10,"(18, 58)",33.88803549470534,True,9.549059582965043,1.0
36,Q-Learning,V1,"(85, 36)",35.92511574667754,True,0.07488425332245896,4.0
36,Q-Learning,V2,"(18, 58)",45.76669033242369,True,10.36991968632648,1.0
36,Q-Learning,V3,"(61, 62)",15.656724521979648,True,12.318617897566433,1.0
36,Q-Learning,V4,"(1, 84)",15.212723315711823,True,23.55577677688628,1.0
36,Q-Learning,V5,"(23, 70)",17.29320498849726,True,24.456966485800898,1.0
36,Q-Learning,V6,"(34, 7)",8.551563359586499,True,27.720823214600312,2.0
36,Q-Learning,V7,"(80, 68)",50.23385768124321,True,10.798726682962656,2.0
36,Q-Learning,V8,"(36, 4)",30.83581289354055,True,22.344159634139316,3.0
36,Q-Learning,V9,"(88, 19)",8.215967258264833,True,12.689715208202266,1.0
36,Q-Learning,V10,"(87, 37)",45.08579667693144,True,0.0,3.0
37,Greedy,V1,"(8, 27)",15.15473092053482,True,17.176477409140983,1.0
37,Greedy,V2,"(52, 27)",47.039268746598324,True,8.633812924819281,1.0
37,Greedy,V3,"(67, 72)",7.98841934455821,True,18.98692307498787,1.0
37,Greedy,V4,"(13, 73)",29.62564294974096,True,8.142857142857142,1.0
37,Greedy,V5,"(38, 73)",27.385725478022742,True,13.364445996275414,1.0
37,Greedy,V6,"(11, 47)",14.22016477484566,True,20.310985148975615,1.0
37,Greedy,V7,"(79, 27)",48.1972188127359,True,10.835365551469962,1.0
37,Greedy,V8,"(10, 11)",17.525360126011122,True,33.10380746699322,1.0
37,Greedy,V9,"(73, 25)",10.58376016896116,True,9.321922297505939,1.0
37,Greedy,V10,"(91, 2)",22.167721510083428,True,19.91807516684801,1.0
37,Auction,V1,"(87, 37)",27.624229113360883,True,4.375770886639117,1.0
37,Auction,V2,"(36, 4)",44.29837895776244,True,10.838231060987734,1.0
37,Auction,V3,"(88, 19)",0.8293666344572372,True,25.754225500544024,1.0
37,Auction,V4,"(69, 5)",24.99308319630795,True,12.539014172547866,1.0
37,Auction,V5,"(51, 86)",34.80736243271609,True,5.942809041582063,1.0
37,Auction,V6,"(23, 70)",10.243266414208364,True,24.21335164821342,1.0
37,Auction,V7,"(80, 68)",50.23385768124321,True,8.798726682962656,1.0
37,Auction,V8,"(22, 18)",44.9240235172727,True,5.255949010407161,1.0
37,Auction,V9,"(61, 62)",11.670078071231313,True,8.235604395235786,1.0
37,Auction,V10,"(18, 58)",33.88803549470534,True,8.549059582965043,1.0
37,Q-Learning,V1,"(85, 36)",35.92511574667754,True,0.0,4.0
37,Q-Learning,V2,"(18, 58)",45.76669033242369,True,9.36991968632648,1.0
37,Q-Learning,V3,"(61, 62)",15.656724521979648,True,11.318617897566433,1.0
37,Q-Learning,V4,"(1, 84)",15.212723315711823,True,22.55577677688628,1.0
37,Q-Learning,V5,"(23, 70)",17.29320498849726,True,23.456966485800898,1.0
37,Q-Learning,V6,"(34, 7)",8.551563359586499,True,26.720823214600312,2.0
37,Q-Learning,V7,"(80, 68)",50.23385768124321,True,9.798726682962656,2.0
37,Q-Learning,V8,"(36, 4)",30.83581289354055,True,21.344159634139316,3.0
37,Q-Learning,V9,"(88, 19)",8.215967258264833,True,11.689715208202266,1.0
37,Q-Learning,V10,"(100, 44)",22.445260781349948,True,21.64053589558149,3.0
38,Greedy,V1,"(8, 27)",15.15473092053482,True,16.176477409140983,1.0
38,Greedy,V2,"(52, 27)",47.039268746598324,True,7.633812924819281,1.0
38,Greedy,V3,"(67, 72)",7.98841934455821,True,17.98692307498787,1.0
38,Greedy,V4,"(13, 73)",29.62564294974096,True,7.142857142857142,1.0
38,Greedy,V5,"(38, 73)",27.385725478022742,True,12.364445996275414,1.0
38,Greedy,V6,"(11, 47)",14.22016477484566,True,19.310985148975615,1.0
38,Greedy,V7,"(79, 27)",48.1972188127359,True,9.835365551469962,1.0
38,Greedy,V8,"(10, 11)",17.525360126011122,True,32.10380746699322,1.0
38,Greedy,V9,"(73, 25)",10.58376016896116,True,8.321922297505939,1.0
38,Greedy,V10,"(91, 2)",22.167721510083428,True,18.91807516684801,1.0
38,Auction,V1,"(87, 37)",27.624229113360883,True,3.375770886639117,1.0
38,Auction,V2,"(36, 4)",44.29837895776244,True,9.838231060987734,1.0
38,Auction,V3,"(88, 19)",0.8293666344572372,True,24.754225500544024,1.0
38,Auction,V4,"(69, 5)",24.99308319630795,True,11.539014172547866,1.0
38,Auction,V5,"(51, 86)",34.80736243271609,True,4.942809041582063,1.0
38,Auction,V6,"(23, 70)",10.243266414208364,True,23.21335164821342,1.0
38,Auction,V7,"(80, 68)",50.23385768124321,True,7.798726682962656,1.0
38,Auction,V8,"(22, 18)",44.9240235172727,True,4.255949010407161,1.0
38,Auction,V9,"(61, 62)",11.670078071231313,True,7.235604395235786,1.0
38,Auction,V10,"(18, 58)",33.88803549470534,True,7.549059582965043,1.0
38,Q-Learning,V1,"(22, 18)",11.56497446045973,True,23.36014128621781,4.0
38,Q-Learning,V2,"(18, 58)",45.76669033242369,True,8.36991968632648,1.0
38,Q-Learning,V3,"(61, 62)",15.656724521979648,True,10.318617897566433,1.0
38,Q-Learning,V4,"(1, 84)",15.212723315711823,True,21.55577677688628,1.0
38,Q-Learning,V5,"(23, 70)",17.29320498849726,True,22.456966485800898,1.0
38,Q-Learning,V6,"(34, 7)",8.551563359586499,True,25.720823214600312,2.0
38,Q-Learning,V7,"(80, 68)",50.23385768124321,True,8.798726682962656,2.0
38,Q-Learning,V8,"(36, 4)",30.83581289354055,True,20.344159634139316,3.0
38,Q-Learning,V9,"(88, 19)",8.215967258264833,True,10.689715208202266,1.0
38,Q-Learning,V10,"(100, 44)",22.445260781349948,True,20.64053589558149,3.0
39,Greedy,V1,"(8, 27)",15.15473092053482,True,15.176477409140983,1.0
39,Greedy,V2,"(52, 27)",47.039268746598324,True,6.633812924819281,1.0
39,Greedy,V3,"(67, 72)",7.98841934455821,True,16.98692307498787,1.0
39,Greedy,V4,"(13, 73)",29.62564294974096,True,6.142857142857142,1.0
39,Greedy,V5,"(38, 73)",27.385725478022742,True,11.364445996275414,1.0
39,Greedy,V6,"(11, 47)",14.22016477484566,True,18.310985148975615,1.0
39,Greedy,V7,"(79, 27)",48.1972188127359,True,8.835365551469962,1.0
39,Greedy,V8,"(10, 11)",17.525360126011122,True,31.103807466993217,1.0
39,Greedy,V9,"(73, 25)",10.58376016896116,True,7.321922297505939,1.0
39,Greedy,V10,"(91, 2)",22.167721510083428,True,17.91807516684801,1.0
39,Auction,V1,"(87, 37)",27.624229113360883,True,2.375770886639117,1.0
39,Auction,V2,"(36, 4)",44.29837895776244,True,8.838231060987734,1.0
39,Auction,V3,"(88, 19)",0.8293666344572372,True,23.754225500544024,1.0
39,Auction,V4,"(69, 5)",24.99308319630795,True,10.539014172547866,1.0
39,Auction,V5,"(51, 86)",34.80736243271609,True,3.9428090415820627,1.0
39,Auction,V6,"(23, 70)",10.243266414208364,True,22.21335164821342,1.0
39,Auction,V7,"(80, 68)",50.23385768124321,True,6.798726682962656,1.0
39,Auction,V8,"(22, 18)",44.9240235172727,True,3.2559490104071607,1.0
39,Auction,V9,"(61, 62)",11.670078071231313,True,6.235604395235786,1.0
39,Auction,V10,"(18, 58)",33.88803549470534,True,6.549059582965043,1.0
39,Q-Learning,V1,"(22, 18)",11.56497446045973,True,22.36014128621781,4.0
39,Q-Learning,V2,"(18, 58)",45.76669033242369,True,7.3699196863264795,1.0
39,Q-Learning,V3,"(61, 62)",15.656724521979648,True,9.318617897566433,1.0
39,Q-Learning,V4,"(1, 84)",15.212723315711823,True,20.55577677688628,1.0
39,Q-Learning,V5,"(23, 70)",17.29320498849726,True,21.456966485800898,1.0
39,Q-Learning,V6,"(34, 7)",8.551563359586499,True,24.720823214600312,2.0
39,Q-Learning,V7,"(80, 68)",50.23385768124321,True,7.798726682962656,2.0
39,Q-Learning,V8,"(36, 4)",30.83581289354055,True,19.344159634139316,3.0
39,Q-Learning,V9,"(88, 19)",8.215967258264833,True,9.689715208202266,1.0
39,Q-Learning,V10,"(100, 44)",22.445260781349948,True,19.64053589558149,3.0
40,Greedy,V1,"(8, 27)",15.15473092053482,True,14.176477409140983,1.0
40,Greedy,V2,"(52, 27)",47.039268746598324,True,5.633812924819281,1.0
40,Greedy,V3,"(67, 72)",7.98841934455821,True,15.986923074987871,1.0
40,Greedy,V4,"(13, 73)",29.62564294974096,True,5.142857142857142,1.0
40,Greedy,V5,"(38, 73)",27.385725478022742,True,10.364445996275414,1.0
40,Greedy,V6,"(11, 47)",14.22016477484566,True,17.310985148975615,1.0
40,Greedy,V7,"(79, 27)",48.1972188127359,True,7.8353655514699625,1.0
40,Greedy,V8,"(10, 11)",17.525360126011122,True,30.103807466993217,1.0
40,Greedy,V9,"(73, 25)",10.58376016896116,True,6.321922297505939,1.0
40,Greedy,V10,"(91, 2)",22.167721510083428,True,16.91807516684801,1.0
40,Auction,V1,"(87, 37)",27.624229113360883,True,1.375770886639117,1.0
40,Auction,V2,"(36, 4)",44.29837895776244,True,7.838231060987734,1.0
40,Auction,V3,"(88, 19)",0.8293666344572372,True,22.754225500544024,1.0
40,Auction,V4,"(69, 5)",24.99308319630795,True,9.539014172547866,1.0
40,Auction,V5,"(51, 86)",34.80736243271609,True,2.9428090415820627,1.0
40,Auction,V6,"(23, 70)",10.243266414208364,True,21.21335164821342,1.0
40,Auction,V7,"(80, 68)",50.23385768124321,True,5.798726682962656,1.0
40,Auction,V8,"(22, 18)",44.9240235172727,True,2.2559490104071607,1.0
40,Auction,V9,"(61, 62)",11.670078071231313,True,5.235604395235786,1.0
40,Auction,V10,"(18, 58)",33.88803549470534,True,5.549059582965043,1.0
40,Q-Learning,V1,"(22, 18)",11.56497446045973,True,21.36014128621781,4.0
40,Q-Learning,V2,"(18, 58)",45.76669033242369,True,6.3699196863264795,1.0
40,Q-Learning,V3,"(61, 62)",15.656724521979648,True,8.318617897566433,1.0
40,Q-Learning,V4,"(1, 84)",15.212723315711823,True,19.55577677688628,1.0
40,Q-Learning,V5,"(23, 70)",17.29320498849726,True,20.456966485800898,1.0
40,Q-Learning,V6,"(34, 7)",8.551563359586499,True,23.720823214600312,2.0
40,Q-Learning,V7,"(80, 68)",50.23385768124321,True,6.798726682962656,2.0
40,Q-Learning,V8,"(36, 4)",30.83581289354055,True,18.344159634139316,3.0
40,Q-Learning,V9,"(88, 19)",8.215967258264833,True,8.689715208202266,1.0
40,Q-Learning,V10,"(100, 44)",22.445260781349948,True,18.64053589558149,3.0
41,Greedy,V1,"(8, 27)",15.15473092053482,True,13.176477409140983,1.0
41,Greedy,V2,"(52, 27)",47.039268746598324,True,4.633812924819281,1.0
41,Greedy,V3,"(67, 72)",7.98841934455821,True,14.986923074987871,1.0
41,Greedy,V4,"(13, 73)",29.62564294974096,True,4.142857142857142,1.0
41,Greedy,V5,"(38, 73)",27.385725478022742,True,9.364445996275414,1.0
41,Greedy,V6,"(11, 47)",14.22016477484566,True,16.310985148975615,1.0
41,Greedy,V7,"(79, 27)",48.1972188127359,True,6.8353655514699625,1.0
41,Greedy,V8,"(10, 11)",17.525360126011122,True,29.103807466993217,1.0
41,Greedy,V9,"(73, 25)",10.58376016896116,True,5.321922297505939,1.0
41,Greedy,V10,"(91, 2)",22.167721510083428,True,15.91807516684801,1.0
41,Auction,V1,"(87, 37)",27.624229113360883,True,0.37577088663911695,1.0
41,Auction,V2,"(36, 4)",44.29837895776244,True,6.838231060987734,1.0
41,Auction,V3,"(88, 19)",0.8293666344572372,True,21.754225500544024,1.0
41,Auction,V4,"(69, 5)",24.99308319630795,True,8.539014172547866,1.0
41,Auction,V5,"(51, 86)",34.80736243271609,True,1.9428090415820627,1.0
41,Auction,V6,"(23, 70)",10.243266414208364,True,20.21335164821342,1.0
41,Auction,V7,"(80, 68)",50.23385768124321,True,4.798726682962656,1.0
41,Auction,V8,"(22, 18)",44.9240235172727,True,1.2559490104071607,1.0
41,Auction,V9,"(61, 62)",11.670078071231313,True,4.235604395235786,1.0
41,Auction,V10,"(18, 58)",33.88803549470534,True,4.549059582965043,1.0
41,Q-Learning,V1,"(22, 18)",11.56497446045973,True,20.36014128621781,4.0
41,Q-Learning,V2,"(18, 58)",45.76669033242369,True,5.3699196863264795,1.0
41,Q-Learning,V3,"(61, 62)",15.656724521979648,True,7.318617897566433,1.0
41,Q-Learning,V4,"(1, 84)",15.212723315711823,True,18.55577677688628,1.0
41,Q-Learning,V5,"(23, 70)",17.29320498849726,True,19.456966485800898,1.0
41,Q-Learning,V6,"(34, 7)",8.551563359586499,True,22.720823214600312,2.0
41,Q-Learning,V7,"(80, 68)",50.23385768124321,True,5.798726682962656,2.0
41,Q-Learning,V8,"(36, 4)",30.83581289354055,True,17.344159634139316,3.0
41,Q-Learning,V9,"(88, 19)",8.215967258264833,True,7.689715208202266,1.0
41,Q-Learning,V10,"(100, 44)",22.445260781349948,True,17.64053589558149,3.0
42,Greedy,V1,"(8, 27)",15.15473092053482,True,12.176477409140983,1.0
42,Greedy,V2,"(52, 27)",47.039268746598324,True,3.6338129248192814,1.0
42,Greedy,V3,"(67, 72)",7.98841934455821,True,13.986923074987871,1.0
42,Greedy,V4,"(13, 73)",29.62564294974096,True,3.1428571428571423,1.0
42,Greedy,V5,"(38, 73)",27.385725478022742,True,8.364445996275414,1.0
42,Greedy,V6,"(11, 47)",14.22016477484566,True,15.310985148975615,1.0
42,Greedy,V7,"(79, 27)",48.1972188127359,True,5.8353655514699625,1.0
42,Greedy,V8,"(10, 11)",17.525360126011122,True,28.103807466993217,1.0
42,Greedy,V9,"(73, 25)",10.58376016896116,True,4.321922297505939,1.0
42,Greedy,V10,"(91, 2)",22.167721510083428,True,14.91807516684801,1.0
42,Auction,V1,"(87, 37)",27.624229113360883,True,0.0,1.0
42,Auction,V2,"(36, 4)",44.29837895776244,True,5.838231060987734,1.0
42,Auction,V3,"(88, 19)",0.8293666344572372,True,20.754225500544024,1.0
42,Auction,V4,"(69, 5)",24.99308319630795,True,7.539014172547866,1.0
42,Auction,V5,"(51, 86)",34.80736243271609,True,0.9428090415820627,1.0
42,Auction,V6,"(23, 70)",10.243266414208364,True,19.21335164821342,1.0
42,Auction,V7,"(80, 68)",50.23385768124321,True,3.7987266829626556,1.0
42,Auction,V8,"(22, 18)",44.9240235172727,True,0.25594901040716067,1.0
42,Auction,V9,"(61, 62)",11.670078071231313,True,3.235604395235786,1.0
42,Auction,V10,"(18, 58)",33.88803549470534,True,3.549059582965043,1.0
42,Q-Learning,V1,"(22, 18)",11.56497446045973,True,19.36014128621781,4.0
42,Q-Learning,V2,"(18, 58)",45.76669033242369,True,4.3699196863264795,1.0
42,Q-Learning,V3,"(61, 62)",15.656724521979648,True,6.318617897566433,1.0
42,Q-Learning,V4,"(1, 84)",15.212723315711823,True,17.55577677688628,1.0
42,Q-Learning,V5,"(23, 70)",17.29320498849726,True,18.456966485800898,1.0
42,Q-Learning,V6,"(34, 7)",8.551563359586499,True,21.720823214600312,2.0
42,Q-Learning,V7,"(80, 68)",50.23385768124321,True,4.798726682962656,2.0
42,Q-Learning,V8,"(36, 4)",30.83581289354055,True,16.344159634139316,3.0
42,Q-Learning,V9,"(88, 19)",8.215967258264833,True,6.689715208202266,1.0
42,Q-Learning,V10,"(100, 44)",22.445260781349948,True,16.64053589558149,3.0
43,Greedy,V1,"(8, 27)",15.15473092053482,True,11.176477409140983,1.0
43,Greedy,V2,"(52, 27)",47.039268746598324,True,2.6338129248192814,1.0
43,Greedy,V3,"(67, 72)",7.98841934455821,True,12.986923074987871,1.0
43,Greedy,V4,"(13, 73)",29.62564294974096,True,2.1428571428571423,1.0
43,Greedy,V5,"(38, 73)",27.385725478022742,True,7.364445996275414,1.0
43,Greedy,V6,"(11, 47)",14.22016477484566,True,14.310985148975615,1.0
43,Greedy,V7,"(79, 27)",48.1972188127359,True,4.8353655514699625,1.0
43,Greedy,V8,"(10, 11)",17.525360126011122,True,27.103807466993217,1.0
43,Greedy,V9,"(73, 25)",10.58376016896116,True,3.321922297505939,1.0
43,Greedy,V10,"(91, 2)",22.167721510083428,True,13.91807516684801,1.0
43,Auction,V1,"(100, 44)",4.514968676184683,True,22.1092604371762,1.0
43,Auction,V2,"(36, 4)",44.29837895776244,True,4.838231060987734,1.0
43,Auction,V3,"(88, 19)",0.8293666344572372,True,19.754225500544024,1.0
43,Auction,V4,"(69, 5)",24.99308319630795,True,6.539014172547866,1.0
43,Auction,V5,"(51, 86)",34.80736243271609,True,0.0,1.0
43,Auction,V6,"(23, 70)",10.243266414208364,True,18.21335164821342,1.0
43,Auction,V7,"(80, 68)",50.23385768124321,True,2.7987266829626556,1.0
43,Auction,V8,"(22, 18)",44.9240235172727,True,0.0,1.0
43,Auction,V9,"(61, 62)",11.670078071231313,True,2.235604395235786,1.0
43,Auction,V10,"(18, 58)",33.88803549470534,True,2.549059582965043,1.0
43,Q-Learning,V1,"(22, 18)",11.56497446045973,True,18.36014128621781,4.0
43,Q-Learning,V2,"(18, 58)",45.76669033242369,True,3.3699196863264795,1.0
43,Q-Learning,V3,"(61, 62)",15.656724521979648,True,5.318617897566433,1.0
43,Q-Learning,V4,"(1, 84)",15.212723315711823,True,16.55577677688628,1.0
43,Q-Learning,V5,"(23, 70)",17.29320498849726,True,17.456966485800898,1.0
43,Q-Learning,V6,"(34, 7)",8.551563359586499,True,20.720823214600312,2.0
43,Q-Learning,V7,"(80, 68)",50.23385768124321,True,3.7987266829626556,2.0
43,Q-Learning,V8,"(36, 4)",30.83581289354055,True,15.344159634139316,3.0
43,Q-Learning,V9,"(88, 19)",8.215967258264833,True,5.689715208202266,1.0
43,Q-Learning,V10,"(100, 44)",22.445260781349948,True,15.64053589558149,3.0
44,Greedy,V1,"(8, 27)",15.15473092053482,True,10.176477409140983,1.0
44,Greedy,V2,"(52, 27)",47.039268746598324,True,1.6338129248192814,1.0
44,Greedy,V3,"(67, 72)",7.98841934455821,True,11.986923074987871,1.0
44,Greedy,V4,"(13, 73)",29.62564294974096,True,1.1428571428571423,1.0
44,Greedy,V5,"(38, 73)",27.385725478022742,True,6.364445996275414,1.0
44,Greedy,V6,"(11, 47)",14.22016477484566,True,13.310985148975615,1.0
44,Greedy,V7,"(79, 27)",48.1972188127359,True,3.8353655514699625,1.0
44,Greedy,V8,"(10, 11)",17.525360126011122,True,26.103807466993217,1.0
44,Greedy,V9,"(73, 25)",10.58376016896116,True,2.321922297505939,1.0
44,Greedy,V10,"(91, 2)",22.167721510083428,True,12.91807516684801,1.0
44,Auction,V1,"(100, 44)",4.514968676184683,True,21.1092604371762,1.0
44,Auction,V2,"(36, 4)",44.29837895776244,True,3.8382310609877344,1.0
44,Auction,V3,"(88, 19)",0.8293666344572372,True,18.754225500544024,1.0
44,Auction,V4,"(69, 5)",24.99308319630795,True,5.539014172547866,1.0
44,Auction,V5,"(62, 90)",19.50684022041391,True,14.30052221230218,1.0
44,Auction,V6,"(23, 70)",10.243266414208364,True,17.21335164821342,1.0
44,Auction,V7,"(80, 68)",50.23385768124321,True,1.7987266829626556,1.0
44,Auction,V8,"(82, 5)",4.575978039101869,True,39.34804547817083,1.0
44,Auction,V9,"(61, 62)",11.670078071231313,True,1.2356043952357858,1.0
44,Auction,V10,"(18, 58)",33.88803549470534,True,1.549059582965043,1.0
44,Q-Learning,V1,"(22, 18)",11.56497446045973,True,17.36014128621781,4.0
44,Q-Learning,V2,"(18, 58)",45.76669033242369,True,2.3699196863264795,1.0
44,Q-Learning,V3,"(61, 62)",15.656724521979648,True,4.318617897566433,1.0
44,Q-Learning,V4,"(1, 84)",15.212723315711823,True,15.55577677688628,1.0
44,Q-Learning,V5,"(23, 70)",17.29320498849726,True,16.456966485800898,1.0
44,Q-Learning,V6,"(34, 7)",8.551563359586499,True,19.720823214600312,2.0
44,Q-Learning,V7,"(80, 68)",50.23385768124321,True,2.7987266829626556,2.0
44,Q-Learning,V8,"(36, 4)",30.83581289354055,True,14.344159634139316,3.0
44,Q-Learning,V9,"(88, 19)",8.215967258264833,True,4.689715208202266,1.0
44,Q-Learning,V10,"(100, 44)",22.445260781349948,True,14.64053589558149,3.0
45,Greedy,V1,"(8, 27)",15.15473092053482,True,9.176477409140983,1.0
45,Greedy,V2,"(52, 27)",47.039268746598324,True,0.6338129248192814,1.0
45,Greedy,V3,"(67, 72)",7.98841934455821,True,10.986923074987871,1.0
45,Greedy,V4,"(13, 73)",29.62564294974096,True,0.14285714285714235,1.0
45,Greedy,V5,"(38, 73)",27.385725478022742,True,5.364445996275414,1.0
45,Greedy,V6,"(11, 47)",14.22016477484566,True,12.310985148975615,1.0
45,Greedy,V7,"(79, 27)",48.1972188127359,True,2.8353655514699625,1.0
45,Greedy,V8,"(10, 11)",17.525360126011122,True,25.103807466993217,1.0
45,Greedy,V9,"(73, 25)",10.58376016896116,True,1.3219222975059388,1.0
45,Greedy,V10,"(91, 2)",22.167721510083428,True,11.91807516684801,1.0
45,Auction,V1,"(100, 44)",4.514968676184683,True,20.1092604371762,1.0
45,Auction,V2,"(36, 4)",44.29837895776244,True,2.8382310609877344,1.0
45,Auction,V3,"(88, 19)",0.8293666344572372,True,17.754225500544024,1.0
45,Auction,V4,"(69, 5)",24.99308319630795,True,4.539014172547866,1.0
45,Auction,V5,"(62, 90)",19.50684022041391,True,13.30052221230218,1.0
45,Auction,V6,"(23, 70)",10.243266414208364,True,16.21335164821342,1.0
45,Auction,V7,"(80, 68)",50.23385768124321,True,0.7987266829626556,1.0
45,Auction,V8,"(82, 5)",4.575978039101869,True,38.34804547817083,1.0
45,Auction,V9,"(61, 62)",11.670078071231313,True,0.2356043952357858,1.0
45,Auction,V10,"(18, 58)",33.88803549470534,True,0.5490595829650431,1.0
45,Q-Learning,V1,"(22, 18)",11.56497446045973,True,16.36014128621781,4.0
45,Q-Learning,V2,"(18, 58)",45.76669033242369,True,1.3699196863264795,1.0
45,Q-Learning,V3,"(61, 62)",15.656724521979648,True,3.3186178975664333,1.0
45,Q-Learning,V4,"(1, 84)",15.212723315711823,True,14.55577677688628,1.0
45,Q-Learning,V5,"(23, 70)",17.29320498849726,True,15.456966485800898,1.0
45,Q-Learning,V6,"(34, 7)",8.551563359586499,True,18.720823214600312,2.0
45,Q-Learning,V7,"(80, 68)",50.23385768124321,True,1.7987266829626556,2.0
45,Q-Learning,V8,"(36, 4)",30.83581289354055,True,13.344159634139316,3.0
45,Q-Learning,V9,"(88, 19)",8.215967258264833,True,3.6897152082022657,1.0
45,Q-Learning,V10,"(100, 44)",22.445260781349948,True,13.64053589558149,3.0
46,Greedy,V1,"(8, 27)",15.15473092053482,True,8.176477409140983,1.0
46,Greedy,V2,"(52, 27)",47.039268746598324,True,0.0,1.0
46,Greedy,V3,"(67, 72)",7.98841934455821,True,9.986923074987871,1.0
46,Greedy,V4,"(13, 73)",29.62564294974096,True,0.0,1.0
46,Greedy,V5,"(38, 73)",27.385725478022742,True,4.364445996275414,1.0
46,Greedy,V6,"(11, 47)",14.22016477484566,True,11.310985148975615,1.0
46,Greedy,V7,"(79, 27)",48.1972188127359,True,1.8353655514699625,1.0
46,Greedy,V8,"(10, 11)",17.525360126011122,True,24.103807466993217,1.0
46,Greedy,V9,"(73, 25)",10.58376016896116,True,0.3219222975059388,1.0
46,Greedy,V10,"(91, 2)",22.167721510083428,True,10.91807516684801,1.0
46,Auction,V1,"(100, 44)",4.514968676184683,True,19.1092604371762,1.0
46,Auction,V2,"(36, 4)",44.29837895776244,True,1.8382310609877344,1.0
46,Auction,V3,"(88, 19)",0.8293666344572372,True,16.754225500544024,1.0
46,Auction,V4,"(69, 5)",24.99308319630795,True,3.5390141725478657,1.0
46,Auction,V5,"(62, 90)",19.50684022041391,True,12.30052221230218,1.0
46,Auction,V6,"(23, 70)",10.243266414208364,True,15.213351648213418,1.0
46,Auction,V7,"(80, 68)",50.23385768124321,True,0.0,1.0
46,Auction,V8,"(82, 5)",4.575978039101869,True,37.34804547817083,1.0
46,Auction,V9,"(61, 62)",11.670078071231313,True,0.0,1.0
46,Auction,V10,"(18, 58)",33.88803549470534,True,0.0,1.0
46,Q-Learning,V1,"(22, 18)",11.56497446045973,True,15.36014128621781,4.0
46,Q-Learning,V2,"(18, 58)",45.76669033242369,True,0.36991968632647954,1.0
46,Q-Learning,V3,"(61, 62)",15.656724521979648,True,2.3186178975664333,1.0
46,Q-Learning,V4,"(1, 84)",15.212723315711823,True,13.55577677688628,1.0
46,Q-Learning,V5,"(23, 70)",17.29320498849726,True,14.456966485800898,1.0
46,Q-Learning,V6,"(34, 7)",8.551563359586499,True,17.720823214600312,2.0
46,Q-Learning,V7,"(80, 68)",50.23385768124321,True,0.7987266829626556,2.0
46,Q-Learning,V8,"(36, 4)",30.83581289354055,True,12.344159634139316,3.0
46,Q-Learning,V9,"(88, 19)",8.215967258264833,True,2.6897152082022657,1.0
46,Q-Learning,V10,"(100, 44)",22.445260781349948,True,12.64053589558149,3.0
47,Greedy,V1,"(8, 27)",15.15473092053482,True,7.176477409140983,1.0
47,Greedy,V2,"(52, 27)",15.838910334018898,True,30.200358412579426,1.0
47,Greedy,V3,"(67, 72)",7.98841934455821,True,8.986923074987871,1.0
47,Greedy,V4,"(13, 73)",8.216327246946708,True,20.409315702794252,1.0
47,Greedy,V5,"(38, 73)",27.385725478022742,True,3.364445996275414,1.0
47,Greedy,V6,"(11, 47)",14.22016477484566,True,10.310985148975615,1.0
47,Greedy,V7,"(79, 27)",48.1972188127359,True,0.8353655514699625,1.0
47,Greedy,V8,"(10, 11)",17.525360126011122,True,23.103807466993217,1.0
47,Greedy,V9,"(73, 25)",10.58376016896116,True,0.0,1.0
47,Greedy,V10,"(91, 2)",22.167721510083428,True,9.91807516684801,1.0
47,Auction,V1,"(100, 44)",4.514968676184683,True,18.1092604371762,1.0
47,Auction,V2,"(36, 4)",44.29837895776244,True,0.8382310609877344,1.0
47,Auction,V3,"(88, 19)",0.8293666344572372,True,15.754225500544024,1.0
47,Auction,V4,"(69, 5)",24.99308319630795,True,2.5390141725478657,1.0
47,Auction,V5,"(62, 90)",19.50684022041391,True,11.30052221230218,1.0
47,Auction,V6,"(23, 70)",10.243266414208364,True,14.213351648213418,1.0
47,Auction,V7,"(77, 63)",39.26203236543566,True,9.97182531580755,1.0
47,Auction,V8,"(82, 5)",4.575978039101869,True,36.34804547817083,1.0
47,Auction,V9,"(61, 62)",11.670078071231313,False,0.0,2.0
47,Auction,V10,"(4, 61)",20.297166487674637,True,12.590869007030706,1.0
47,Q-Learning,V1,"(22, 18)",11.56497446045973,True,14.36014128621781,4.0
47,Q-Learning,V2,"(18, 58)",45.76669033242369,True,0.0,1.0
47,Q-Learning,V3,"(61, 62)",15.656724521979648,True,1.3186178975664333,1.0
47,Q-Learning,V4,"(1, 84)",15.212723315711823,True,12.55577677688628,1.0
47,Q-Learning,V5,"(23, 70)",17.29320498849726,True,13.456966485800898,1.0
47,Q-Learning,V6,"(34, 7)",8.551563359586499,True,16.720823214600312,2.0
47,Q-Learning,V7,"(80, 68)",50.23385768124321,True,0.0,2.0
47,Q-Learning,V8,"(36, 4)",30.83581289354055,True,11.344159634139316,3.0
47,Q-Learning,V9,"(88, 19)",8.215967258264833,True,1.6897152082022657,1.0
47,Q-Learning,V10,"(100, 44)",22.445260781349948,True,11.64053589558149,3.0
48,Greedy,V1,"(8, 27)",15.15473092053482,True,6.176477409140983,1.0
48,Greedy,V2,"(52, 27)",15.838910334018898,True,29.200358412579426,1.0
48,Greedy,V3,"(67, 72)",7.98841934455821,True,7.986923074987871,1.0
48,Greedy,V4,"(13, 73)",8.216327246946708,True,19.409315702794252,1.0
48,Greedy,V5,"(38, 73)",27.385725478022742,True,2.364445996275414,1.0
48,Greedy,V6,"(11, 47)",14.22016477484566,True,9.310985148975615,1.0
48,Greedy,V7,"(79, 27)",48.1972188127359,True,0.0,1.0
48,Greedy,V8,"(10, 11)",17.525360126011122,True,22.103807466993217,1.0
48,Greedy,V9,"(73, 25)",10.58376016896116,False,0.0,2.0
48,Greedy,V10,"(91, 2)",22.167721510083428,True,8.91807516684801,1.0
48,Auction,V1,"(100, 44)",4.514968676184683,True,17.1092604371762,1.0
48,Auction,V2,"(36, 4)",44.29837895776244,True,0.0,1.0
48,Auction,V3,"(88, 19)",0.8293666344572372,True,14.754225500544024,1.0
48,Auction,V4,"(69, 5)",24.99308319630795,True,1.5390141725478657,1.0
48,Auction,V5,"(62, 90)",19.50684022041391,True,10.30052221230218,1.0
48,Auction,V6,"(23, 70)",10.243266414208364,True,13.213351648213418,1.0
48,Auction,V7,"(77, 63)",39.26203236543566,True,8.97182531580755,1.0
48,Auction,V8,"(82, 5)",4.575978039101869,True,35.34804547817083,1.0
48,Auction,V9,"(61, 62)",11.670078071231313,False,0.0,3.0
48,Auction,V10,"(4, 61)",20.297166487674637,True,11.590869007030706,1.0
48,Q-Learning,V1,"(22, 18)",11.56497446045973,True,13.36014128621781,4.0
48,Q-Learning,V2,"(4, 61)",31.380386821877636,True,13.386303510546059,1.0
48,Q-Learning,V3,"(61, 62)",15.656724521979648,True,0.31861789756643333,1.0
48,Q-Learning,V4,"(1, 84)",15.212723315711823,True,11.55577677688628,1.0
48,Q-Learning,V5,"(23, 70)",17.29320498849726,True,12.456966485800898,1.0
48,Q-Learning,V6,"(34, 7)",8.551563359586499,True,15.720823214600312,2.0
48,Q-Learning,V7,"(80, 68)",50.23385768124321,False,0.0,3.0
48,Q-Learning,V8,"(36, 4)",30.83581289354055,True,10.344159634139316,3.0
48,Q-Learning,V9,"(88, 19)",8.215967258264833,True,0.6897152082022657,1.0
48,Q-Learning,V10,"(100, 44)",22.445260781349948,True,10.64053589558149,3.0
49,Greedy,V1,"(8, 27)",15.15473092053482,True,5.176477409140983,1.0
49,Greedy,V2,"(52, 27)",15.838910334018898,True,28.200358412579426,1.0
49,Greedy,V3,"(67, 72)",7.98841934455821,True,6.986923074987871,1.0
49,Greedy,V4,"(13, 73)",8.216327246946708,True,18.409315702794252,1.0
49,Greedy,V5,"(38, 73)",27.385725478022742,True,1.364445996275414,1.0
49,Greedy,V6,"(11, 47)",14.22016477484566,True,8.310985148975615,1.0
49,Greedy,V7,"(79, 27)",8.095976624631277,True,39.10124218810462,1.0
49,Greedy,V8,"(10, 11)",17.525360126011122,True,21.103807466993217,1.0
49,Greedy,V9,"(73, 25)",10.58376016896116,False,0.0,3.0
49,Greedy,V10,"(91, 2)",22.167721510083428,True,7.918075166848009,1.0
49,Auction,V1,"(100, 44)",4.514968676184683,True,16.1092604371762,1.0
49,Auction,V2,"(34, 7)",20.697453745185108,True,22.60092521257733,1.0
49,Auction,V3,"(88, 19)",0.8293666344572372,True,13.754225500544024,1.0
49,Auction,V4,"(69, 5)",24.99308319630795,True,0.5390141725478657,1.0
49,Auction,V5,"(62, 90)",19.50684022041391,True,9.30052221230218,1.0
49,Auction,V6,"(23, 70)",10.243266414208364,True,12.213351648213418,1.0
49,Auction,V7,"(77, 63)",39.26203236543566,True,7.97182531580755,1.0
49,Auction,V8,"(82, 5)",4.575978039101869,True,34.34804547817083,1.0
49,Auction,V9,"(61, 62)",11.670078071231313,False,0.0,4.0
49,Auction,V10,"(4, 61)",20.297166487674637,True,10.590869007030706,1.0
49,Q-Learning,V1,"(22, 18)",11.56497446045973,True,12.36014128621781,4.0
49,Q-Learning,V2,"(4, 61)",31.380386821877636,True,12.386303510546059,1.0
49,Q-Learning,V3,"(61, 62)",15.656724521979648,True,0.0,1.0
49,Q-Learning,V4,"(1, 84)",15.212723315711823,True,10.55577677688628,1.0
49,Q-Learning,V5,"(23, 70)",17.29320498849726,True,11.456966485800898,1.0
49,Q-Learning,V6,"(34, 7)",8.551563359586499,True,14.720823214600312,2.0
49,Q-Learning,V7,"(69, 5)",29.575006377696887,True,19.65885130354632,3.0
49,Q-Learning,V8,"(36, 4)",30.83581289354055,True,9.344159634139316,3.0
49,Q-Learning,V9,"(88, 19)",8.215967258264833,True,0.0,1.0
49,Q-Learning,V10,"(100, 44)",22.445260781349948,True,9.64053589558149,3.0
50,Greedy,V1,"(8, 27)",15.15473092053482,True,4.176477409140983,1.0
50,Greedy,V2,"(52, 27)",15.838910334018898,True,27.200358412579426,1.0
50,Greedy,V3,"(67, 72)",7.98841934455821,True,5.986923074987871,1.0
50,Greedy,V4,"(13, 73)",8.216327246946708,True,17.409315702794252,1.0
50,Greedy,V5,"(38, 73)",27.385725478022742,True,0.3644459962754141,1.0
50,Greedy,V6,"(11, 47)",14.22016477484566,True,7.310985148975615,1.0
50,Greedy,V7,"(79, 27)",8.095976624631277,True,38.10124218810462,1.0
50,Greedy,V8,"(10, 11)",17.525360126011122,True,20.103807466993217,1.0
50,Greedy,V9,"(73, 25)",10.58376016896116,False,0.0,4.0
50,Greedy,V10,"(91, 2)",22.167721510083428,True,6.918075166848009,1.0
50,Auction,V1,"(100, 44)",4.514968676184683,True,15.1092604371762,1.0
50,Auction,V2,"(34, 7)",20.697453745185108,True,21.60092521257733,1.0
50,Auction,V3,"(88, 19)",0.8293666344572372,True,12.754225500544024,1.0
50,Auction,V4,"(69, 5)",24.99308319630795,True,0.0,1.0
50,Auction,V5,"(62, 90)",19.50684022041391,True,8.30052221230218,1.0
50,Auction,V6,"(23, 70)",10.243266414208364,True,11.213351648213418,1.0
50,Auction,V7,"(77, 63)",39.26203236543566,True,6.97182531580755,1.0
50,Auction,V8,"(82, 5)",4.575978039101869,True,33.34804547817083,1.0
50,Auction,V9,"(61, 62)",11.670078071231313,False,0.0,5.0
50,Auction,V10,"(4, 61)",20.297166487674637,True,9.590869007030706,1.0
50,Q-Learning,V1,"(22, 18)",11.56497446045973,True,11.36014128621781,4.0
50,Q-Learning,V2,"(4, 61)",31.380386821877636,True,11.386303510546059,1.0
50,Q-Learning,V3,"(77, 63)",0.3129846746858469,True,14.3437398472938,1.0
50,Q-Learning,V4,"(1, 84)",15.212723315711823,True,9.55577677688628,1.0
50,Q-Learning,V5,"(23, 70)",17.29320498849726,True,10.456966485800898,1.0
50,Q-Learning,V6,"(34, 7)",8.551563359586499,True,13.720823214600312,2.0
50,Q-Learning,V7,"(69, 5)",29.575006377696887,True,18.65885130354632,3.0
50,Q-Learning,V8,"(36, 4)",30.83581289354055,True,8.344159634139316,3.0
50,Q-Learning,V9,"(88, 19)",8.215967258264833,False,0.0,2.0
50,Q-Learning,V10,"(100, 44)",22.445260781349948,True,8.64053589558149,3.0
51,Greedy,V1,"(8, 27)",15.15473092053482,True,3.1764774091409826,1.0
51,Greedy,V2,"(52, 27)",15.838910334018898,True,26.200358412579426,1.0
51,Greedy,V3,"(67, 72)",7.98841934455821,True,4.986923074987871,1.0
51,Greedy,V4,"(13, 73)",8.216327246946708,True,16.409315702794252,1.0
51,Greedy,V5,"(38, 73)",27.385725478022742,True,0.0,1.0
51,Greedy,V6,"(11, 47)",14.22016477484566,True,6.310985148975615,1.0
51,Greedy,V7,"(79, 27)",8.095976624631277,True,37.10124218810462,1.0
51,Greedy,V8,"(10, 11)",17.525360126011122,True,19.103807466993217,1.0
51,Greedy,V9,"(73, 25)",10.58376016896116,False,0.0,5.0
51,Greedy,V10,"(91, 2)",22.167721510083428,True,5.918075166848009,1.0
51,Auction,V1,"(100, 44)",4.514968676184683,True,14.1092604371762,1.0
51,Auction,V2,"(34, 7)",20.697453745185108,True,20.60092521257733,1.0
51,Auction,V3,"(88, 19)",0.8293666344572372,True,11.754225500544024,1.0
51,Auction,V4,"(77, 9)",10.71533006630807,True,13.27775312999988,1.0
51,Auction,V5,"(62, 90)",19.50684022041391,True,7.30052221230218,1.0
51,Auction,V6,"(23, 70)",10.243266414208364,True,10.213351648213418,1.0
51,Auction,V7,"(77, 63)",39.26203236543566,True,5.97182531580755,1.0
51,Auction,V8,"(82, 5)",4.575978039101869,True,32.34804547817083,1.0
51,Auction,V9,"(61, 62)",11.670078071231313,False,0.0,6.0
51,Auction,V10,"(4, 61)",20.297166487674637,True,8.590869007030706,1.0
51,Q-Learning,V1,"(22, 18)",11.56497446045973,True,10.36014128621781,4.0
51,Q-Learning,V2,"(4, 61)",31.380386821877636,True,10.386303510546059,1.0
51,Q-Learning,V3,"(77, 63)",0.3129846746858469,True,13.3437398472938,1.0
51,Q-Learning,V4,"(1, 84)",15.212723315711823,True,8.55577677688628,1.0
51,Q-Learning,V5,"(23, 70)",17.29320498849726,True,9.456966485800898,1.0
51,Q-Learning,V6,"(34, 7)",8.551563359586499,True,12.720823214600312,2.0
51,Q-Learning,V7,"(69, 5)",29.575006377696887,True,17.65885130354632,3.0
51,Q-Learning,V8,"(36, 4)",30.83581289354055,True,7.3441596341393165,3.0
51,Q-Learning,V9,"(88, 19)",8.215967258264833,False,0.0,3.0
51,Q-Learning,V10,"(100, 44)",22.445260781349948,True,7.64053589558149,3.0
52,Greedy,V1,"(8, 27)",15.15473092053482,True,2.1764774091409826,1.0
52,Greedy,V2,"(52, 27)",15.838910334018898,True,25.200358412579426,1.0
52,Greedy,V3,"(67, 72)",7.98841934455821,True,3.986923074987871,1.0
52,Greedy,V4,"(13, 73)",8.216327246946708,True,15.409315702794252,1.0
52,Greedy,V5,"(38, 73)",10.936747773471975,True,15.448977704550767,1.0
52,Greedy,V6,"(11, 47)",14.22016477484566,True,5.310985148975615,1.0
52,Greedy,V7,"(79, 27)",8.095976624631277,True,36.10124218810462,1.0
52,Greedy,V8,"(10, 11)",17.525360126011122,True,18.103807466993217,1.0
52,Greedy,V9,"(73, 25)",10.58376016896116,False,0.0,6.0
52,Greedy,V10,"(91, 2)",22.167721510083428,True,4.918075166848009,1.0
52,Auction,V1,"(100, 44)",4.514968676184683,True,13.1092604371762,1.0
52,Auction,V2,"(34, 7)",20.697453745185108,True,19.60092521257733,1.0
52,Auction,V3,"(88, 19)",0.8293666344572372,True,10.754225500544024,1.0
52,Auction,V4,"(77, 9)",10.71533006630807,True,12.27775312999988,1.0
52,Auction,V5,"(62, 90)",19.50684022041391,True,6.30052221230218,1.0
52,Auction,V6,"(23, 70)",10.243266414208364,True,9.213351648213418,1.0
52,Auction,V7,"(77, 63)",39.26203236543566,True,4.97182531580755,1.0
52,Auction,V8,"(82, 5)",4.575978039101869,True,31.34804547817083,1.0
52,Auction,V9,"(61, 62)",11.670078071231313,False,0.0,7.0
52,Auction,V10,"(4, 61)",20.297166487674637,True,7.590869007030706,1.0
52,Q-Learning,V1,"(22, 18)",11.56497446045973,True,9.36014128621781,4.0
52,Q-Learning,V2,"(4, 61)",31.380386821877636,True,9.386303510546059,1.0
52,Q-Learning,V3,"(77, 63)",0.3129846746858469,True,12.3437398472938,1.0
52,Q-Learning,V4,"(1, 84)",15.212723315711823,True,7.55577677688628,1.0
52,Q-Learning,V5,"(23, 70)",17.29320498849726,True,8.456966485800898,1.0
52,Q-Learning,V6,"(34, 7)",8.551563359586499,True,11.720823214600312,2.0
52,Q-Learning,V7,"(69, 5)",29.575006377696887,True,16.65885130354632,3.0
52,Q-Learning,V8,"(36, 4)",30.83581289354055,True,6.3441596341393165,3.0
52,Q-Learning,V9,"(88, 19)",8.215967258264833,False,0.0,4.0
52,Q-Learning,V10,"(100, 44)",22.445260781349948,True,6.64053589558149,3.0
53,Greedy,V1,"(8, 27)",15.15473092053482,True,1.1764774091409826,1.0
53,Greedy,V2,"(52, 27)",15.838910334018898,True,24.200358412579426,1.0
53,Greedy,V3,"(67, 72)",7.98841934455821,True,2.986923074987871,1.0
53,Greedy,V4,"(13, 73)",8.216327246946708,True,14.409315702794252,1.0
53,Greedy,V5,"(38, 73)",10.936747773471975,True,14.448977704550767,1.0
53,Greedy,V6,"(11, 47)",14.22016477484566,True,4.310985148975615,1.0
53,Greedy,V7,"(79, 27)",8.095976624631277,True,35.10124218810462,1.0
53,Greedy,V8,"(10, 11)",17.525360126011122,True,17.103807466993217,1.0
53,Greedy,V9,"(73, 25)",10.58376016896116,False,0.0,7.0
53,Greedy,V10,"(91, 2)",22.167721510083428,True,3.918075166848009,1.0
53,Auction,V1,"(100, 44)",4.514968676184683,True,12.1092604371762,1.0
53,Auction,V2,"(34, 7)",20.697453745185108,True,18.60092521257733,1.0
53,Auction,V3,"(88, 19)",0.8293666344572372,True,9.754225500544024,1.0
53,Auction,V4,"(77, 9)",10.71533006630807,True,11.27775312999988,1.0
53,Auction,V5,"(62, 90)",19.50684022041391,True,5.30052221230218,1.0
53,Auction,V6,"(23, 70)",10.243266414208364,True,8.213351648213418,1.0
53,Auction,V7,"(77, 63)",39.26203236543566,True,3.97182531580755,1.0
53,Auction,V8,"(82, 5)",4.575978039101869,True,30.34804547817083,1.0
53,Auction,V9,"(61, 62)",11.670078071231313,False,0.0,8.0
53,Auction,V10,"(4, 61)",20.297166487674637,True,6.590869007030706,1.0
53,Q-Learning,V1,"(22, 18)",11.56497446045973,True,8.36014128621781,4.0
53,Q-Learning,V2,"(4, 61)",31.380386821877636,True,8.386303510546059,1.0
53,Q-Learning,V3,"(77, 63)",0.3129846746858469,True,11.3437398472938,1.0
53,Q-Learning,V4,"(1, 84)",15.212723315711823,True,6.55577677688628,1.0
53,Q-Learning,V5,"(23, 70)",17.29320498849726,True,7.456966485800898,1.0
53,Q-Learning,V6,"(34, 7)",8.551563359586499,True,10.720823214600312,2.0
53,Q-Learning,V7,"(69, 5)",29.575006377696887,True,15.65885130354632,3.0
53,Q-Learning,V8,"(36, 4)",30.83581289354055,True,5.3441596341393165,3.0
53,Q-Learning,V9,"(88, 19)",8.215967258264833,False,0.0,5.0
53,Q-Learning,V10,"(100, 44)",22.445260781349948,True,5.64053589558149,3.0
54,Greedy,V1,"(8, 27)",15.15473092053482,True,0.17647740914098264,1.0
54,Greedy,V2,"(52, 27)",15.838910334018898,True,23.200358412579426,1.0
54,Greedy,V3,"(67, 72)",7.98841934455821,True,1.986923074987871,1.0
54,Greedy,V4,"(13, 73)",8.216327246946708,True,13.409315702794252,1.0
54,Greedy,V5,"(38, 73)",10.936747773471975,True,13.448977704550767,1.0
54,Greedy,V6,"(11, 47)",14.22016477484566,True,3.3109851489756146,1.0
54,Greedy,V7,"(79, 27)",8.095976624631277,True,34.10124218810462,1.0
54,Greedy,V8,"(10, 11)",17.525360126011122,True,16.103807466993217,1.0
54,Greedy,V9,"(73, 25)",10.58376016896116,False,0.0,8.0
54,Greedy,V10,"(91, 2)",22.167721510083428,True,2.918075166848009,1.0
54,Auction,V1,"(100, 44)",4.514968676184683,True,11.1092604371762,1.0
54,Auction,V2,"(34, 7)",20.697453745185108,True,17.60092521257733,1.0
54,Auction,V3,"(88, 19)",0.8293666344572372,True,8.754225500544024,1.0
54,Auction,V4,"(77, 9)",10.71533006630807,True,10.27775312999988,1.0
54,Auction,V5,"(62, 90)",19.50684022041391,True,4.30052221230218,1.0
54,Auction,V6,"(23, 70)",10.243266414208364,True,7.213351648213418,1.0
54,Auction,V7,"(77, 63)",39.26203236543566,True,2.97182531580755,1.0
54,Auction,V8,"(82, 5)",4.575978039101869,True,29.34804547817083,1.0
54,Auction,V9,"(61, 62)",11.670078071231313,False,0.0,9.0
54,Auction,V10,"(4, 61)",20.297166487674637,True,5.590869007030706,1.0
54,Q-Learning,V1,"(22, 18)",11.56497446045973,True,7.360141286217811,4.0
54,Q-Learning,V2,"(4, 61)",31.380386821877636,True,7.386303510546059,1.0
54,Q-Learning,V3,"(77, 63)",0.3129846746858469,True,10.3437398472938,1.0
54,Q-Learning,V4,"(1, 84)",15.212723315711823,True,5.55577677688628,1.0
54,Q-Learning,V5,"(23, 70)",17.29320498849726,True,6.456966485800898,1.0
54,Q-Learning,V6,"(34, 7)",8.551563359586499,True,9.720823214600312,2.0
54,Q-Learning,V7,"(69, 5)",29.575006377696887,True,14.65885130354632,3.0
54,Q-Learning,V8,"(36, 4)",30.83581289354055,True,4.3441596341393165,3.0
54,Q-Learning,V9,"(88, 19)",8.215967258264833,False,0.0,6.0
54,Q-Learning,V10,"(100, 44)",22.445260781349948,True,4.64053589558149,3.0
55,Greedy,V1,"(8, 27)",15.15473092053482,True,0.0,1.0
55,Greedy,V2,"(52, 27)",15.838910334018898,True,22.200358412579426,1.0
55,Greedy,V3,"(67, 72)",7.98841934455821,True,0.986923074987871,1.0
55,Greedy,V4,"(13, 73)",8.216327246946708,True,12.409315702794252,1.0
55,Greedy,V5,"(38, 73)",10.936747773471975,True,12.448977704550767,1.0
55,Greedy,V6,"(11, 47)",14.22016477484566,True,2.3109851489756146,1.0
55,Greedy,V7,"(79, 27)",8.095976624631277,True,33.10124218810462,1.0
55,Greedy,V8,"(10, 11)",17.525360126011122,True,15.103807466993217,1.0
55,Greedy,V9,"(73, 25)",10.58376016896116,False,0.0,9.0
55,Greedy,V10,"(91, 2)",22.167721510083428,True,1.9180751668480092,1.0
55,Auction,V1,"(100, 44)",4.514968676184683,True,10.1092604371762,1.0
55,Auction,V2,"(34, 7)",20.697453745185108,True,16.60092521257733,1.0
55,Auction,V3,"(88, 19)",0.8293666344572372,True,7.754225500544024,1.0
55,Auction,V4,"(77, 9)",10.71533006630807,True,9.27775312999988,1.0
55,Auction,V5,"(62, 90)",19.50684022041391,True,3.3005222123021802,1.0
55,Auction,V6,"(23, 70)",10.243266414208364,True,6.213351648213418,1.0
55,Auction,V7,"(77, 63)",39.26203236543566,True,1.9718253158075498,1.0
55,Auction,V8,"(82, 5)",4.575978039101869,True,28.34804547817083,1.0
55,Auction,V9,"(61, 62)",11.670078071231313,False,0.0,10.0
55,Auction,V10,"(4, 61)",20.297166487674637,True,4.590869007030706,1.0
55,Q-Learning,V1,"(22, 18)",11.56497446045973,True,6.360141286217811,4.0
55,Q-Learning,V2,"(4, 61)",31.380386821877636,True,6.386303510546059,1.0
55,Q-Learning,V3,"(77, 63)",0.3129846746858469,True,9.3437398472938,1.0
55,Q-Learning,V4,"(1, 84)",15.212723315711823,True,4.55577677688628,1.0
55,Q-Learning,V5,"(23, 70)",17.29320498849726,True,5.456966485800898,1.0
55,Q-Learning,V6,"(34, 7)",8.551563359586499,True,8.720823214600312,2.0
55,Q-Learning,V7,"(69, 5)",29.575006377696887,True,13.65885130354632,3.0
55,Q-Learning,V8,"(36, 4)",30.83581289354055,True,3.3441596341393165,3.0
55,Q-Learning,V9,"(88, 19)",8.215967258264833,False,0.0,7.0
55,Q-Learning,V10,"(100, 44)",22.445260781349948,True,3.6405358955814897,3.0
56,Greedy,V1,"(8, 27)",15.15473092053482,False,0.0,2.0
56,Greedy,V2,"(52, 27)",15.838910334018898,True,21.200358412579426,1.0
56,Greedy,V3,"(67, 72)",7.98841934455821,True,0.0,1.0
56,Greedy,V4,"(13, 73)",8.216327246946708,True,11.409315702794252,1.0
56,Greedy,V5,"(38, 73)",10.936747773471975,True,11.448977704550767,1.0
56,Greedy,V6,"(11, 47)",14.22016477484566,True,1.3109851489756146,1.0
56,Greedy,V7,"(79, 27)",8.095976624631277,True,32.10124218810462,1.0
56,Greedy,V8,"(10, 11)",17.525360126011122,True,14.103807466993217,1.0
56,Greedy,V9,"(73, 25)",10.58376016896116,False,0.0,10.0
56,Greedy,V10,"(91, 2)",22.167721510083428,True,0.9180751668480092,1.0
56,Auction,V1,"(100, 44)",4.514968676184683,True,9.1092604371762,1.0
56,Auction,V2,"(34, 7)",20.697453745185108,True,15.60092521257733,1.0
56,Auction,V3,"(88, 19)",0.8293666344572372,True,6.754225500544024,1.0
56,Auction,V4,"(77, 9)",10.71533006630807,True,8.27775312999988,1.0
56,Auction,V5,"(62, 90)",19.50684022041391,True,2.3005222123021802,1.0
56,Auction,V6,"(23, 70)",10.243266414208364,True,5.213351648213418,1.0
56,Auction,V7,"(77, 63)",39.26203236543566,True,0.9718253158075498,1.0
56,Auction,V8,"(82, 5)",4.575978039101869,True,27.34804547817083,1.0
56,Auction,V9,"(61, 62)",11.670078071231313,False,0.0,11.0
56,Auction,V10,"(4, 61)",20.297166487674637,True,3.5908690070307063,1.0
56,Q-Learning,V1,"(22, 18)",11.56497446045973,True,5.360141286217811,4.0
56,Q-Learning,V2,"(4, 61)",31.380386821877636,True,5.386303510546059,1.0
56,Q-Learning,V3,"(77, 63)",0.3129846746858469,True,8.3437398472938,1.0
56,Q-Learning,V4,"(1, 84)",15.212723315711823,True,3.5557767768862796,1.0
56,Q-Learning,V5,"(23, 70)",17.29320498849726,True,4.456966485800898,1.0
56,Q-Learning,V6,"(34, 7)",8.551563359586499,True,7.720823214600312,2.0
56,Q-Learning,V7,"(69, 5)",29.575006377696887,True,12.65885130354632,3.0
56,Q-Learning,V8,"(36, 4)",30.83581289354055,True,2.3441596341393165,3.0
56,Q-Learning,V9,"(88, 19)",8.215967258264833,False,0.0,8.0
56,Q-Learning,V10,"(100, 44)",22.445260781349948,True,2.6405358955814897,3.0
57,Greedy,V1,"(8, 27)",15.15473092053482,False,0.0,3.0
57,Greedy,V2,"(52, 27)",15.838910334018898,True,20.200358412579426,1.0
57,Greedy,V3,"(67, 72)",7.98841934455821,False,0.0,2.0
57,Greedy,V4,"(13, 73)",8.216327246946708,True,10.409315702794252,1.0
57,Greedy,V5,"(38, 73)",10.936747773471975,True,10.448977704550767,1.0
57,Greedy,V6,"(11, 47)",14.22016477484566,True,0.3109851489756146,1.0
57,Greedy,V7,"(79, 27)",8.095976624631277,True,31.10124218810462,1.0
57,Greedy,V8,"(10, 11)",17.525360126011122,True,13.103807466993217,1.0
57,Greedy,V9,"(73, 25)",10.58376016896116,False,0.0,11.0
57,Greedy,V10,"(91, 2)",22.167721510083428,True,0.0,1.0
57,Auction,V1,"(100, 44)",4.514968676184683,True,8.1092604371762,1.0
57,Auction,V2,"(34, 7)",20.697453745185108,True,14.60092521257733,1.0
57,Auction,V3,"(88, 19)",0.8293666344572372,True,5.754225500544024,1.0
57,Auction,V4,"(77, 9)",10.71533006630807,True,7.27775312999988,1.0
57,Auction,V5,"(62, 90)",19.50684022041391,True,1.3005222123021802,1.0
57,Auction,V6,"(23, 70)",10.243266414208364,True,4.213351648213418,1.0
57,Auction,V7,"(77, 63)",39.26203236543566,True,0.0,1.0
57,Auction,V8,"(82, 5)",4.575978039101869,True,26.34804547817083,1.0
57,Auction,V9,"(61, 62)",11.670078071231313,False,0.0,12.0
57,Auction,V10,"(4, 61)",20.297166487674637,True,2.5908690070307063,1.0
57,Q-Learning,V1,"(22, 18)",11.56497446045973,True,4.360141286217811,4.0
57,Q-Learning,V2,"(4, 61)",31.380386821877636,True,4.386303510546059,1.0
57,Q-Learning,V3,"(77, 63)",0.3129846746858469,True,7.343739847293801,1.0
57,Q-Learning,V4,"(1, 84)",15.212723315711823,True,2.5557767768862796,1.0
57,Q-Learning,V5,"(23, 70)",17.29320498849726,True,3.4569664858008977,1.0
57,Q-Learning,V6,"(34, 7)",8.551563359586499,True,6.720823214600312,2.0
57,Q-Learning,V7,"(69, 5)",29.575006377696887,True,11.65885130354632,3.0
57,Q-Learning,V8,"(36, 4)",30.83581289354055,True,1.3441596341393165,3.0
57,Q-Learning,V9,"(88, 19)",8.215967258264833,False,0.0,9.0
57,Q-Learning,V10,"(100, 44)",22.445260781349948,True,1.6405358955814897,3.0
58,Greedy,V1,"(8, 27)",15.15473092053482,False,0.0,4.0
58,Greedy,V2,"(52, 27)",15.838910334018898,True,19.200358412579426,1.0
58,Greedy,V3,"(67, 72)",7.98841934455821,False,0.0,3.0
58,Greedy,V4,"(13, 73)",8.216327246946708,True,9.409315702794252,1.0
58,Greedy,V5,"(38, 73)",10.936747773471975,True,9.448977704550767,1.0
58,Greedy,V6,"(11, 47)",14.22016477484566,True,0.0,1.0
58,Greedy,V7,"(79, 27)",8.095976624631277,True,30.10124218810462,1.0
58,Greedy,V8,"(10, 11)",17.525360126011122,True,12.103807466993217,1.0
58,Greedy,V9,"(73, 25)",10.58376016896116,False,0.0,12.0
58,Greedy,V10,"(91, 2)",7.4285575275835924,True,13.739163982499836,1.0
58,Auction,V1,"(100, 44)",4.514968676184683,True,7.1092604371762,1.0
58,Auction,V2,"(34, 7)",20.697453745185108,True,13.60092521257733,1.0
58,Auction,V3,"(88, 19)",0.8293666344572372,True,4.754225500544024,1.0
58,Auction,V4,"(77, 9)",10.71533006630807,True,6.27775312999988,1.0
58,Auction,V5,"(62, 90)",19.50684022041391,True,0.30052221230218024,1.0
58,Auction,V6,"(23, 70)",10.243266414208364,True,3.2133516482134183,1.0
58,Auction,V7,"(72, 63)",20.428699032102326,True,17.833333333333332,1.0
58,Auction,V8,"(82, 5)",4.575978039101869,True,25.34804547817083,1.0
58,Auction,V9,"(61, 62)",11.670078071231313,False,0.0,13.0
58,Auction,V10,"(4, 61)",20.297166487674637,True,1.5908690070307063,1.0
58,Q-Learning,V1,"(22, 18)",11.56497446045973,True,3.360141286217811,4.0
58,Q-Learning,V2,"(4, 61)",31.380386821877636,True,3.3863035105460586,1.0
58,Q-Learning,V3,"(77, 63)",0.3129846746858469,True,6.343739847293801,1.0
58,Q-Learning,V4,"(1, 84)",15.212723315711823,True,1.5557767768862796,1.0
58,Q-Learning,V5,"(23, 70)",17.29320498849726,True,2.4569664858008977,1.0
58,Q-Learning,V6,"(34, 7)",8.551563359586499,True,5.720823214600312,2.0
58,Q-Learning,V7,"(69, 5)",29.575006377696887,True,10.65885130354632,3.0
58,Q-Learning,V8,"(36, 4)",30.83581289354055,True,0.3441596341393165,3.0
58,Q-Learning,V9,"(88, 19)",8.215967258264833,False,0.0,10.0
58,Q-Learning,V10,"(100, 44)",22.445260781349948,True,0.6405358955814897,3.0
59,Greedy,V1,"(8, 27)",15.15473092053482,False,0.0,5.0
59,Greedy,V2,"(52, 27)",15.838910334018898,True,18.200358412579426,1.0
59,Greedy,V3,"(67, 72)",7.98841934455821,False,0.0,4.0
59,Greedy,V4,"(13, 73)",8.216327246946708,True,8.409315702794252,1.0
59,Greedy,V5,"(38, 73)",10.936747773471975,True,8.448977704550767,1.0
59,Greedy,V6,"(11, 47)",14.22016477484566,False,0.0,2.0
59,Greedy,V7,"(79, 27)",8.095976624631277,True,29.10124218810462,1.0
59,Greedy,V8,"(10, 11)",17.525360126011122,True,11.103807466993217,1.0
59,Greedy,V9,"(73, 25)",10.58376016896116,False,0.0,13.0
59,Greedy,V10,"(91, 2)",7.4285575275835924,True,12.739163982499836,1.0
59,Auction,V1,"(100, 44)",4.514968676184683,True,6.1092604371762,1.0
59,Auction,V2,"(34, 7)",20.697453745185108,True,12.60092521257733,1.0
59,Auction,V3,"(88, 19)",0.8293666344572372,True,3.754225500544024,1.0
59,Auction,V4,"(77, 9)",10.71533006630807,True,5.27775312999988,1.0
59,Auction,V5,"(62, 90)",19.50684022041391,True,0.0,1.0
59,Auction,V6,"(23, 70)",10.243266414208364,True,2.2133516482134183,1.0
59,Auction,V7,"(72, 63)",20.428699032102326,True,16.833333333333332,1.0
59,Auction,V8,"(82, 5)",4.575978039101869,True,24.34804547817083,1.0
59,Auction,V9,"(61, 62)",11.670078071231313,False,0.0,14.0
59,Auction,V10,"(4, 61)",20.297166487674637,True,0.5908690070307063,1.0
59,Q-Learning,V1,"(22, 18)",11.56497446045973,True,2.360141286217811,4.0
59,Q-Learning,V2,"(4, 61)",31.380386821877636,True,2.3863035105460586,1.0
59,Q-Learning,V3,"(77, 63)",0.3129846746858469,True,5.343739847293801,1.0
59,Q-Learning,V4,"(1, 84)",15.212723315711823,True,0.5557767768862796,1.0
59,Q-Learning,V5,"(23, 70)",17.29320498849726,True,1.4569664858008977,1.0
59,Q-Learning,V6,"(34, 7)",8.551563359586499,True,4.720823214600312,2.0
59,Q-Learning,V7,"(69, 5)",29.575006377696887,True,9.65885130354632,3.0
59,Q-Learning,V8,"(36, 4)",30.83581289354055,True,0.0,3.0
59,Q-Learning,V9,"(88, 19)",8.215967258264833,False,0.0,11.0
59,Q-Learning,V10,"(100, 44)",22.445260781349948,True,0.0,3.0
60,Greedy,V1,"(8, 27)",15.15473092053482,False,0.0,6.0
60,Greedy,V2,"(52, 27)",15.838910334018898,True,17.200358412579426,1.0
60,Greedy,V3,"(67, 72)",7.98841934455821,False,0.0,5.0
60,Greedy,V4,"(13, 73)",8.216327246946708,True,7.4093157027942524,1.0
60,Greedy,V5,"(38, 73)",10.936747773471975,True,7.448977704550767,1.0
60,Greedy,V6,"(11, 47)",14.22016477484566,False,0.0,3.0
60,Greedy,V7,"(79, 27)",8.095976624631277,True,28.10124218810462,1.0
60,Greedy,V8,"(10, 11)",17.525360126011122,True,10.103807466993217,1.0
60,Greedy,V9,"(73, 25)",10.58376016896116,False,0.0,14.0
60,Greedy,V10,"(91, 2)",7.4285575275835924,True,11.739163982499836,1.0
60,Auction,V1,"(100, 44)",4.514968676184683,True,5.1092604371762,1.0
60,Auction,V2,"(34, 7)",20.697453745185108,True,11.60092521257733,1.0
60,Auction,V3,"(88, 19)",0.8293666344572372,True,2.754225500544024,1.0
60,Auction,V4,"(77, 9)",10.71533006630807,True,4.27775312999988,1.0
60,Auction,V5,"(70, 87)",6.557506470934184,True,11.949333749479726,1.0
60,Auction,V6,"(23, 70)",10.243266414208364,True,1.2133516482134183,1.0
60,Auction,V7,"(72, 63)",20.428699032102326,True,15.833333333333332,1.0
60,Auction,V8,"(82, 5)",4.575978039101869,True,23.34804547817083,1.0
60,Auction,V9,"(61, 62)",11.670078071231313,False,0.0,15.0
60,Auction,V10,"(4, 61)",20.297166487674637,True,0.0,1.0
60,Q-Learning,V1,"(22, 18)",11.56497446045973,True,1.3601412862178108,4.0
60,Q-Learning,V2,"(4, 61)",31.380386821877636,True,1.3863035105460586,1.0
60,Q-Learning,V3,"(77, 63)",0.3129846746858469,True,4.343739847293801,1.0
60,Q-Learning,V4,"(1, 84)",15.212723315711823,True,0.0,1.0
60,Q-Learning,V5,"(23, 70)",17.29320498849726,True,0.4569664858008977,1.0
60,Q-Learning,V6,"(34, 7)",8.551563359586499,True,3.720823214600312,2.0
60,Q-Learning,V7,"(69, 5)",29.575006377696887,True,8.65885130354632,3.0
60,Q-Learning,V8,"(85, 59)",1.420466032837652,True,28.415346860702897,3.0
60,Q-Learning,V9,"(88, 19)",8.215967258264833,False,0.0,12.0
60,Q-Learning,V10,"(89, 24)",3.909102512346987,True,17.53615826900296,3.0
61,Greedy,V1,"(8, 27)",15.15473092053482,False,0.0,7.0
61,Greedy,V2,"(52, 27)",15.838910334018898,True,16.200358412579426,1.0
61,Greedy,V3,"(67, 72)",7.98841934455821,False,0.0,6.0
61,Greedy,V4,"(13, 73)",8.216327246946708,True,6.4093157027942524,1.0
61,Greedy,V5,"(38, 73)",10.936747773471975,True,6.448977704550767,1.0
61,Greedy,V6,"(11, 47)",14.22016477484566,False,0.0,4.0
61,Greedy,V7,"(79, 27)",8.095976624631277,True,27.10124218810462,1.0
61,Greedy,V8,"(10, 11)",17.525360126011122,True,9.103807466993217,1.0
61,Greedy,V9,"(73, 25)",10.58376016896116,False,0.0,15.0
61,Greedy,V10,"(91, 2)",7.4285575275835924,True,10.739163982499836,1.0
61,Auction,V1,"(100, 44)",4.514968676184683,True,4.1092604371762,1.0
61,Auction,V2,"(34, 7)",20.697453745185108,True,10.60092521257733,1.0
61,Auction,V3,"(88, 19)",0.8293666344572372,True,1.754225500544024,1.0
61,Auction,V4,"(77, 9)",10.71533006630807,True,3.27775312999988,1.0
61,Auction,V5,"(70, 87)",6.557506470934184,True,10.949333749479726,1.0
61,Auction,V6,"(23, 70)",10.243266414208364,True,0.21335164821341834,1.0
61,Auction,V7,"(72, 63)",20.428699032102326,True,14.833333333333332,1.0
61,Auction,V8,"(82, 5)",4.575978039101869,True,22.34804547817083,1.0
61,Auction,V9,"(61, 62)",11.670078071231313,False,0.0,16.0
61,Auction,V10,"(85, 59)",0.2944234214725725,True,19.002743066202065,1.0
61,Q-Learning,V1,"(22, 18)",11.56497446045973,True,0.36014128621781083,4.0
61,Q-Learning,V2,"(4, 61)",31.380386821877636,True,0.3863035105460586,1.0
61,Q-Learning,V3,"(77, 63)",0.3129846746858469,True,3.3437398472938007,1.0
61,Q-Learning,V4,"(1, 84)",15.212723315711823,False,0.0,2.0
61,Q-Learning,V5,"(23, 70)",17.29320498849726,True,0.0,1.0
61,Q-Learning,V6,"(34, 7)",8.551563359586499,True,2.720823214600312,2.0
61,Q-Learning,V7,"(69, 5)",29.575006377696887,True,7.658851303546321,3.0
61,Q-Learning,V8,"(85, 59)",1.420466032837652,True,27.415346860702897,3.0
61,Q-Learning,V9,"(88, 19)",8.215967258264833,False,0.0,13.0
61,Q-Learning,V10,"(89, 24)",3.909102512346987,True,16.53615826900296,3.0
62,Greedy,V1,"(8, 27)",15.15473092053482,False,0.0,8.0
62,Greedy,V2,"(52, 27)",15.838910334018898,True,15.200358412579426,1.0
62,Greedy,V3,"(67, 72)",7.98841934455821,False,0.0,7.0
62,Greedy,V4,"(13, 73)",8.216327246946708,True,5.4093157027942524,1.0
62,Greedy,V5,"(38, 73)",10.936747773471975,True,5.448977704550767,1.0
62,Greedy,V6,"(11, 47)",14.22016477484566,False,0.0,5.0
62,Greedy,V7,"(79, 27)",8.095976624631277,True,26.10124218810462,1.0
62,Greedy,V8,"(10, 11)",17.525360126011122,True,8.103807466993217,1.0
62,Greedy,V9,"(73, 25)",10.58376016896116,False,0.0,16.0
62,Greedy,V10,"(91, 2)",7.4285575275835924,True,9.739163982499836,1.0
62,Auction,V1,"(100, 44)",4.514968676184683,True,3.1092604371762,1.0
62,Auction,V2,"(34, 7)",20.697453745185108,True,9.60092521257733,1.0
62,Auction,V3,"(88, 19)",0.8293666344572372,True,0.7542255005440239,1.0
62,Auction,V4,"(77, 9)",10.71533006630807,True,2.27775312999988,1.0
62,Auction,V5,"(70, 87)",6.557506470934184,True,9.949333749479726,1.0
62,Auction,V6,"(23, 70)",10.243266414208364,True,0.0,1.0
62,Auction,V7,"(72, 63)",20.428699032102326,True,13.833333333333332,1.0
62,Auction,V8,"(82, 5)",4.575978039101869,True,21.34804547817083,1.0
62,Auction,V9,"(61, 62)",11.670078071231313,False,0.0,17.0
62,Auction,V10,"(85, 59)",0.2944234214725725,True,18.002743066202065,1.0
62,Q-Learning,V1,"(22, 18)",11.56497446045973,True,0.0,4.0
62,Q-Learning,V2,"(4, 61)",31.380386821877636,True,0.0,1.0
62,Q-Learning,V3,"(77, 63)",0.3129846746858469,True,2.3437398472938007,1.0
62,Q-Learning,V4,"(1, 84)",15.212723315711823,False,0.0,3.0
62,Q-Learning,V5,"(51, 86)",0.7099793225867934,True,15.583225665910465,1.0
62,Q-Learning,V6,"(34, 7)",8.551563359586499,True,1.720823214600312,2.0
62,Q-Learning,V7,"(69, 5)",29.575006377696887,True,6.658851303546321,3.0
62,Q-Learning,V8,"(85, 59)",1.420466032837652,True,26.415346860702897,3.0
62,Q-Learning,V9,"(88, 19)",8.215967258264833,False,0.0,14.0
62,Q-Learning,V10,"(89, 24)",3.909102512346987,True,15.53615826900296,3.0
63,Greedy,V1,"(8, 27)",15.15473092053482,False,0.0,9.0
63,Greedy,V2,"(52, 27)",15.838910334018898,True,14.200358412579426,1.0
63,Greedy,V3,"(67, 72)",7.98841934455821,False,0.0,8.0
63,Greedy,V4,"(13, 73)",8.216327246946708,True,4.4093157027942524,1.0
63,Greedy,V5,"(38, 73)",10.936747773471975,True,4.448977704550767,1.0
63,Greedy,V6,"(11, 47)",14.22016477484566,False,0.0,6.0
63,Greedy,V7,"(79, 27)",8.095976624631277,True,25.10124218810462,1.0
63,Greedy,V8,"(10, 11)",17.525360126011122,True,7.103807466993217,1.0
63,Greedy,V9,"(73, 25)",10.58376016896116,False,0.0,17.0
63,Greedy,V10,"(91, 2)",7.4285575275835924,True,8.739163982499836,1.0
63,Auction,V1,"(100, 44)",4.514968676184683,True,2.1092604371762,1.0
63,Auction,V2,"(34, 7)",20.697453745185108,True,8.60092521257733,1.0
63,Auction,V3,"(88, 19)",0.8293666344572372,True,0.0,1.0
63,Auction,V4,"(77, 9)",10.71533006630807,True,1.2777531299998799,1.0
63,Auction,V5,"(70, 87)",6.557506470934184,True,8.949333749479726,1.0
63,Auction,V6,"(23, 70)",10.243266414208364,False,0.0,2.0
63,Auction,V7,"(72, 63)",20.428699032102326,True,12.833333333333332,1.0
63,Auction,V8,"(82, 5)",4.575978039101869,True,20.34804547817083,1.0
63,Auction,V9,"(61, 62)",11.670078071231313,False,0.0,18.0
63,Auction,V10,"(85, 59)",0.2944234214725725,True,17.002743066202065,1.0
63,Q-Learning,V1,"(22, 18)",11.56497446045973,False,0.0,5.0
63,Q-Learning,V2,"(62, 90)",6.572724930628652,True,23.807661891248983,1.0
63,Q-Learning,V3,"(77, 63)",0.3129846746858469,True,1.3437398472938007,1.0
63,Q-Learning,V4,"(1, 84)",15.212723315711823,False,0.0,4.0
63,Q-Learning,V5,"(51, 86)",0.7099793225867934,True,14.583225665910465,1.0
63,Q-Learning,V6,"(34, 7)",8.551563359586499,True,0.720823214600312,2.0
63,Q-Learning,V7,"(69, 5)",29.575006377696887,True,5.658851303546321,3.0
63,Q-Learning,V8,"(85, 59)",1.420466032837652,True,25.415346860702897,3.0
63,Q-Learning,V9,"(88, 19)",8.215967258264833,False,0.0,15.0
63,Q-Learning,V10,"(89, 24)",3.909102512346987,True,14.53615826900296,3.0
64,Greedy,V1,"(8, 27)",15.15473092053482,False,0.0,10.0
64,Greedy,V2,"(52, 27)",15.838910334018898,True,13.200358412579426,1.0
64,Greedy,V3,"(67, 72)",7.98841934455821,False,0.0,9.0
64,Greedy,V4,"(13, 73)",8.216327246946708,True,3.4093157027942524,1.0
64,Greedy,V5,"(38, 73)",10.936747773471975,True,3.4489777045507672,1.0
64,Greedy,V6,"(11, 47)",14.22016477484566,False,0.0,7.0
64,Greedy,V7,"(79, 27)",8.095976624631277,True,24.10124218810462,1.0
64,Greedy,V8,"(10, 11)",17.525360126011122,True,6.103807466993217,1.0
64,Greedy,V9,"(73, 25)",10.58376016896116,False,0.0,18.0
64,Greedy,V10,"(91, 2)",7.4285575275835924,True,7.739163982499836,1.0
64,Auction,V1,"(100, 44)",4.514968676184683,True,1.1092604371762,1.0
64,Auction,V2,"(34, 7)",20.697453745185108,True,7.60092521257733,1.0
64,Auction,V3,"(88, 19)",0.8293666344572372,False,0.0,2.0
64,Auction,V4,"(77, 9)",10.71533006630807,True,0.2777531299998799,1.0
64,Auction,V5,"(70, 87)",6.557506470934184,True,7.949333749479726,1.0
64,Auction,V6,"(23, 70)",10.243266414208364,False,0.0,3.0
64,Auction,V7,"(72, 63)",20.428699032102326,True,11.833333333333332,1.0
64,Auction,V8,"(82, 5)",4.575978039101869,True,19.34804547817083,1.0
64,Auction,V9,"(61, 62)",11.670078071231313,False,0.0,19.0
64,Auction,V10,"(85, 59)",0.2944234214725725,True,16.002743066202065,1.0
64,Q-Learning,V1,"(22, 18)",11.56497446045973,False,0.0,6.0
64,Q-Learning,V2,"(62, 90)",6.572724930628652,True,22.807661891248983,1.0
64,Q-Learning,V3,"(77, 63)",0.3129846746858469,True,0.3437398472938007,1.0
64,Q-Learning,V4,"(1, 84)",15.212723315711823,False,0.0,5.0
64,Q-Learning,V5,"(51, 86)",0.7099793225867934,True,13.583225665910465,1.0
64,Q-Learning,V6,"(34, 7)",8.551563359586499,True,0.0,2.0
64,Q-Learning,V7,"(69, 5)",29.575006377696887,True,4.658851303546321,3.0
64,Q-Learning,V8,"(85, 59)",1.420466032837652,True,24.415346860702897,3.0
64,Q-Learning,V9,"(88, 19)",8.215967258264833,False,0.0,16.0
64,Q-Learning,V10,"(89, 24)",3.909102512346987,True,13.53615826900296,3.0
65,Greedy,V1,"(8, 27)",15.15473092053482,False,0.0,11.0
65,Greedy,V2,"(52, 27)",15.838910334018898,True,12.200358412579426,1.0
65,Greedy,V3,"(67, 72)",7.98841934455821,False,0.0,10.0
65,Greedy,V4,"(13, 73)",8.216327246946708,True,2.4093157027942524,1.0
65,Greedy,V5,"(38, 73)",10.936747773471975,True,2.4489777045507672,1.0
65,Greedy,V6,"(11, 47)",14.22016477484566,False,0.0,8.0
65,Greedy,V7,"(79, 27)",8.095976624631277,True,23.10124218810462,1.0
65,Greedy,V8,"(10, 11)",17.525360126011122,True,5.103807466993217,1.0
65,Greedy,V9,"(73, 25)",10.58376016896116,False,0.0,19.0
65,Greedy,V10,"(91, 2)",7.4285575275835924,True,6.739163982499836,1.0
65,Auction,V1,"(100, 44)",4.514968676184683,True,0.10926043717620004,1.0
65,Auction,V2,"(34, 7)",20.697453745185108,True,6.60092521257733,1.0
65,Auction,V3,"(88, 19)",0.8293666344572372,False,0.0,3.0
65,Auction,V4,"(77, 9)",10.71533006630807,True,0.0,1.0
65,Auction,V5,"(70, 87)",6.557506470934184,True,6.949333749479726,1.0
65,Auction,V6,"(23, 70)",10.243266414208364,False,0.0,4.0
65,Auction,V7,"(72, 63)",20.428699032102326,True,10.833333333333332,1.0
65,Auction,V8,"(82, 5)",4.575978039101869,True,18.34804547817083,1.0
65,Auction,V9,"(61, 62)",11.670078071231313,False,0.0,20.0
65,Auction,V10,"(85, 59)",0.2944234214725725,True,15.002743066202065,1.0
65,Q-Learning,V1,"(22, 18)",11.56497446045973,False,0.0,7.0
65,Q-Learning,V2,"(62, 90)",6.572724930628652,True,21.807661891248983,1.0
65,Q-Learning,V3,"(77, 63)",0.3129846746858469,True,0.0,1.0
65,Q-Learning,V4,"(1, 84)",15.212723315711823,False,0.0,6.0
65,Q-Learning,V5,"(51, 86)",0.7099793225867934,True,12.583225665910465,1.0
65,Q-Learning,V6,"(34, 7)",8.551563359586499,False,0.0,3.0
65,Q-Learning,V7,"(69, 5)",29.575006377696887,True,3.658851303546321,3.0
65,Q-Learning,V8,"(85, 59)",1.420466032837652,True,23.415346860702897,3.0
65,Q-Learning,V9,"(88, 19)",8.215967258264833,False,0.0,17.0
65,Q-Learning,V10,"(89, 24)",3.909102512346987,True,12.53615826900296,3.0
66,Greedy,V1,"(8, 27)",15.15473092053482,False,0.0,12.0
66,Greedy,V2,"(52, 27)",15.838910334018898,True,11.200358412579426,1.0
66,Greedy,V3,"(67, 72)",7.98841934455821,False,0.0,11.0
66,Greedy,V4,"(13, 73)",8.216327246946708,True,1.4093157027942524,1.0
66,Greedy,V5,"(38, 73)",10.936747773471975,True,1.4489777045507672,1.0
66,Greedy,V6,"(11, 47)",14.22016477484566,False,0.0,9.0
66,Greedy,V7,"(79, 27)",8.095976624631277,True,22.10124218810462,1.0
66,Greedy,V8,"(10, 11)",17.525360126011122,True,4.103807466993217,1.0
66,Greedy,V9,"(73, 25)",10.58376016896116,False,0.0,20.0
66,Greedy,V10,"(91, 2)",7.4285575275835924,True,5.739163982499836,1.0
66,Auction,V1,"(100, 44)",4.514968676184683,True,0.0,1.0
66,Auction,V2,"(34, 7)",20.697453745185108,True,5.60092521257733,1.0
66,Auction,V3,"(88, 19)",0.8293666344572372,False,0.0,4.0
66,Auction,V4,"(77, 9)",10.71533006630807,False,0.0,2.0
66,Auction,V5,"(70, 87)",6.557506470934184,True,5.949333749479726,1.0
66,Auction,V6,"(23, 70)",10.243266414208364,False,0.0,5.0
66,Auction,V7,"(72, 63)",20.428699032102326,True,9.833333333333332,1.0
66,Auction,V8,"(82, 5)",4.575978039101869,True,17.34804547817083,1.0
66,Auction,V9,"(61, 62)",11.670078071231313,False,0.0,21.0
66,Auction,V10,"(85, 59)",0.2944234214725725,True,14.002743066202065,1.0
66,Q-Learning,V1,"(22, 18)",11.56497446045973,False,0.0,8.0
66,Q-Learning,V2,"(62, 90)",6.572724930628652,True,20.807661891248983,1.0
66,Q-Learning,V3,"(77, 63)",0.3129846746858469,False,0.0,2.0
66,Q-Learning,V4,"(1, 84)",15.212723315711823,False,0.0,7.0
66,Q-Learning,V5,"(51, 86)",0.7099793225867934,True,11.583225665910465,1.0
66,Q-Learning,V6,"(34, 7)",8.551563359586499,False,0.0,4.0
66,Q-Learning,V7,"(69, 5)",29.575006377696887,True,2.658851303546321,3.0
66,Q-Learning,V8,"(85, 59)",1.420466032837652,True,22.415346860702897,3.0
66,Q-Learning,V9,"(88, 19)",8.215967258264833,False,0.0,18.0
66,Q-Learning,V10,"(89, 24)",3.909102512346987,True,11.53615826900296,3.0
67,Greedy,V1,"(8, 27)",15.15473092053482,False,0.0,13.0
67,Greedy,V2,"(52, 27)",15.838910334018898,True,10.200358412579426,1.0
67,Greedy,V3,"(67, 72)",7.98841934455821,False,0.0,12.0
67,Greedy,V4,"(13, 73)",8.216327246946708,True,0.40931570279425245,1.0
67,Greedy,V5,"(38, 73)",10.936747773471975,True,0.44897770455076724,1.0
67,Greedy,V6,"(11, 47)",14.22016477484566,False,0.0,10.0
67,Greedy,V7,"(79, 27)",8.095976624631277,True,21.10124218810462,1.0
67,Greedy,V8,"(10, 11)",17.525360126011122,True,3.103807466993217,1.0
67,Greedy,V9,"(73, 25)",10.58376016896116,False,0.0,21.0
67,Greedy,V10,"(91, 2)",7.4285575275835924,True,4.739163982499836,1.0
67,Auction,V1,"(100, 44)",4.514968676184683,False,0.0,2.0
67,Auction,V2,"(34, 7)",20.697453745185108,True,4.60092521257733,1.0
67,Auction,V3,"(88, 19)",0.8293666344572372,False,0.0,5.0
67,Auction,V4,"(77, 9)",10.71533006630807,False,0.0,3.0
67,Auction,V5,"(70, 87)",6.557506470934184,True,4.949333749479726,1.0
67,Auction,V6,"(23, 70)",10.243266414208364,False,0.0,6.0
67,Auction,V7,"(72, 63)",20.428699032102326,True,8.833333333333332,1.0
67,Auction,V8,"(82, 5)",4.575978039101869,True,16.34804547817083,1.0
67,Auction,V9,"(61, 62)",11.670078071231313,False,0.0,22.0
67,Auction,V10,"(85, 59)",0.2944234214725725,True,13.002743066202065,1.0
67,Q-Learning,V1,"(22, 18)",11.56497446045973,False,0.0,9.0
67,Q-Learning,V2,"(62, 90)",6.572724930628652,True,19.807661891248983,1.0
67,Q-Learning,V3,"(77, 63)",0.3129846746858469,False,0.0,3.0
67,Q-Learning,V4,"(1, 84)",15.212723315711823,False,0.0,8.0
67,Q-Learning,V5,"(51, 86)",0.7099793225867934,True,10.583225665910465,1.0
67,Q-Learning,V6,"(34, 7)",8.551563359586499,False,0.0,5.0
67,Q-Learning,V7,"(69, 5)",29.575006377696887,True,1.6588513035463208,3.0
67,Q-Learning,V8,"(85, 59)",1.420466032837652,True,21.415346860702897,3.0
67,Q-Learning,V9,"(88, 19)",8.215967258264833,False,0.0,19.0
67,Q-Learning,V10,"(89, 24)",3.909102512346987,True,10.53615826900296,3.0
68,Greedy,V1,"(8, 27)",15.15473092053482,False,0.0,14.0
68,Greedy,V2,"(52, 27)",15.838910334018898,True,9.200358412579426,1.0
68,Greedy,V3,"(67, 72)",7.98841934455821,False,0.0,13.0
68,Greedy,V4,"(13, 73)",8.216327246946708,True,0.0,1.0
68,Greedy,V5,"(38, 73)",10.936747773471975,True,0.0,1.0
68,Greedy,V6,"(11, 47)",14.22016477484566,False,0.0,11.0
68,Greedy,V7,"(79, 27)",8.095976624631277,True,20.10124218810462,1.0
68,Greedy,V8,"(10, 11)",17.525360126011122,True,2.103807466993217,1.0
68,Greedy,V9,"(73, 25)",10.58376016896116,False,0.0,22.0
68,Greedy,V10,"(91, 2)",7.4285575275835924,True,3.7391639824998357,1.0
68,Auction,V1,"(100, 44)",4.514968676184683,False,0.0,3.0
68,Auction,V2,"(34, 7)",20.697453745185108,True,3.60092521257733,1.0
68,Auction,V3,"(88, 19)",0.8293666344572372,False,0.0,6.0
68,Auction,V4,"(77, 9)",10.71533006630807,False,0.0,4.0
68,Auction,V5,"(70, 87)",6.557506470934184,True,3.9493337494797256,1.0
68,Auction,V6,"(23, 70)",10.243266414208364,False,0.0,7.0
68,Auction,V7,"(72, 63)",20.428699032102326,True,7.833333333333332,1.0
68,Auction,V8,"(82, 5)",4.575978039101869,True,15.348045478170832,1.0
68,Auction,V9,"(61, 62)",11.670078071231313,False,0.0,23.0
68,Auction,V10,"(85, 59)",0.2944234214725725,True,12.002743066202065,1.0
68,Q-Learning,V1,"(22, 18)",11.56497446045973,False,0.0,10.0
68,Q-Learning,V2,"(62, 90)",6.572724930628652,True,18.807661891248983,1.0
68,Q-Learning,V3,"(77, 63)",0.3129846746858469,False,0.0,4.0
68,Q-Learning,V4,"(1, 84)",15.212723315711823,False,0.0,9.0
68,Q-Learning,V5,"(51, 86)",0.7099793225867934,True,9.583225665910465,1.0
68,Q-Learning,V6,"(34, 7)",8.551563359586499,False,0.0,6.0
68,Q-Learning,V7,"(69, 5)",29.575006377696887,True,0.6588513035463208,3.0
68,Q-Learning,V8,"(85, 59)",1.420466032837652,True,20.415346860702897,3.0
68,Q-Learning,V9,"(88, 19)",8.215967258264833,False,0.0,20.0
68,Q-Learning,V10,"(89, 24)",3.909102512346987,True,9.53615826900296,3.0
69,Greedy,V1,"(8, 27)",15.15473092053482,False,0.0,15.0
69,Greedy,V2,"(52, 27)",15.838910334018898,True,8.200358412579426,1.0
69,Greedy,V3,"(67, 72)",7.98841934455821,False,0.0,14.0
69,Greedy,V4,"(13, 73)",8.216327246946708,False,0.0,2.0
69,Greedy,V5,"(38, 73)",10.936747773471975,False,0.0,2.0
69,Greedy,V6,"(11, 47)",14.22016477484566,False,0.0,12.0
69,Greedy,V7,"(79, 27)",8.095976624631277,True,19.10124218810462,1.0
69,Greedy,V8,"(10, 11)",17.525360126011122,True,1.1038074669932172,1.0
69,Greedy,V9,"(73, 25)",10.58376016896116,False,0.0,23.0
69,Greedy,V10,"(91, 2)",7.4285575275835924,True,2.7391639824998357,1.0
69,Auction,V1,"(100, 44)",4.514968676184683,False,0.0,4.0
69,Auction,V2,"(34, 7)",20.697453745185108,True,2.60092521257733,1.0
69,Auction,V3,"(88, 19)",0.8293666344572372,False,0.0,7.0
69,Auction,V4,"(77, 9)",10.71533006630807,False,0.0,5.0
69,Auction,V5,"(70, 87)",6.557506470934184,True,2.9493337494797256,1.0
69,Auction,V6,"(23, 70)",10.243266414208364,False,0.0,8.0
69,Auction,V7,"(72, 63)",20.428699032102326,True,6.833333333333332,1.0
69,Auction,V8,"(82, 5)",4.575978039101869,True,14.348045478170832,1.0
69,Auction,V9,"(61, 62)",11.670078071231313,False,0.0,24.0
69,Auction,V10,"(85, 59)",0.2944234214725725,True,11.002743066202065,1.0
69,Q-Learning,V1,"(22, 18)",11.56497446045973,False,0.0,11.0
69,Q-Learning,V2,"(62, 90)",6.572724930628652,True,17.807661891248983,1.0
69,Q-Learning,V3,"(77, 63)",0.3129846746858469,False,0.0,5.0
69,Q-Learning,V4,"(1, 84)",15.212723315711823,False,0.0,10.0
69,Q-Learning,V5,"(51, 86)",0.7099793225867934,True,8.583225665910465,1.0
69,Q-Learning,V6,"(34, 7)",8.551563359586499,False,0.0,7.0
69,Q-Learning,V7,"(69, 5)",29.575006377696887,True,0.0,3.0
69,Q-Learning,V8,"(85, 59)",1.420466032837652,True,19.415346860702897,3.0
69,Q-Learning,V9,"(88, 19)",8.215967258264833,False,0.0,21.0
69,Q-Learning,V10,"(89, 24)",3.909102512346987,True,8.53615826900296,3.0
70,Greedy,V1,"(8, 27)",15.15473092053482,False,0.0,16.0
70,Greedy,V2,"(52, 27)",15.838910334018898,True,7.200358412579426,1.0
70,Greedy,V3,"(67, 72)",7.98841934455821,False,0.0,15.0
70,Greedy,V4,"(13, 73)",8.216327246946708,False,0.0,3.0
70,Greedy,V5,"(38, 73)",10.936747773471975,False,0.0,3.0
70,Greedy,V6,"(11, 47)",14.22016477484566,False,0.0,13.0
70,Greedy,V7,"(79, 27)",8.095976624631277,True,18.10124218810462,1.0
70,Greedy,V8,"(10, 11)",17.525360126011122,True,0.10380746699321719,1.0
70,Greedy,V9,"(73, 25)",10.58376016896116,False,0.0,24.0
70,Greedy,V10,"(91, 2)",7.4285575275835924,True,1.7391639824998357,1.0
70,Auction,V1,"(100, 44)",4.514968676184683,False,0.0,5.0
70,Auction,V2,"(34, 7)",20.697453745185108,True,1.6009252125773301,1.0
70,Auction,V3,"(88, 19)",0.8293666344572372,False,0.0,8.0
70,Auction,V4,"(77, 9)",10.71533006630807,False,0.0,6.0
70,Auction,V5,"(70, 87)",6.557506470934184,True,1.9493337494797256,1.0
70,Auction,V6,"(23, 70)",10.243266414208364,False,0.0,9.0
70,Auction,V7,"(72, 63)",20.428699032102326,True,5.833333333333332,1.0
70,Auction,V8,"(82, 5)",4.575978039101869,True,13.348045478170832,1.0
70,Auction,V9,"(61, 62)",11.670078071231313,False,0.0,25.0
70,Auction,V10,"(85, 59)",0.2944234214725725,True,10.002743066202065,1.0
70,Q-Learning,V1,"(22, 18)",11.56497446045973,False,0.0,12.0
70,Q-Learning,V2,"(62, 90)",6.572724930628652,True,16.807661891248983,1.0
70,Q-Learning,V3,"(77, 63)",0.3129846746858469,False,0.0,6.0
70,Q-Learning,V4,"(1, 84)",15.212723315711823,False,0.0,11.0
70,Q-Learning,V5,"(51, 86)",0.7099793225867934,True,7.583225665910465,1.0
70,Q-Learning,V6,"(34, 7)",8.551563359586499,False,0.0,8.0
70,Q-Learning,V7,"(82, 5)",2.4083397110302194,True,26.166666666666668,3.0
70,Q-Learning,V8,"(85, 59)",1.420466032837652,True,18.415346860702897,3.0
70,Q-Learning,V9,"(88, 19)",8.215967258264833,False,0.0,22.0
70,Q-Learning,V10,"(89, 24)",3.909102512346987,True,7.536158269002961,3.0
71,Greedy,V1,"(8, 27)",15.15473092053482,False,0.0,17.0
71,Greedy,V2,"(52, 27)",15.838910334018898,True,6.200358412579426,1.0
71,Greedy,V3,"(67, 72)",7.98841934455821,False,0.0,16.0
71,Greedy,V4,"(13, 73)",8.216327246946708,False,0.0,4.0
71,Greedy,V5,"(38, 73)",10.936747773471975,False,0.0,4.0
71,Greedy,V6,"(11, 47)",14.22016477484566,False,0.0,14.0
71,Greedy,V7,"(79, 27)",8.095976624631277,True,17.10124218810462,1.0
71,Greedy,V8,"(10, 11)",17.525360126011122,True,0.0,1.0
71,Greedy,V9,"(73, 25)",10.58376016896116,False,0.0,25.0
71,Greedy,V10,"(91, 2)",7.4285575275835924,True,0.7391639824998357,1.0
71,Auction,V1,"(100, 44)",4.514968676184683,False,0.0,6.0
71,Auction,V2,"(34, 7)",20.697453745185108,True,0.6009252125773301,1.0
71,Auction,V3,"(88, 19)",0.8293666344572372,False,0.0,9.0
71,Auction,V4,"(77, 9)",10.71533006630807,False,0.0,7.0
71,Auction,V5,"(70, 87)",6.557506470934184,True,0.9493337494797256,1.0
71,Auction,V6,"(23, 70)",10.243266414208364,False,0.0,10.0
71,Auction,V7,"(72, 63)",20.428699032102326,True,4.833333333333332,1.0
71,Auction,V8,"(82, 5)",4.575978039101869,True,12.348045478170832,1.0
71,Auction,V9,"(61, 62)",11.670078071231313,False,0.0,26.0
71,Auction,V10,"(85, 59)",0.2944234214725725,True,9.002743066202065,1.0
71,Q-Learning,V1,"(22, 18)",11.56497446045973,False,0.0,13.0
71,Q-Learning,V2,"(62, 90)",6.572724930628652,True,15.807661891248983,1.0
71,Q-Learning,V3,"(77, 63)",0.3129846746858469,False,0.0,7.0
71,Q-Learning,V4,"(1, 84)",15.212723315711823,False,0.0,12.0
71,Q-Learning,V5,"(51, 86)",0.7099793225867934,True,6.583225665910465,1.0
71,Q-Learning,V6,"(34, 7)",8.551563359586499,False,0.0,9.0
71,Q-Learning,V7,"(82, 5)",2.4083397110302194,True,25.166666666666668,3.0
71,Q-Learning,V8,"(85, 59)",1.420466032837652,True,17.415346860702897,3.0
71,Q-Learning,V9,"(88, 19)",8.215967258264833,False,0.0,23.0
71,Q-Learning,V10,"(89, 24)",3.909102512346987,True,6.536158269002961,3.0
72,Greedy,V1,"(8, 27)",15.15473092053482,False,0.0,18.0
72,Greedy,V2,"(52, 27)",15.838910334018898,True,5.200358412579426,1.0
72,Greedy,V3,"(67, 72)",7.98841934455821,False,0.0,17.0
72,Greedy,V4,"(13, 73)",8.216327246946708,False,0.0,5.0
72,Greedy,V5,"(38, 73)",10.936747773471975,False,0.0,5.0
72,Greedy,V6,"(11, 47)",14.22016477484566,False,0.0,15.0
72,Greedy,V7,"(79, 27)",8.095976624631277,True,16.10124218810462,1.0
72,Greedy,V8,"(10, 11)",17.525360126011122,False,0.0,2.0
72,Greedy,V9,"(73, 25)",10.58376016896116,False,0.0,26.0
72,Greedy,V10,"(91, 2)",7.4285575275835924,True,0.0,1.0
72,Auction,V1,"(100, 44)",4.514968676184683,False,0.0,7.0
72,Auction,V2,"(34, 7)",20.697453745185108,True,0.0,1.0
72,Auction,V3,"(88, 19)",0.8293666344572372,False,0.0,10.0
72,Auction,V4,"(77, 9)",10.71533006630807,False,0.0,8.0
72,Auction,V5,"(70, 87)",6.557506470934184,True,0.0,1.0
72,Auction,V6,"(23, 70)",10.243266414208364,False,0.0,11.0
72,Auction,V7,"(72, 63)",20.428699032102326,True,3.833333333333332,1.0
72,Auction,V8,"(82, 5)",4.575978039101869,True,11.348045478170832,1.0
72,Auction,V9,"(61, 62)",11.670078071231313,False,0.0,27.0
72,Auction,V10,"(85, 59)",0.2944234214725725,True,8.002743066202065,1.0
72,Q-Learning,V1,"(22, 18)",11.56497446045973,False,0.0,14.0
72,Q-Learning,V2,"(62, 90)",6.572724930628652,True,14.807661891248983,1.0
72,Q-Learning,V3,"(77, 63)",0.3129846746858469,False,0.0,8.0
72,Q-Learning,V4,"(1, 84)",15.212723315711823,False,0.0,13.0
72,Q-Learning,V5,"(51, 86)",0.7099793225867934,True,5.583225665910465,1.0
72,Q-Learning,V6,"(34, 7)",8.551563359586499,False,0.0,10.0
72,Q-Learning,V7,"(82, 5)",2.4083397110302194,True,24.166666666666668,3.0
72,Q-Learning,V8,"(85, 59)",1.420466032837652,True,16.415346860702897,3.0
72,Q-Learning,V9,"(88, 19)",8.215967258264833,False,0.0,24.0
72,Q-Learning,V10,"(89, 24)",3.909102512346987,True,5.536158269002961,3.0
73,Greedy,V1,"(8, 27)",15.15473092053482,False,0.0,19.0
73,Greedy,V2,"(52, 27)",15.838910334018898,True,4.200358412579426,1.0
73,Greedy,V3,"(67, 72)",7.98841934455821,False,0.0,18.0
73,Greedy,V4,"(13, 73)",8.216327246946708,False,0.0,6.0
73,Greedy,V5,"(38, 73)",10.936747773471975,False,0.0,6.0
73,Greedy,V6,"(11, 47)",14.22016477484566,False,0.0,16.0
73,Greedy,V7,"(79, 27)",8.095976624631277,True,15.10124218810462,1.0
73,Greedy,V8,"(10, 11)",17.525360126011122,False,0.0,3.0
73,Greedy,V9,"(73, 25)",10.58376016896116,False,0.0,27.0
73,Greedy,V10,"(91, 2)",7.4285575275835924,False,0.0,2.0
73,Auction,V1,"(100, 44)",4.514968676184683,False,0.0,8.0
73,Auction,V2,"(91, 6)",1.1959918693589557,True,18.501461875826152,1.0
73,Auction,V3,"(88, 19)",0.8293666344572372,False,0.0,11.0
73,Auction,V4,"(77, 9)",10.71533006630807,False,0.0,9.0
73,Auction,V5,"(70, 87)",6.557506470934184,False,0.0,2.0
73,Auction,V6,"(23, 70)",10.243266414208364,False,0.0,12.0
73,Auction,V7,"(72, 63)",20.428699032102326,True,2.833333333333332,1.0
73,Auction,V8,"(82, 5)",4.575978039101869,True,10.348045478170832,1.0
73,Auction,V9,"(61, 62)",11.670078071231313,False,0.0,28.0
73,Auction,V10,"(85, 59)",0.2944234214725725,True,7.002743066202065,1.0
73,Q-Learning,V1,"(22, 18)",11.56497446045973,False,0.0,15.0
73,Q-Learning,V2,"(62, 90)",6.572724930628652,True,13.807661891248983,1.0
73,Q-Learning,V3,"(77, 63)",0.3129846746858469,False,0.0,9.0
73,Q-Learning,V4,"(1, 84)",15.212723315711823,False,0.0,14.0
73,Q-Learning,V5,"(51, 86)",0.7099793225867934,True,4.583225665910465,1.0
73,Q-Learning,V6,"(34, 7)",8.551563359586499,False,0.0,11.0
73,Q-Learning,V7,"(82, 5)",2.4083397110302194,True,23.166666666666668,3.0
73,Q-Learning,V8,"(85, 59)",1.420466032837652,True,15.415346860702897,3.0
73,Q-Learning,V9,"(88, 19)",8.215967258264833,False,0.0,25.0
73,Q-Learning,V10,"(89, 24)",3.909102512346987,True,4.536158269002961,3.0
74,Greedy,V1,"(8, 27)",15.15473092053482,False,0.0,20.0
74,Greedy,V2,"(52, 27)",15.838910334018898,True,3.200358412579426,1.0
74,Greedy,V3,"(67, 72)",7.98841934455821,False,0.0,19.0
74,Greedy,V4,"(13, 73)",8.216327246946708,False,0.0,7.0
74,Greedy,V5,"(38, 73)",10.936747773471975,False,0.0,7.0
74,Greedy,V6,"(11, 47)",14.22016477484566,False,0.0,17.0
74,Greedy,V7,"(79, 27)",8.095976624631277,True,14.10124218810462,1.0
74,Greedy,V8,"(10, 11)",17.525360126011122,False,0.0,4.0
74,Greedy,V9,"(73, 25)",10.58376016896116,False,0.0,28.0
74,Greedy,V10,"(91, 2)",7.4285575275835924,False,0.0,3.0
74,Auction,V1,"(100, 44)",4.514968676184683,False,0.0,9.0
74,Auction,V2,"(91, 6)",1.1959918693589557,True,17.501461875826152,1.0
74,Auction,V3,"(88, 19)",0.8293666344572372,False,0.0,12.0
74,Auction,V4,"(77, 9)",10.71533006630807,False,0.0,10.0
74,Auction,V5,"(70, 87)",6.557506470934184,False,0.0,3.0
74,Auction,V6,"(23, 70)",10.243266414208364,False,0.0,13.0
74,Auction,V7,"(72, 63)",20.428699032102326,True,1.8333333333333321,1.0
74,Auction,V8,"(82, 5)",4.575978039101869,True,9.348045478170832,1.0
74,Auction,V9,"(61, 62)",11.670078071231313,False,0.0,29.0
74,Auction,V10,"(85, 59)",0.2944234214725725,True,6.002743066202065,1.0
74,Q-Learning,V1,"(22, 18)",11.56497446045973,False,0.0,16.0
74,Q-Learning,V2,"(62, 90)",6.572724930628652,True,12.807661891248983,1.0
74,Q-Learning,V3,"(77, 63)",0.3129846746858469,False,0.0,10.0
74,Q-Learning,V4,"(1, 84)",15.212723315711823,False,0.0,15.0
74,Q-Learning,V5,"(51, 86)",0.7099793225867934,True,3.583225665910465,1.0
74,Q-Learning,V6,"(34, 7)",8.551563359586499,False,0.0,12.0
74,Q-Learning,V7,"(82, 5)",2.4083397110302194,True,22.166666666666668,3.0
74,Q-Learning,V8,"(85, 59)",1.420466032837652,True,14.415346860702897,3.0
74,Q-Learning,V9,"(88, 19)",8.215967258264833,False,0.0,26.0
74,Q-Learning,V10,"(89, 24)",3.909102512346987,True,3.5361582690029607,3.0
75,Greedy,V1,"(8, 27)",15.15473092053482,False,0.0,21.0
75,Greedy,V2,"(52, 27)",15.838910334018898,True,2.200358412579426,1.0
75,Greedy,V3,"(67, 72)",7.98841934455821,False,0.0,20.0
75,Greedy,V4,"(13, 73)",8.216327246946708,False,0.0,8.0
75,Greedy,V5,"(38, 73)",10.936747773471975,False,0.0,8.0
75,Greedy,V6,"(11, 47)",14.22016477484566,False,0.0,18.0
75,Greedy,V7,"(79, 27)",8.095976624631277,True,13.10124218810462,1.0
75,Greedy,V8,"(10, 11)",17.525360126011122,False,0.0,5.0
75,Greedy,V9,"(73, 25)",10.58376016896116,False,0.0,29.0
75,Greedy,V10,"(91, 2)",7.4285575275835924,False,0.0,4.0
75,Auction,V1,"(100, 44)",4.514968676184683,False,0.0,10.0
75,Auction,V2,"(91, 6)",1.1959918693589557,True,16.501461875826152,1.0
75,Auction,V3,"(88, 19)",0.8293666344572372,False,0.0,13.0
75,Auction,V4,"(77, 9)",10.71533006630807,False,0.0,11.0
75,Auction,V5,"(70, 87)",6.557506470934184,False,0.0,4.0
75,Auction,V6,"(23, 70)",10.243266414208364,False,0.0,14.0
75,Auction,V7,"(72, 63)",20.428699032102326,True,0.8333333333333321,1.0
75,Auction,V8,"(82, 5)",4.575978039101869,True,8.348045478170832,1.0
75,Auction,V9,"(61, 62)",11.670078071231313,False,0.0,30.0
75,Auction,V10,"(85, 59)",0.2944234214725725,True,5.002743066202065,1.0
75,Q-Learning,V1,"(22, 18)",11.56497446045973,False,0.0,17.0
75,Q-Learning,V2,"(62, 90)",6.572724930628652,True,11.807661891248983,1.0
75,Q-Learning,V3,"(77, 63)",0.3129846746858469,False,0.0,11.0
75,Q-Learning,V4,"(1, 84)",15.212723315711823,False,0.0,16.0
75,Q-Learning,V5,"(51, 86)",0.7099793225867934,True,2.583225665910465,1.0
75,Q-Learning,V6,"(34, 7)",8.551563359586499,False,0.0,13.0
75,Q-Learning,V7,"(82, 5)",2.4083397110302194,True,21.166666666666668,3.0
75,Q-Learning,V8,"(85, 59)",1.420466032837652,True,13.415346860702897,3.0
75,Q-Learning,V9,"(88, 19)",8.215967258264833,False,0.0,27.0
75,Q-Learning,V10,"(89, 24)",3.909102512346987,True,2.5361582690029607,3.0
76,Greedy,V1,"(8, 27)",15.15473092053482,False,0.0,22.0
76,Greedy,V2,"(52, 27)",15.838910334018898,True,1.2003584125794262,1.0
76,Greedy,V3,"(67, 72)",7.98841934455821,False,0.0,21.0
76,Greedy,V4,"(13, 73)",8.216327246946708,False,0.0,9.0
76,Greedy,V5,"(38, 73)",10.936747773471975,False,0.0,9.0
76,Greedy,V6,"(11, 47)",14.22016477484566,False,0.0,19.0
76,Greedy,V7,"(79, 27)",8.095976624631277,True,12.10124218810462,1.0
76,Greedy,V8,"(10, 11)",17.525360126011122,False,0.0,6.0
76,Greedy,V9,"(73, 25)",10.58376016896116,False,0.0,30.0
76,Greedy,V10,"(91, 2)",7.4285575275835924,False,0.0,5.0
76,Auction,V1,"(100, 44)",4.514968676184683,False,0.0,11.0
76,Auction,V2,"(91, 6)",1.1959918693589557,True,15.501461875826152,1.0
76,Auction,V3,"(88, 19)",0.8293666344572372,False,0.0,14.0
76,Auction,V4,"(77, 9)",10.71533006630807,False,0.0,12.0
76,Auction,V5,"(70, 87)",6.557506470934184,False,0.0,5.0
76,Auction,V6,"(23, 70)",10.243266414208364,False,0.0,15.0
76,Auction,V7,"(72, 63)",20.428699032102326,True,0.0,1.0
76,Auction,V8,"(82, 5)",4.575978039101869,True,7.348045478170832,1.0
76,Auction,V9,"(61, 62)",11.670078071231313,False,0.0,31.0
76,Auction,V10,"(85, 59)",0.2944234214725725,True,4.002743066202065,1.0
76,Q-Learning,V1,"(22, 18)",11.56497446045973,False,0.0,18.0
76,Q-Learning,V2,"(62, 90)",6.572724930628652,True,10.807661891248983,1.0
76,Q-Learning,V3,"(77, 63)",0.3129846746858469,False,0.0,12.0
76,Q-Learning,V4,"(1, 84)",15.212723315711823,False,0.0,17.0
76,Q-Learning,V5,"(51, 86)",0.7099793225867934,True,1.583225665910465,1.0
76,Q-Learning,V6,"(34, 7)",8.551563359586499,False,0.0,14.0
76,Q-Learning,V7,"(82, 5)",2.4083397110302194,True,20.166666666666668,3.0
76,Q-Learning,V8,"(85, 59)",1.420466032837652,True,12.415346860702897,3.0
76,Q-Learning,V9,"(88, 19)",8.215967258264833,False,0.0,28.0
76,Q-Learning,V10,"(89, 24)",3.909102512346987,True,1.5361582690029607,3.0
77,Greedy,V1,"(8, 27)",15.15473092053482,False,0.0,23.0
77,Greedy,V2,"(52, 27)",15.838910334018898,True,0.20035841257942621,1.0
77,Greedy,V3,"(67, 72)",7.98841934455821,False,0.0,22.0
77,Greedy,V4,"(13, 73)",8.216327246946708,False,0.0,10.0
77,Greedy,V5,"(38, 73)",10.936747773471975,False,0.0,10.0
77,Greedy,V6,"(11, 47)",14.22016477484566,False,0.0,20.0
77,Greedy,V7,"(79, 27)",8.095976624631277,True,11.10124218810462,1.0
77,Greedy,V8,"(10, 11)",17.525360126011122,False,0.0,7.0
77,Greedy,V9,"(73, 25)",10.58376016896116,False,0.0,31.0
77,Greedy,V10,"(91, 2)",7.4285575275835924,False,0.0,6.0
77,Auction,V1,"(100, 44)",4.514968676184683,False,0.0,12.0
77,Auction,V2,"(91, 6)",1.1959918693589557,True,14.501461875826152,1.0
77,Auction,V3,"(88, 19)",0.8293666344572372,False,0.0,15.0
77,Auction,V4,"(77, 9)",10.71533006630807,False,0.0,13.0
77,Auction,V5,"(70, 87)",6.557506470934184,False,0.0,6.0
77,Auction,V6,"(23, 70)",10.243266414208364,False,0.0,16.0
77,Auction,V7,"(53, 64)",0.2576494336955868,True,19.17104959840674,1.0
77,Auction,V8,"(82, 5)",4.575978039101869,True,6.348045478170832,1.0
77,Auction,V9,"(61, 62)",11.670078071231313,False,0.0,32.0
77,Auction,V10,"(85, 59)",0.2944234214725725,True,3.002743066202065,1.0
77,Q-Learning,V1,"(22, 18)",11.56497446045973,False,0.0,19.0
77,Q-Learning,V2,"(62, 90)",6.572724930628652,True,9.807661891248983,1.0
77,Q-Learning,V3,"(77, 63)",0.3129846746858469,False,0.0,13.0
77,Q-Learning,V4,"(1, 84)",15.212723315711823,False,0.0,18.0
77,Q-Learning,V5,"(51, 86)",0.7099793225867934,True,0.5832256659104651,1.0
77,Q-Learning,V6,"(34, 7)",8.551563359586499,False,0.0,15.0
77,Q-Learning,V7,"(82, 5)",2.4083397110302194,True,19.166666666666668,3.0
77,Q-Learning,V8,"(85, 59)",1.420466032837652,True,11.415346860702897,3.0
77,Q-Learning,V9,"(88, 19)",8.215967258264833,False,0.0,29.0
77,Q-Learning,V10,"(89, 24)",3.909102512346987,True,0.5361582690029607,3.0
78,Greedy,V1,"(8, 27)",15.15473092053482,False,0.0,24.0
78,Greedy,V2,"(52, 27)",15.838910334018898,True,0.0,1.0
78,Greedy,V3,"(67, 72)",7.98841934455821,False,0.0,23.0
78,Greedy,V4,"(13, 73)",8.216327246946708,False,0.0,11.0
78,Greedy,V5,"(38, 73)",10.936747773471975,False,0.0,11.0
78,Greedy,V6,"(11, 47)",14.22016477484566,False,0.0,21.0
78,Greedy,V7,"(79, 27)",8.095976624631277,True,10.10124218810462,1.0
78,Greedy,V8,"(10, 11)",17.525360126011122,False,0.0,8.0
78,Greedy,V9,"(73, 25)",10.58376016896116,False,0.0,32.0
78,Greedy,V10,"(91, 2)",7.4285575275835924,False,0.0,7.0
78,Auction,V1,"(100, 44)",4.514968676184683,False,0.0,13.0
78,Auction,V2,"(91, 6)",1.1959918693589557,True,13.501461875826152,1.0
78,Auction,V3,"(88, 19)",0.8293666344572372,False,0.0,16.0
78,Auction,V4,"(77, 9)",10.71533006630807,False,0.0,14.0
78,Auction,V5,"(70, 87)",6.557506470934184,False,0.0,7.0
78,Auction,V6,"(23, 70)",10.243266414208364,False,0.0,17.0
78,Auction,V7,"(53, 64)",0.2576494336955868,True,18.17104959840674,1.0
78,Auction,V8,"(82, 5)",4.575978039101869,True,5.348045478170832,1.0
78,Auction,V9,"(61, 62)",11.670078071231313,False,0.0,33.0
78,Auction,V10,"(85, 59)",0.2944234214725725,True,2.002743066202065,1.0
78,Q-Learning,V1,"(22, 18)",11.56497446045973,False,0.0,20.0
78,Q-Learning,V2,"(62, 90)",6.572724930628652,True,8.807661891248983,1.0
78,Q-Learning,V3,"(77, 63)",0.3129846746858469,False,0.0,14.0
78,Q-Learning,V4,"(1, 84)",15.212723315711823,False,0.0,19.0
78,Q-Learning,V5,"(51, 86)",0.7099793225867934,True,0.0,1.0
78,Q-Learning,V6,"(34, 7)",8.551563359586499,False,0.0,16.0
78,Q-Learning,V7,"(82, 5)",2.4083397110302194,True,18.166666666666668,3.0
78,Q-Learning,V8,"(85, 59)",1.420466032837652,True,10.415346860702897,3.0
78,Q-Learning,V9,"(88, 19)",8.215967258264833,False,0.0,30.0
78,Q-Learning,V10,"(89, 24)",3.909102512346987,True,0.0,3.0
79,Greedy,V1,"(8, 27)",15.15473092053482,False,0.0,25.0
79,Greedy,V2,"(52, 27)",2.857486364019179,True,11.98142396999972,1.0
79,Greedy,V3,"(67, 72)",7.98841934455821,False,0.0,24.0
79,Greedy,V4,"(13, 73)",8.216327246946708,False,0.0,12.0
79,Greedy,V5,"(38, 73)",10.936747773471975,False,0.0,12.0
79,Greedy,V6,"(11, 47)",14.22016477484566,False,0.0,22.0
79,Greedy,V7,"(79, 27)",8.095976624631277,True,9.10124218810462,1.0
79,Greedy,V8,"(10, 11)",17.525360126011122,False,0.0,9.0
79,Greedy,V9,"(73, 25)",10.58376016896116,False,0.0,33.0
79,Greedy,V10,"(91, 2)",7.4285575275835924,False,0.0,8.0
79,Auction,V1,"(100, 44)",4.514968676184683,False,0.0,14.0
79,Auction,V2,"(91, 6)",1.1959918693589557,True,12.501461875826152,1.0
79,Auction,V3,"(88, 19)",0.8293666344572372,False,0.0,17.0
79,Auction,V4,"(77, 9)",10.71533006630807,False,0.0,15.0
79,Auction,V5,"(70, 87)",6.557506470934184,False,0.0,8.0
79,Auction,V6,"(23, 70)",10.243266414208364,False,0.0,18.0
79,Auction,V7,"(53, 64)",0.2576494336955868,True,17.17104959840674,1.0
79,Auction,V8,"(82, 5)",4.575978039101869,True,4.348045478170832,1.0
79,Auction,V9,"(61, 62)",11.670078071231313,False,0.0,34.0
79,Auction,V10,"(85, 59)",0.2944234214725725,True,1.0027430662020649,1.0
79,Q-Learning,V1,"(22, 18)",11.56497446045973,False,0.0,21.0
79,Q-Learning,V2,"(62, 90)",6.572724930628652,True,7.8076618912489835,1.0
79,Q-Learning,V3,"(77, 63)",0.3129846746858469,False,0.0,15.0
79,Q-Learning,V4,"(1, 84)",15.212723315711823,False,0.0,20.0
79,Q-Learning,V5,"(51, 86)",0.7099793225867934,False,0.0,2.0
79,Q-Learning,V6,"(34, 7)",8.551563359586499,False,0.0,17.0
79,Q-Learning,V7,"(82, 5)",2.4083397110302194,True,17.166666666666668,3.0
79,Q-Learning,V8,"(85, 59)",1.420466032837652,True,9.415346860702897,3.0
79,Q-Learning,V9,"(88, 19)",8.215967258264833,False,0.0,31.0
79,Q-Learning,V10,"(89, 24)",3.909102512346987,False,0.0,4.0
80,Greedy,V1,"(8, 27)",15.15473092053482,False,0.0,26.0
80,Greedy,V2,"(52, 27)",2.857486364019179,True,10.98142396999972,1.0
80,Greedy,V3,"(67, 72)",7.98841934455821,False,0.0,25.0
80,Greedy,V4,"(13, 73)",8.216327246946708,False,0.0,13.0
80,Greedy,V5,"(38, 73)",10.936747773471975,False,0.0,13.0
80,Greedy,V6,"(11, 47)",14.22016477484566,False,0.0,23.0
80,Greedy,V7,"(79, 27)",8.095976624631277,True,8.10124218810462,1.0
80,Greedy,V8,"(10, 11)",17.525360126011122,False,0.0,10.0
80,Greedy,V9,"(73, 25)",10.58376016896116,False,0.0,34.0
80,Greedy,V10,"(91, 2)",7.4285575275835924,False,0.0,9.0
80,Auction,V1,"(100, 44)",4.514968676184683,False,0.0,15.0
80,Auction,V2,"(91, 6)",1.1959918693589557,True,11.501461875826152,1.0
80,Auction,V3,"(88, 19)",0.8293666344572372,False,0.0,18.0
80,Auction,V4,"(77, 9)",10.71533006630807,False,0.0,16.0
80,Auction,V5,"(70, 87)",6.557506470934184,False,0.0,9.0
80,Auction,V6,"(23, 70)",10.243266414208364,False,0.0,19.0
80,Auction,V7,"(53, 64)",0.2576494336955868,True,16.17104959840674,1.0
80,Auction,V8,"(82, 5)",4.575978039101869,True,3.3480454781708318,1.0
80,Auction,V9,"(61, 62)",11.670078071231313,False,0.0,35.0
80,Auction,V10,"(85, 59)",0.2944234214725725,True,0.002743066202064881,1.0
80,Q-Learning,V1,"(22, 18)",11.56497446045973,False,0.0,22.0
80,Q-Learning,V2,"(62, 90)",6.572724930628652,True,6.8076618912489835,1.0
80,Q-Learning,V3,"(77, 63)",0.3129846746858469,False,0.0,16.0
80,Q-Learning,V4,"(1, 84)",15.212723315711823,False,0.0,21.0
80,Q-Learning,V5,"(51, 86)",0.7099793225867934,False,0.0,3.0
80,Q-Learning,V6,"(34, 7)",8.551563359586499,False,0.0,18.0
80,Q-Learning,V7,"(82, 5)",2.4083397110302194,True,16.166666666666668,3.0
80,Q-Learning,V8,"(85, 59)",1.420466032837652,True,8.415346860702897,3.0
80,Q-Learning,V9,"(88, 19)",8.215967258264833,False,0.0,32.0
80,Q-Learning,V10,"(89, 24)",3.909102512346987,False,0.0,5.0
81,Greedy,V1,"(8, 27)",15.15473092053482,False,0.0,27.0
81,Greedy,V2,"(52, 27)",2.857486364019179,True,9.98142396999972,1.0
81,Greedy,V3,"(67, 72)",7.98841934455821,False,0.0,26.0
81,Greedy,V4,"(13, 73)",8.216327246946708,False,0.0,14.0
81,Greedy,V5,"(38, 73)",10.936747773471975,False,0.0,14.0
81,Greedy,V6,"(11, 47)",14.22016477484566,False,0.0,24.0
81,Greedy,V7,"(79, 27)",8.095976624631277,True,7.101242188104621,1.0
81,Greedy,V8,"(10, 11)",17.525360126011122,False,0.0,11.0
81,Greedy,V9,"(73, 25)",10.58376016896116,False,0.0,35.0
81,Greedy,V10,"(91, 2)",7.4285575275835924,False,0.0,10.0
81,Auction,V1,"(100, 44)",4.514968676184683,False,0.0,16.0
81,Auction,V2,"(91, 6)",1.1959918693589557,True,10.501461875826152,1.0
81,Auction,V3,"(88, 19)",0.8293666344572372,False,0.0,19.0
81,Auction,V4,"(77, 9)",10.71533006630807,False,0.0,17.0
81,Auction,V5,"(70, 87)",6.557506470934184,False,0.0,10.0
81,Auction,V6,"(23, 70)",10.243266414208364,False,0.0,20.0
81,Auction,V7,"(53, 64)",0.2576494336955868,True,15.17104959840674,1.0
81,Auction,V8,"(82, 5)",4.575978039101869,True,2.3480454781708318,1.0
81,Auction,V9,"(61, 62)",11.670078071231313,False,0.0,36.0
81,Auction,V10,"(85, 59)",0.2944234214725725,True,0.0,1.0
81,Q-Learning,V1,"(22, 18)",11.56497446045973,False,0.0,23.0
81,Q-Learning,V2,"(62, 90)",6.572724930628652,True,5.8076618912489835,1.0
81,Q-Learning,V3,"(77, 63)",0.3129846746858469,False,0.0,17.0
81,Q-Learning,V4,"(1, 84)",15.212723315711823,False,0.0,22.0
81,Q-Learning,V5,"(51, 86)",0.7099793225867934,False,0.0,4.0
81,Q-Learning,V6,"(34, 7)",8.551563359586499,False,0.0,19.0
81,Q-Learning,V7,"(82, 5)",2.4083397110302194,True,15.166666666666668,3.0
81,Q-Learning,V8,"(85, 59)",1.420466032837652,True,7.415346860702897,3.0
81,Q-Learning,V9,"(88, 19)",8.215967258264833,False,0.0,33.0
81,Q-Learning,V10,"(89, 24)",3.909102512346987,False,0.0,6.0
82,Greedy,V1,"(8, 27)",15.15473092053482,False,0.0,28.0
82,Greedy,V2,"(52, 27)",2.857486364019179,True,8.98142396999972,1.0
82,Greedy,V3,"(67, 72)",7.98841934455821,False,0.0,27.0
82,Greedy,V4,"(13, 73)",8.216327246946708,False,0.0,15.0
82,Greedy,V5,"(38, 73)",10.936747773471975,False,0.0,15.0
82,Greedy,V6,"(11, 47)",14.22016477484566,False,0.0,25.0
82,Greedy,V7,"(79, 27)",8.095976624631277,True,6.101242188104621,1.0
82,Greedy,V8,"(10, 11)",17.525360126011122,False,0.0,12.0
82,Greedy,V9,"(73, 25)",10.58376016896116,False,0.0,36.0
82,Greedy,V10,"(91, 2)",7.4285575275835924,False,0.0,11.0
82,Auction,V1,"(100, 44)",4.514968676184683,False,0.0,17.0
82,Auction,V2,"(91, 6)",1.1959918693589557,True,9.501461875826152,1.0
82,Auction,V3,"(88, 19)",0.8293666344572372,False,0.0,20.0
82,Auction,V4,"(77, 9)",10.71533006630807,False,0.0,18.0
82,Auction,V5,"(70, 87)",6.557506470934184,False,0.0,11.0
82,Auction,V6,"(23, 70)",10.243266414208364,False,0.0,21.0
82,Auction,V7,"(53, 64)",0.2576494336955868,True,14.17104959840674,1.0
82,Auction,V8,"(82, 5)",4.575978039101869,True,1.3480454781708318,1.0
82,Auction,V9,"(61, 62)",11.670078071231313,False,0.0,37.0
82,Auction,V10,"(85, 59)",0.2944234214725725,False,0.0,2.0
82,Q-Learning,V1,"(22, 18)",11.56497446045973,False,0.0,24.0
82,Q-Learning,V2,"(62, 90)",6.572724930628652,True,4.8076618912489835,1.0
82,Q-Learning,V3,"(77, 63)",0.3129846746858469,False,0.0,18.0
82,Q-Learning,V4,"(1, 84)",15.212723315711823,False,0.0,23.0
82,Q-Learning,V5,"(51, 86)",0.7099793225867934,False,0.0,5.0
82,Q-Learning,V6,"(34, 7)",8.551563359586499,False,0.0,20.0
82,Q-Learning,V7,"(82, 5)",2.4083397110302194,True,14.166666666666668,3.0
82,Q-Learning,V8,"(85, 59)",1.420466032837652,True,6.415346860702897,3.0
82,Q-Learning,V9,"(88, 19)",8.215967258264833,False,0.0,34.0
82,Q-Learning,V10,"(89, 24)",3.909102512346987,False,0.0,7.0
83,Greedy,V1,"(8, 27)",15.15473092053482,False,0.0,29.0
83,Greedy,V2,"(52, 27)",2.857486364019179,True,7.981423969999719,1.0
83,Greedy,V3,"(67, 72)",7.98841934455821,False,0.0,28.0
83,Greedy,V4,"(13, 73)",8.216327246946708,False,0.0,16.0
83,Greedy,V5,"(38, 73)",10.936747773471975,False,0.0,16.0
83,Greedy,V6,"(11, 47)",14.22016477484566,False,0.0,26.0
83,Greedy,V7,"(79, 27)",8.095976624631277,True,5.101242188104621,1.0
83,Greedy,V8,"(10, 11)",17.525360126011122,False,0.0,13.0
83,Greedy,V9,"(73, 25)",10.58376016896116,False,0.0,37.0
83,Greedy,V10,"(91, 2)",7.4285575275835924,False,0.0,12.0
83,Auction,V1,"(100, 44)",4.514968676184683,False,0.0,18.0
83,Auction,V2,"(91, 6)",1.1959918693589557,True,8.501461875826152,1.0
83,Auction,V3,"(88, 19)",0.8293666344572372,False,0.0,21.0
83,Auction,V4,"(77, 9)",10.71533006630807,False,0.0,19.0
83,Auction,V5,"(70, 87)",6.557506470934184,False,0.0,12.0
83,Auction,V6,"(23, 70)",10.243266414208364,False,0.0,22.0
83,Auction,V7,"(53, 64)",0.2576494336955868,True,13.17104959840674,1.0
83,Auction,V8,"(82, 5)",4.575978039101869,True,0.34804547817083176,1.0
83,Auction,V9,"(61, 62)",11.670078071231313,False,0.0,38.0
83,Auction,V10,"(85, 59)",0.2944234214725725,False,0.0,3.0
83,Q-Learning,V1,"(22, 18)",11.56497446045973,False,0.0,25.0
83,Q-Learning,V2,"(62, 90)",6.572724930628652,True,3.8076618912489835,1.0
83,Q-Learning,V3,"(77, 63)",0.3129846746858469,False,0.0,19.0
83,Q-Learning,V4,"(1, 84)",15.212723315711823,False,0.0,24.0
83,Q-Learning,V5,"(51, 86)",0.7099793225867934,False,0.0,6.0
83,Q-Learning,V6,"(34, 7)",8.551563359586499,False,0.0,21.0
83,Q-Learning,V7,"(82, 5)",2.4083397110302194,True,13.166666666666668,3.0
83,Q-Learning,V8,"(85, 59)",1.420466032837652,True,5.415346860702897,3.0
83,Q-Learning,V9,"(88, 19)",8.215967258264833,False,0.0,35.0
83,Q-Learning,V10,"(89, 24)",3.909102512346987,False,0.0,8.0
84,Greedy,V1,"(8, 27)",15.15473092053482,False,0.0,30.0
84,Greedy,V2,"(52, 27)",2.857486364019179,True,6.981423969999719,1.0
84,Greedy,V3,"(67, 72)",7.98841934455821,False,0.0,29.0
84,Greedy,V4,"(13, 73)",8.216327246946708,False,0.0,17.0
84,Greedy,V5,"(38, 73)",10.936747773471975,False,0.0,17.0
84,Greedy,V6,"(11, 47)",14.22016477484566,False,0.0,27.0
84,Greedy,V7,"(79, 27)",8.095976624631277,True,4.101242188104621,1.0
84,Greedy,V8,"(10, 11)",17.525360126011122,False,0.0,14.0
84,Greedy,V9,"(73, 25)",10.58376016896116,False,0.0,38.0
84,Greedy,V10,"(91, 2)",7.4285575275835924,False,0.0,13.0
84,Auction,V1,"(100, 44)",4.514968676184683,False,0.0,19.0
84,Auction,V2,"(91, 6)",1.1959918693589557,True,7.501461875826152,1.0
84,Auction,V3,"(88, 19)",0.8293666344572372,False,0.0,22.0
84,Auction,V4,"(77, 9)",10.71533006630807,False,0.0,20.0
84,Auction,V5,"(70, 87)",6.557506470934184,False,0.0,13.0
84,Auction,V6,"(23, 70)",10.243266414208364,False,0.0,23.0
84,Auction,V7,"(53, 64)",0.2576494336955868,True,12.17104959840674,1.0
84,Auction,V8,"(82, 5)",4.575978039101869,True,0.0,1.0
84,Auction,V9,"(61, 62)",11.670078071231313,False,0.0,39.0
84,Auction,V10,"(85, 59)",0.2944234214725725,False,0.0,4.0
84,Q-Learning,V1,"(22, 18)",11.56497446045973,False,0.0,26.0
84,Q-Learning,V2,"(62, 90)",6.572724930628652,True,2.8076618912489835,1.0
84,Q-Learning,V3,"(77, 63)",0.3129846746858469,False,0.0,20.0
84,Q-Learning,V4,"(1, 84)",15.212723315711823,False,0.0,25.0
84,Q-Learning,V5,"(51, 86)",0.7099793225867934,False,0.0,7.0
84,Q-Learning,V6,"(34, 7)",8.551563359586499,False,0.0,22.0
84,Q-Learning,V7,"(82, 5)",2.4083397110302194,True,12.166666666666668,3.0
84,Q-Learning,V8,"(85, 59)",1.420466032837652,True,4.415346860702897,3.0
84,Q-Learning,V9,"(88, 19)",8.215967258264833,False,0.0,36.0
84,Q-Learning,V10,"(89, 24)",3.909102512346987,False,0.0,9.0
85,Greedy,V1,"(8, 27)",15.15473092053482,False,0.0,31.0
85,Greedy,V2,"(52, 27)",2.857486364019179,True,5.981423969999719,1.0
85,Greedy,V3,"(67, 72)",7.98841934455821,False,0.0,30.0
85,Greedy,V4,"(13, 73)",8.216327246946708,False,0.0,18.0
85,Greedy,V5,"(38, 73)",10.936747773471975,False,0.0,18.0
85,Greedy,V6,"(11, 47)",14.22016477484566,False,0.0,28.0
85,Greedy,V7,"(79, 27)",8.095976624631277,True,3.101242188104621,1.0
85,Greedy,V8,"(10, 11)",17.525360126011122,False,0.0,15.0
85,Greedy,V9,"(73, 25)",10.58376016896116,False,0.0,39.0
85,Greedy,V10,"(91, 2)",7.4285575275835924,False,0.0,14.0
85,Auction,V1,"(100, 44)",4.514968676184683,False,0.0,20.0
85,Auction,V2,"(91, 6)",1.1959918693589557,True,6.501461875826152,1.0
85,Auction,V3,"(88, 19)",0.8293666344572372,False,0.0,23.0
85,Auction,V4,"(77, 9)",10.71533006630807,False,0.0,21.0
85,Auction,V5,"(70, 87)",6.557506470934184,False,0.0,14.0
85,Auction,V6,"(23, 70)",10.243266414208364,False,0.0,24.0
85,Auction,V7,"(53, 64)",0.2576494336955868,True,11.17104959840674,1.0
85,Auction,V8,"(82, 5)",4.575978039101869,False,0.0,2.0
85,Auction,V9,"(61, 62)",11.670078071231313,False,0.0,40.0
85,Auction,V10,"(85, 59)",0.2944234214725725,False,0.0,5.0
85,Q-Learning,V1,"(22, 18)",11.56497446045973,False,0.0,27.0
85,Q-Learning,V2,"(62, 90)",6.572724930628652,True,1.8076618912489835,1.0
85,Q-Learning,V3,"(77, 63)",0.3129846746858469,False,0.0,21.0
85,Q-Learning,V4,"(1, 84)",15.212723315711823,False,0.0,26.0
85,Q-Learning,V5,"(51, 86)",0.7099793225867934,False,0.0,8.0
85,Q-Learning,V6,"(34, 7)",8.551563359586499,False,0.0,23.0
85,Q-Learning,V7,"(82, 5)",2.4083397110302194,True,11.166666666666668,3.0
85,Q-Learning,V8,"(85, 59)",1.420466032837652,True,3.415346860702897,3.0
85,Q-Learning,V9,"(88, 19)",8.215967258264833,False,0.0,37.0
85,Q-Learning,V10,"(89, 24)",3.909102512346987,False,0.0,10.0
86,Greedy,V1,"(8, 27)",15.15473092053482,False,0.0,32.0
86,Greedy,V2,"(52, 27)",2.857486364019179,True,4.981423969999719,1.0
86,Greedy,V3,"(67, 72)",7.98841934455821,False,0.0,31.0
86,Greedy,V4,"(13, 73)",8.216327246946708,False,0.0,19.0
86,Greedy,V5,"(38, 73)",10.936747773471975,False,0.0,19.0
86,Greedy,V6,"(11, 47)",14.22016477484566,False,0.0,29.0
86,Greedy,V7,"(79, 27)",8.095976624631277,True,2.101242188104621,1.0
86,Greedy,V8,"(10, 11)",17.525360126011122,False,0.0,16.0
86,Greedy,V9,"(73, 25)",10.58376016896116,False,0.0,40.0
86,Greedy,V10,"(91, 2)",7.4285575275835924,False,0.0,15.0
86,Auction,V1,"(100, 44)",4.514968676184683,False,0.0,21.0
86,Auction,V2,"(91, 6)",1.1959918693589557,True,5.501461875826152,1.0
86,Auction,V3,"(88, 19)",0.8293666344572372,False,0.0,24.0
86,Auction,V4,"(77, 9)",10.71533006630807,False,0.0,22.0
86,Auction,V5,"(70, 87)",6.557506470934184,False,0.0,15.0
86,Auction,V6,"(23, 70)",10.243266414208364,False,0.0,25.0
86,Auction,V7,"(53, 64)",0.2576494336955868,True,10.17104959840674,1.0
86,Auction,V8,"(82, 5)",4.575978039101869,False,0.0,3.0
86,Auction,V9,"(61, 62)",11.670078071231313,False,0.0,41.0
86,Auction,V10,"(85, 59)",0.2944234214725725,False,0.0,6.0
86,Q-Learning,V1,"(22, 18)",11.56497446045973,False,0.0,28.0
86,Q-Learning,V2,"(62, 90)",6.572724930628652,True,0.8076618912489835,1.0
86,Q-Learning,V3,"(77, 63)",0.3129846746858469,False,0.0,22.0
86,Q-Learning,V4,"(1, 84)",15.212723315711823,False,0.0,27.0
86,Q-Learning,V5,"(51, 86)",0.7099793225867934,False,0.0,9.0
86,Q-Learning,V6,"(34, 7)",8.551563359586499,False,0.0,24.0
86,Q-Learning,V7,"(82, 5)",2.4083397110302194,True,10.166666666666668,3.0
86,Q-Learning,V8,"(85, 59)",1.420466032837652,True,2.415346860702897,3.0
86,Q-Learning,V9,"(88, 19)",8.215967258264833,False,0.0,38.0
86,Q-Learning,V10,"(89, 24)",3.909102512346987,False,0.0,11.0
87,Greedy,V1,"(8, 27)",15.15473092053482,False,0.0,33.0
87,Greedy,V2,"(52, 27)",2.857486364019179,True,3.981423969999719,1.0
87,Greedy,V3,"(67, 72)",7.98841934455821,False,0.0,32.0
87,Greedy,V4,"(13, 73)",8.216327246946708,False,0.0,20.0
87,Greedy,V5,"(38, 73)",10.936747773471975,False,0.0,20.0
87,Greedy,V6,"(11, 47)",14.22016477484566,False,0.0,30.0
87,Greedy,V7,"(79, 27)",8.095976624631277,True,1.1012421881046208,1.0
87,Greedy,V8,"(10, 11)",17.525360126011122,False,0.0,17.0
87,Greedy,V9,"(73, 25)",10.58376016896116,False,0.0,41.0
87,Greedy,V10,"(91, 2)",7.4285575275835924,False,0.0,16.0
87,Auction,V1,"(100, 44)",4.514968676184683,False,0.0,22.0
87,Auction,V2,"(91, 6)",1.1959918693589557,True,4.501461875826152,1.0
87,Auction,V3,"(88, 19)",0.8293666344572372,False,0.0,25.0
87,Auction,V4,"(77, 9)",10.71533006630807,False,0.0,23.0
87,Auction,V5,"(70, 87)",6.557506470934184,False,0.0,16.0
87,Auction,V6,"(23, 70)",10.243266414208364,False,0.0,26.0
87,Auction,V7,"(53, 64)",0.2576494336955868,True,9.17104959840674,1.0
87,Auction,V8,"(82, 5)",4.575978039101869,False,0.0,4.0
87,Auction,V9,"(61, 62)",11.670078071231313,False,0.0,42.0
87,Auction,V10,"(85, 59)",0.2944234214725725,False,0.0,7.0
87,Q-Learning,V1,"(22, 18)",11.56497446045973,False,0.0,29.0
87,Q-Learning,V2,"(62, 90)",6.572724930628652,True,0.0,1.0
87,Q-Learning,V3,"(77, 63)",0.3129846746858469,False,0.0,23.0
87,Q-Learning,V4,"(1, 84)",15.212723315711823,False,0.0,28.0
87,Q-Learning,V5,"(51, 86)",0.7099793225867934,False,0.0,10.0
87,Q-Learning,V6,"(34, 7)",8.551563359586499,False,0.0,25.0
87,Q-Learning,V7,"(82, 5)",2.4083397110302194,True,9.166666666666668,3.0
87,Q-Learning,V8,"(85, 59)",1.420466032837652,True,1.415346860702897,3.0
87,Q-Learning,V9,"(88, 19)",8.215967258264833,False,0.0,39.0
87,Q-Learning,V10,"(89, 24)",3.909102512346987,False,0.0,12.0
88,Greedy,V1,"(8, 27)",15.15473092053482,False,0.0,34.0
88,Greedy,V2,"(52, 27)",2.857486364019179,True,2.981423969999719,1.0
88,Greedy,V3,"(67, 72)",7.98841934455821,False,0.0,33.0
88,Greedy,V4,"(13, 73)",8.216327246946708,False,0.0,21.0
88,Greedy,V5,"(38, 73)",10.936747773471975,False,0.0,21.0
88,Greedy,V6,"(11, 47)",14.22016477484566,False,0.0,31.0
88,Greedy,V7,"(79, 27)",8.095976624631277,True,0.10124218810462082,1.0
88,Greedy,V8,"(10, 11)",17.525360126011122,False,0.0,18.0
88,Greedy,V9,"(73, 25)",10.58376016896116,False,0.0,42.0
88,Greedy,V10,"(91, 2)",7.4285575275835924,False,0.0,17.0
88,Auction,V1,"(100, 44)",4.514968676184683,False,0.0,23.0
88,Auction,V2,"(91, 6)",1.1959918693589557,True,3.501461875826152,1.0
88,Auction,V3,"(88, 19)",0.8293666344572372,False,0.0,26.0
88,Auction,V4,"(77, 9)",10.71533006630807,False,0.0,24.0
88,Auction,V5,"(70, 87)",6.557506470934184,False,0.0,17.0
88,Auction,V6,"(23, 70)",10.243266414208364,False,0.0,27.0
88,Auction,V7,"(53, 64)",0.2576494336955868,True,8.17104959840674,1.0
88,Auction,V8,"(82, 5)",4.575978039101869,False,0.0,5.0
88,Auction,V9,"(61, 62)",11.670078071231313,False,0.0,43.0
88,Auction,V10,"(85, 59)",0.2944234214725725,False,0.0,8.0
88,Q-Learning,V1,"(22, 18)",11.56497446045973,False,0.0,30.0
88,Q-Learning,V2,"(62, 90)",6.572724930628652,False,0.0,2.0
88,Q-Learning,V3,"(77, 63)",0.3129846746858469,False,0.0,24.0
88,Q-Learning,V4,"(1, 84)",15.212723315711823,False,0.0,29.0
88,Q-Learning,V5,"(51, 86)",0.7099793225867934,False,0.0,11.0
88,Q-Learning,V6,"(34, 7)",8.551563359586499,False,0.0,26.0
88,Q-Learning,V7,"(82, 5)",2.4083397110302194,True,8.166666666666668,3.0
88,Q-Learning,V8,"(85, 59)",1.420466032837652,True,0.41534686070289695,3.0
88,Q-Learning,V9,"(88, 19)",8.215967258264833,False,0.0,40.0
88,Q-Learning,V10,"(89, 24)",3.909102512346987,False,0.0,13.0
89,Greedy,V1,"(8, 27)",15.15473092053482,False,0.0,35.0
89,Greedy,V2,"(52, 27)",2.857486364019179,True,1.9814239699997191,1.0
89,Greedy,V3,"(67, 72)",7.98841934455821,False,0.0,34.0
89,Greedy,V4,"(13, 73)",8.216327246946708,False,0.0,22.0
89,Greedy,V5,"(38, 73)",10.936747773471975,False,0.0,22.0
89,Greedy,V6,"(11, 47)",14.22016477484566,False,0.0,32.0
89,Greedy,V7,"(79, 27)",8.095976624631277,True,0.0,1.0
89,Greedy,V8,"(10, 11)",17.525360126011122,False,0.0,19.0
89,Greedy,V9,"(73, 25)",10.58376016896116,False,0.0,43.0
89,Greedy,V10,"(91, 2)",7.4285575275835924,False,0.0,18.0
89,Auction,V1,"(100, 44)",4.514968676184683,False,0.0,24.0
89,Auction,V2,"(91, 6)",1.1959918693589557,True,2.501461875826152,1.0
89,Auction,V3,"(88, 19)",0.8293666344572372,False,0.0,27.0
89,Auction,V4,"(77, 9)",10.71533006630807,False,0.0,25.0
89,Auction,V5,"(70, 87)",6.557506470934184,False,0.0,18.0
89,Auction,V6,"(23, 70)",10.243266414208364,False,0.0,28.0
89,Auction,V7,"(53, 64)",0.2576494336955868,True,7.171049598406739,1.0
89,Auction,V8,"(82, 5)",4.575978039101869,False,0.0,6.0
89,Auction,V9,"(61, 62)",11.670078071231313,False,0.0,44.0
89,Auction,V10,"(85, 59)",0.2944234214725725,False,0.0,9.0
89,Q-Learning,V1,"(22, 18)",11.56497446045973,False,0.0,31.0
89,Q-Learning,V2,"(62, 90)",6.572724930628652,False,0.0,3.0
89,Q-Learning,V3,"(77, 63)",0.3129846746858469,False,0.0,25.0
89,Q-Learning,V4,"(1, 84)",15.212723315711823,False,0.0,30.0
89,Q-Learning,V5,"(51, 86)",0.7099793225867934,False,0.0,12.0
89,Q-Learning,V6,"(34, 7)",8.551563359586499,False,0.0,27.0
89,Q-Learning,V7,"(82, 5)",2.4083397110302194,True,7.166666666666668,3.0
89,Q-Learning,V8,"(85, 59)",1.420466032837652,True,0.0,3.0
89,Q-Learning,V9,"(88, 19)",8.215967258264833,False,0.0,41.0
89,Q-Learning,V10,"(89, 24)",3.909102512346987,False,0.0,14.0
90,Greedy,V1,"(8, 27)",15.15473092053482,False,0.0,36.0
90,Greedy,V2,"(52, 27)",2.857486364019179,True,0.9814239699997191,1.0
90,Greedy,V3,"(67, 72)",7.98841934455821,False,0.0,35.0
90,Greedy,V4,"(13, 73)",8.216327246946708,False,0.0,23.0
90,Greedy,V5,"(38, 73)",10.936747773471975,False,0.0,23.0
90,Greedy,V6,"(11, 47)",14.22016477484566,False,0.0,33.0
90,Greedy,V7,"(79, 27)",8.095976624631277,False,0.0,2.0
90,Greedy,V8,"(10, 11)",17.525360126011122,False,0.0,20.0
90,Greedy,V9,"(73, 25)",10.58376016896116,False,0.0,44.0
90,Greedy,V10,"(91, 2)",7.4285575275835924,False,0.0,19.0
90,Auction,V1,"(100, 44)",4.514968676184683,False,0.0,25.0
90,Auction,V2,"(91, 6)",1.1959918693589557,True,1.501461875826152,1.0
90,Auction,V3,"(88, 19)",0.8293666344572372,False,0.0,28.0
90,Auction,V4,"(77, 9)",10.71533006630807,False,0.0,26.0
90,Auction,V5,"(70, 87)",6.557506470934184,False,0.0,19.0
90,Auction,V6,"(23, 70)",10.243266414208364,False,0.0,29.0
90,Auction,V7,"(53, 64)",0.2576494336955868,True,6.171049598406739,1.0
90,Auction,V8,"(82, 5)",4.575978039101869,False,0.0,7.0
90,Auction,V9,"(61, 62)",11.670078071231313,False,0.0,45.0
90,Auction,V10,"(85, 59)",0.2944234214725725,False,0.0,10.0
90,Q-Learning,V1,"(22, 18)",11.56497446045973,False,0.0,32.0
90,Q-Learning,V2,"(62, 90)",6.572724930628652,False,0.0,4.0
90,Q-Learning,V3,"(77, 63)",0.3129846746858469,False,0.0,26.0
90,Q-Learning,V4,"(1, 84)",15.212723315711823,False,0.0,31.0
90,Q-Learning,V5,"(51, 86)",0.7099793225867934,False,0.0,13.0
90,Q-Learning,V6,"(34, 7)",8.551563359586499,False,0.0,28.0
90,Q-Learning,V7,"(82, 5)",2.4083397110302194,True,6.166666666666668,3.0
90,Q-Learning,V8,"(85, 59)",1.420466032837652,False,0.0,4.0
90,Q-Learning,V9,"(88, 19)",8.215967258264833,False,0.0,42.0
90,Q-Learning,V10,"(89, 24)",3.909102512346987,False,0.0,15.0
91,Greedy,V1,"(8, 27)",15.15473092053482,False,0.0,37.0
91,Greedy,V2,"(52, 27)",2.857486364019179,True,0.0,1.0
91,Greedy,V3,"(67, 72)",7.98841934455821,False,0.0,36.0
91,Greedy,V4,"(13, 73)",8.216327246946708,False,0.0,24.0
91,Greedy,V5,"(38, 73)",10.936747773471975,False,0.0,24.0
91,Greedy,V6,"(11, 47)",14.22016477484566,False,0.0,34.0
91,Greedy,V7,"(79, 27)",8.095976624631277,False,0.0,3.0
91,Greedy,V8,"(10, 11)",17.525360126011122,False,0.0,21.0
91,Greedy,V9,"(73, 25)",10.58376016896116,False,0.0,45.0
91,Greedy,V10,"(91, 2)",7.4285575275835924,False,0.0,20.0
91,Auction,V1,"(100, 44)",4.514968676184683,False,0.0,26.0
91,Auction,V2,"(91, 6)",1.1959918693589557,True,0.501461875826152,1.0
91,Auction,V3,"(88, 19)",0.8293666344572372,False,0.0,29.0
91,Auction,V4,"(77, 9)",10.71533006630807,False,0.0,27.0
91,Auction,V5,"(70, 87)",6.557506470934184,False,0.0,20.0
91,Auction,V6,"(23, 70)",10.243266414208364,False,0.0,30.0
91,Auction,V7,"(53, 64)",0.2576494336955868,True,5.171049598406739,1.0
91,Auction,V8,"(82, 5)",4.575978039101869,False,0.0,8.0
91,Auction,V9,"(61, 62)",11.670078071231313,False,0.0,46.0
91,Auction,V10,"(85, 59)",0.2944234214725725,False,0.0,11.0
91,Q-Learning,V1,"(22, 18)",11.56497446045973,False,0.0,33.0
91,Q-Learning,V2,"(62, 90)",6.572724930628652,False,0.0,5.0
91,Q-Learning,V3,"(77, 63)",0.3129846746858469,False,0.0,27.0
91,Q-Learning,V4,"(1, 84)",15.212723315711823,False,0.0,32.0
91,Q-Learning,V5,"(51, 86)",0.7099793225867934,False,0.0,14.0
91,Q-Learning,V6,"(34, 7)",8.551563359586499,False,0.0,29.0
91,Q-Learning,V7,"(82, 5)",2.4083397110302194,True,5.166666666666668,3.0
91,Q-Learning,V8,"(85, 59)",1.420466032837652,False,0.0,5.0
91,Q-Learning,V9,"(88, 19)",8.215967258264833,False,0.0,43.0
91,Q-Learning,V10,"(89, 24)",3.909102512346987,False,0.0,16.0
92,Greedy,V1,"(8, 27)",15.15473092053482,False,0.0,38.0
92,Greedy,V2,"(52, 27)",2.857486364019179,False,0.0,2.0
92,Greedy,V3,"(67, 72)",7.98841934455821,False,0.0,37.0
92,Greedy,V4,"(13, 73)",8.216327246946708,False,0.0,25.0
92,Greedy,V5,"(38, 73)",10.936747773471975,False,0.0,25.0
92,Greedy,V6,"(11, 47)",14.22016477484566,False,0.0,35.0
92,Greedy,V7,"(79, 27)",8.095976624631277,False,0.0,4.0
92,Greedy,V8,"(10, 11)",17.525360126011122,False,0.0,22.0
92,Greedy,V9,"(73, 25)",10.58376016896116,False,0.0,46.0
92,Greedy,V10,"(91, 2)",7.4285575275835924,False,0.0,21.0
92,Auction,V1,"(100, 44)",4.514968676184683,False,0.0,27.0
92,Auction,V2,"(91, 6)",1.1959918693589557,True,0.0,1.0
92,Auction,V3,"(88, 19)",0.8293666344572372,False,0.0,30.0
92,Auction,V4,"(77, 9)",10.71533006630807,False,0.0,28.0
92,Auction,V5,"(70, 87)",6.557506470934184,False,0.0,21.0
92,Auction,V6,"(23, 70)",10.243266414208364,False,0.0,31.0
92,Auction,V7,"(53, 64)",0.2576494336955868,True,4.171049598406739,1.0
92,Auction,V8,"(82, 5)",4.575978039101869,False,0.0,9.0
92,Auction,V9,"(61, 62)",11.670078071231313,False,0.0,47.0
92,Auction,V10,"(85, 59)",0.2944234214725725,False,0.0,12.0
92,Q-Learning,V1,"(22, 18)",11.56497446045973,False,0.0,34.0
92,Q-Learning,V2,"(62, 90)",6.572724930628652,False,0.0,6.0
92,Q-Learning,V3,"(77, 63)",0.3129846746858469,False,0.0,28.0
92,Q-Learning,V4,"(1, 84)",15.212723315711823,False,0.0,33.0
92,Q-Learning,V5,"(51, 86)",0.7099793225867934,False,0.0,15.0
92,Q-Learning,V6,"(34, 7)",8.551563359586499,False,0.0,30.0
92,Q-Learning,V7,"(82, 5)",2.4083397110302194,True,4.166666666666668,3.0
92,Q-Learning,V8,"(85, 59)",1.420466032837652,False,0.0,6.0
92,Q-Learning,V9,"(88, 19)",8.215967258264833,False,0.0,44.0
92,Q-Learning,V10,"(89, 24)",3.909102512346987,False,0.0,17.0
93,Greedy,V1,"(8, 27)",15.15473092053482,False,0.0,39.0
93,Greedy,V2,"(52, 27)",2.857486364019179,False,0.0,3.0
93,Greedy,V3,"(67, 72)",7.98841934455821,False,0.0,38.0
93,Greedy,V4,"(13, 73)",8.216327246946708,False,0.0,26.0
93,Greedy,V5,"(38, 73)",10.936747773471975,False,0.0,26.0
93,Greedy,V6,"(11, 47)",14.22016477484566,False,0.0,36.0
93,Greedy,V7,"(79, 27)",8.095976624631277,False,0.0,5.0
93,Greedy,V8,"(10, 11)",17.525360126011122,False,0.0,23.0
93,Greedy,V9,"(73, 25)",10.58376016896116,False,0.0,47.0
93,Greedy,V10,"(91, 2)",7.4285575275835924,False,0.0,22.0
93,Auction,V1,"(100, 44)",4.514968676184683,False,0.0,28.0
93,Auction,V2,"(91, 6)",1.1959918693589557,False,0.0,2.0
93,Auction,V3,"(88, 19)",0.8293666344572372,False,0.0,31.0
93,Auction,V4,"(77, 9)",10.71533006630807,False,0.0,29.0
93,Auction,V5,"(70, 87)",6.557506470934184,False,0.0,22.0
93,Auction,V6,"(23, 70)",10.243266414208364,False,0.0,32.0
93,Auction,V7,"(53, 64)",0.2576494336955868,True,3.1710495984067393,1.0
93,Auction,V8,"(82, 5)",4.575978039101869,False,0.0,10.0
93,Auction,V9,"(61, 62)",11.670078071231313,False,0.0,48.0
93,Auction,V10,"(85, 59)",0.2944234214725725,False,0.0,13.0
93,Q-Learning,V1,"(22, 18)",11.56497446045973,False,0.0,35.0
93,Q-Learning,V2,"(62, 90)",6.572724930628652,False,0.0,7.0
93,Q-Learning,V3,"(77, 63)",0.3129846746858469,False,0.0,29.0
93,Q-Learning,V4,"(1, 84)",15.212723315711823,False,0.0,34.0
93,Q-Learning,V5,"(51, 86)",0.7099793225867934,False,0.0,16.0
93,Q-Learning,V6,"(34, 7)",8.551563359586499,False,0.0,31.0
93,Q-Learning,V7,"(82, 5)",2.4083397110302194,True,3.166666666666668,3.0
93,Q-Learning,V8,"(85, 59)",1.420466032837652,False,0.0,7.0
93,Q-Learning,V9,"(88, 19)",8.215967258264833,False,0.0,45.0
93,Q-Learning,V10,"(89, 24)",3.909102512346987,False,0.0,18.0
94,Greedy,V1,"(8, 27)",15.15473092053482,False,0.0,40.0
94,Greedy,V2,"(52, 27)",2.857486364019179,False,0.0,4.0
94,Greedy,V3,"(67, 72)",7.98841934455821,False,0.0,39.0
94,Greedy,V4,"(13, 73)",8.216327246946708,False,0.0,27.0
94,Greedy,V5,"(38, 73)",10.936747773471975,False,0.0,27.0
94,Greedy,V6,"(11, 47)",14.22016477484566,False,0.0,37.0
94,Greedy,V7,"(79, 27)",8.095976624631277,False,0.0,6.0
94,Greedy,V8,"(10, 11)",17.525360126011122,False,0.0,24.0
94,Greedy,V9,"(73, 25)",10.58376016896116,False,0.0,48.0
94,Greedy,V10,"(91, 2)",7.4285575275835924,False,0.0,23.0
94,Auction,V1,"(100, 44)",4.514968676184683,False,0.0,29.0
94,Auction,V2,"(91, 6)",1.1959918693589557,False,0.0,3.0
94,Auction,V3,"(88, 19)",0.8293666344572372,False,0.0,32.0
94,Auction,V4,"(77, 9)",10.71533006630807,False,0.0,30.0
94,Auction,V5,"(70, 87)",6.557506470934184,False,0.0,23.0
94,Auction,V6,"(23, 70)",10.243266414208364,False,0.0,33.0
94,Auction,V7,"(53, 64)",0.2576494336955868,True,2.1710495984067393,1.0
94,Auction,V8,"(82, 5)",4.575978039101869,False,0.0,11.0
94,Auction,V9,"(61, 62)",11.670078071231313,False,0.0,49.0
94,Auction,V10,"(85, 59)",0.2944234214725725,False,0.0,14.0
94,Q-Learning,V1,"(22, 18)",11.56497446045973,False,0.0,36.0
94,Q-Learning,V2,"(62, 90)",6.572724930628652,False,0.0,8.0
94,Q-Learning,V3,"(77, 63)",0.3129846746858469,False,0.0,30.0
94,Q-Learning,V4,"(1, 84)",15.212723315711823,False,0.0,35.0
94,Q-Learning,V5,"(51, 86)",0.7099793225867934,False,0.0,17.0
94,Q-Learning,V6,"(34, 7)",8.551563359586499,False,0.0,32.0
94,Q-Learning,V7,"(82, 5)",2.4083397110302194,True,2.166666666666668,3.0
94,Q-Learning,V8,"(85, 59)",1.420466032837652,False,0.0,8.0
94,Q-Learning,V9,"(88, 19)",8.215967258264833,False,0.0,46.0
94,Q-Learning,V10,"(89, 24)",3.909102512346987,False,0.0,19.0
95,Greedy,V1,"(8, 27)",15.15473092053482,False,0.0,41.0
95,Greedy,V2,"(52, 27)",2.857486364019179,False,0.0,5.0
95,Greedy,V3,"(67, 72)",7.98841934455821,False,0.0,40.0
95,Greedy,V4,"(13, 73)",8.216327246946708,False,0.0,28.0
95,Greedy,V5,"(38, 73)",10.936747773471975,False,0.0,28.0
95,Greedy,V6,"(11, 47)",14.22016477484566,False,0.0,38.0
95,Greedy,V7,"(79, 27)",8.095976624631277,False,0.0,7.0
95,Greedy,V8,"(10, 11)",17.525360126011122,False,0.0,25.0
95,Greedy,V9,"(73, 25)",10.58376016896116,False,0.0,49.0
95,Greedy,V10,"(91, 2)",7.4285575275835924,False,0.0,24.0
95,Auction,V1,"(100, 44)",4.514968676184683,False,0.0,30.0
95,Auction,V2,"(91, 6)",1.1959918693589557,False,0.0,4.0
95,Auction,V3,"(88, 19)",0.8293666344572372,False,0.0,33.0
95,Auction,V4,"(77, 9)",10.71533006630807,False,0.0,31.0
95,Auction,V5,"(70, 87)",6.557506470934184,False,0.0,24.0
95,Auction,V6,"(23, 70)",10.243266414208364,False,0.0,34.0
95,Auction,V7,"(53, 64)",0.2576494336955868,True,1.1710495984067393,1.0
95,Auction,V8,"(82, 5)",4.575978039101869,False,0.0,12.0
95,Auction,V9,"(61, 62)",11.670078071231313,False,0.0,50.0
95,Auction,V10,"(85, 59)",0.2944234214725725,False,0.0,15.0
95,Q-Learning,V1,"(22, 18)",11.56497446045973,False,0.0,37.0
95,Q-Learning,V2,"(62, 90)",6.572724930628652,False,0.0,9.0
95,Q-Learning,V3,"(77, 63)",0.3129846746858469,False,0.0,31.0
95,Q-Learning,V4,"(1, 84)",15.212723315711823,False,0.0,36.0
95,Q-Learning,V5,"(51, 86)",0.7099793225867934,False,0.0,18.0
95,Q-Learning,V6,"(34, 7)",8.551563359586499,False,0.0,33.0
95,Q-Learning,V7,"(82, 5)",2.4083397110302194,True,1.1666666666666679,3.0
95,Q-Learning,V8,"(85, 59)",1.420466032837652,False,0.0,9.0
95,Q-Learning,V9,"(88, 19)",8.215967258264833,False,0.0,47.0
95,Q-Learning,V10,"(89, 24)",3.909102512346987,False,0.0,20.0
96,Greedy,V1,"(8, 27)",15.15473092053482,False,0.0,42.0
96,Greedy,V2,"(52, 27)",2.857486364019179,False,0.0,6.0
96,Greedy,V3,"(67, 72)",7.98841934455821,False,0.0,41.0
96,Greedy,V4,"(13, 73)",8.216327246946708,False,0.0,29.0
96,Greedy,V5,"(38, 73)",10.936747773471975,False,0.0,29.0
96,Greedy,V6,"(11, 47)",14.22016477484566,False,0.0,39.0
96,Greedy,V7,"(79, 27)",8.095976624631277,False,0.0,8.0
96,Greedy,V8,"(10, 11)",17.525360126011122,False,0.0,26.0
96,Greedy,V9,"(73, 25)",10.58376016896116,False,0.0,50.0
96,Greedy,V10,"(91, 2)",7.4285575275835924,False,0.0,25.0
96,Auction,V1,"(100, 44)",4.514968676184683,False,0.0,31.0
96,Auction,V2,"(91, 6)",1.1959918693589557,False,0.0,5.0
96,Auction,V3,"(88, 19)",0.8293666344572372,False,0.0,34.0
96,Auction,V4,"(77, 9)",10.71533006630807,False,0.0,32.0
96,Auction,V5,"(70, 87)",6.557506470934184,False,0.0,25.0
96,Auction,V6,"(23, 70)",10.243266414208364,False,0.0,35.0
96,Auction,V7,"(53, 64)",0.2576494336955868,True,0.17104959840673928,1.0
96,Auction,V8,"(82, 5)",4.575978039101869,False,0.0,13.0
96,Auction,V9,"(61, 62)",11.670078071231313,False,0.0,51.0
96,Auction,V10,"(85, 59)",0.2944234214725725,False,0.0,16.0
96,Q-Learning,V1,"(22, 18)",11.56497446045973,False,0.0,38.0
96,Q-Learning,V2,"(62, 90)",6.572724930628652,False,0.0,10.0
96,Q-Learning,V3,"(77, 63)",0.3129846746858469,False,0.0,32.0
96,Q-Learning,V4,"(1, 84)",15.212723315711823,False,0.0,37.0
96,Q-Learning,V5,"(51, 86)",0.7099793225867934,False,0.0,19.0
96,Q-Learning,V6,"(34, 7)",8.551563359586499,False,0.0,34.0
96,Q-Learning,V7,"(82, 5)",2.4083397110302194,True,0.16666666666666785,3.0
96,Q-Learning,V8,"(85, 59)",1.420466032837652,False,0.0,10.0
96,Q-Learning,V9,"(88, 19)",8.215967258264833,False,0.0,48.0
96,Q-Learning,V10,"(89, 24)",3.909102512346987,False,0.0,21.0
97,Greedy,V1,"(8, 27)",15.15473092053482,False,0.0,43.0
97,Greedy,V2,"(52, 27)",2.857486364019179,False,0.0,7.0
97,Greedy,V3,"(67, 72)",7.98841934455821,False,0.0,42.0
97,Greedy,V4,"(13, 73)",8.216327246946708,False,0.0,30.0
97,Greedy,V5,"(38, 73)",10.936747773471975,False,0.0,30.0
97,Greedy,V6,"(11, 47)",14.22016477484566,False,0.0,40.0
97,Greedy,V7,"(79, 27)",8.095976624631277,False,0.0,9.0
97,Greedy,V8,"(10, 11)",17.525360126011122,False,0.0,27.0
97,Greedy,V9,"(73, 25)",10.58376016896116,False,0.0,51.0
97,Greedy,V10,"(91, 2)",7.4285575275835924,False,0.0,26.0
97,Auction,V1,"(100, 44)",4.514968676184683,False,0.0,32.0
97,Auction,V2,"(91, 6)",1.1959918693589557,False,0.0,6.0
97,Auction,V3,"(88, 19)",0.8293666344572372,False,0.0,35.0
97,Auction,V4,"(77, 9)",10.71533006630807,False,0.0,33.0
97,Auction,V5,"(70, 87)",6.557506470934184,False,0.0,26.0
97,Auction,V6,"(23, 70)",10.243266414208364,False,0.0,36.0
97,Auction,V7,"(53, 64)",0.2576494336955868,True,0.0,1.0
97,Auction,V8,"(82, 5)",4.575978039101869,False,0.0,14.0
97,Auction,V9,"(61, 62)",11.670078071231313,False,0.0,52.0
97,Auction,V10,"(85, 59)",0.2944234214725725,False,0.0,17.0
97,Q-Learning,V1,"(22, 18)",11.56497446045973,False,0.0,39.0
97,Q-Learning,V2,"(62, 90)",6.572724930628652,False,0.0,11.0
97,Q-Learning,V3,"(77, 63)",0.3129846746858469,False,0.0,33.0
97,Q-Learning,V4,"(1, 84)",15.212723315711823,False,0.0,38.0
97,Q-Learning,V5,"(51, 86)",0.7099793225867934,False,0.0,20.0
97,Q-Learning,V6,"(34, 7)",8.551563359586499,False,0.0,35.0
97,Q-Learning,V7,"(82, 5)",2.4083397110302194,True,0.0,3.0
97,Q-Learning,V8,"(85, 59)",1.420466032837652,False,0.0,11.0
97,Q-Learning,V9,"(88, 19)",8.215967258264833,False,0.0,49.0
97,Q-Learning,V10,"(89, 24)",3.909102512346987,False,0.0,22.0
98,Greedy,V1,"(8, 27)",15.15473092053482,False,0.0,44.0
98,Greedy,V2,"(52, 27)",2.857486364019179,False,0.0,8.0
98,Greedy,V3,"(67, 72)",7.98841934455821,False,0.0,43.0
98,Greedy,V4,"(13, 73)",8.216327246946708,False,0.0,31.0
98,Greedy,V5,"(38, 73)",10.936747773471975,False,0.0,31.0
98,Greedy,V6,"(11, 47)",14.22016477484566,False,0.0,41.0
98,Greedy,V7,"(79, 27)",8.095976624631277,False,0.0,10.0
98,Greedy,V8,"(10, 11)",17.525360126011122,False,0.0,28.0
98,Greedy,V9,"(73, 25)",10.58376016896116,False,0.0,52.0
98,Greedy,V10,"(91, 2)",7.4285575275835924,False,0.0,27.0
98,Auction,V1,"(100, 44)",4.514968676184683,False,0.0,33.0
98,Auction,V2,"(91, 6)",1.1959918693589557,False,0.0,7.0
98,Auction,V3,"(88, 19)",0.8293666344572372,False,0.0,36.0
98,Auction,V4,"(77, 9)",10.71533006630807,False,0.0,34.0
98,Auction,V5,"(70, 87)",6.557506470934184,False,0.0,27.0
98,Auction,V6,"(23, 70)",10.243266414208364,False,0.0,37.0
98,Auction,V7,"(53, 64)",0.2576494336955868,False,0.0,2.0
98,Auction,V8,"(82, 5)",4.575978039101869,False,0.0,15.0
98,Auction,V9,"(61, 62)",11.670078071231313,False,0.0,53.0
98,Auction,V10,"(85, 59)",0.2944234214725725,False,0.0,18.0
98,Q-Learning,V1,"(22, 18)",11.56497446045973,False,0.0,40.0
98,Q-Learning,V2,"(62, 90)",6.572724930628652,False,0.0,12.0
98,Q-Learning,V3,"(77, 63)",0.3129846746858469,False,0.0,34.0
98,Q-Learning,V4,"(1, 84)",15.212723315711823,False,0.0,39.0
98,Q-Learning,V5,"(51, 86)",0.7099793225867934,False,0.0,21.0
98,Q-Learning,V6,"(34, 7)",8.551563359586499,False,0.0,36.0
98,Q-Learning,V7,"(82, 5)",2.4083397110302194,False,0.0,4.0
98,Q-Learning,V8,"(85, 59)",1.420466032837652,False,0.0,12.0
98,Q-Learning,V9,"(88, 19)",8.215967258264833,False,0.0,50.0
98,Q-Learning,V10,"(89, 24)",3.909102512346987,False,0.0,23.0
99,Greedy,V1,"(8, 27)",15.15473092053482,False,0.0,45.0
99,Greedy,V2,"(52, 27)",2.857486364019179,False,0.0,9.0
99,Greedy,V3,"(67, 72)",7.98841934455821,False,0.0,44.0
99,Greedy,V4,"(13, 73)",8.216327246946708,False,0.0,32.0
99,Greedy,V5,"(38, 73)",10.936747773471975,False,0.0,32.0
99,Greedy,V6,"(11, 47)",14.22016477484566,False,0.0,42.0
99,Greedy,V7,"(79, 27)",8.095976624631277,False,0.0,11.0
99,Greedy,V8,"(10, 11)",17.525360126011122,False,0.0,29.0
99,Greedy,V9,"(73, 25)",10.58376016896116,False,0.0,53.0
99,Greedy,V10,"(91, 2)",7.4285575275835924,False,0.0,28.0
99,Auction,V1,"(100, 44)",4.514968676184683,False,0.0,34.0
99,Auction,V2,"(91, 6)",1.1959918693589557,False,0.0,8.0
99,Auction,V3,"(88, 19)",0.8293666344572372,False,0.0,37.0
99,Auction,V4,"(77, 9)",10.71533006630807,False,0.0,35.0
99,Auction,V5,"(70, 87)",6.557506470934184,False,0.0,28.0
99,Auction,V6,"(23, 70)",10.243266414208364,False,0.0,38.0
99,Auction,V7,"(53, 64)",0.2576494336955868,False,0.0,3.0
99,Auction,V8,"(82, 5)",4.575978039101869,False,0.0,16.0
99,Auction,V9,"(61, 62)",11.670078071231313,False,0.0,54.0
99,Auction,V10,"(85, 59)",0.2944234214725725,False,0.0,19.0
99,Q-Learning,V1,"(22, 18)",11.56497446045973,False,0.0,41.0
99,Q-Learning,V2,"(62, 90)",6.572724930628652,False,0.0,13.0
99,Q-Learning,V3,"(77, 63)",0.3129846746858469,False,0.0,35.0
99,Q-Learning,V4,"(1, 84)",15.212723315711823,False,0.0,40.0
99,Q-Learning,V5,"(51, 86)",0.7099793225867934,False,0.0,22.0
99,Q-Learning,V6,"(34, 7)",8.551563359586499,False,0.0,37.0
99,Q-Learning,V7,"(82, 5)",2.4083397110302194,False,0.0,5.0
99,Q-Learning,V8,"(85, 59)",1.420466032837652,False,0.0,13.0
99,Q-Learning,V9,"(88, 19)",8.215967258264833,False,0.0,51.0
99,Q-Learning,V10,"(89, 24)",3.909102512346987,False,0.0,24.0
